replaySize:512
47
50.767519755217876
53.207575938949894
55.09237958329274
56.12307860576277
58.146829271072626
60.71886621023061
61.21841890129074
61.04013275460223
62.2855253452438
63.19736319753604
63.4216136394712
64.54094240348765
65.03261550879243
67.05070927913268
66.66847607921362
67.72457714611248
67.3560582766955
69.58854322027604
69.44658671743794
71.05597342112254
72.20614903085384
70.56833903997065
72.06265578015321
70.77396048306753
70.62552499027335
71.23105479832834
73.03082063925334
74.12836399894387
73.40766243998249
77.04484655891515
76.64058350185776
78.12144111178938
77.02213865687476
77.94247985934506
79.07332815890331
78.19229505108042
81.26929152578265
80.43435496770984
80.51480266277905
78.66404871752094
77.76998370921692
80.33950567504627
78.88958074254748
82.14840267269557
81.1894758834244
80.99220344327287
79.40263458114163
83.43878945321292
81.96373056810323
82.25633039898685
82.66278049418942
84.11621576550088
85.81011932424053
88.58469931479263
88.60070071837164
89.1825583276344
88.71789323538424
88.87705423742514
91.77710320519199
90.4440195782008
87.53871717395094
88.20629221056758
92.18062552700876
94.57350260979528
94.00535902606107
95.48890067701922
97.24636540500155
96.05160752701075
100.49576602905738
100.85352572528197
106.98651351864206
105.98586045488337
103.93369168704247
105.9253096878092
102.46358136855048
104.4964157220756
101.46539756603002
99.98442235841046
99.09687509697132
99.5138386393883
98.55952067584606
98.52562826676613
97.73281530315046
100.68489273509725
98.65274749577554
98.02331713619786
99.51507080820048
97.66140701706817
96.75544581791489
94.42698315131408
94.46079576490125
93.82835152011467
96.63595167612351
95.54974829819207
96.4287378207202
98.77473667607615
98.07903432488298
98.9994480337181
101.13726613917379
101.22079471769918
99.77825938449949
101.22329118811648
100.85374413056941
100.35767461928438
98.83109914116989
97.27440112138206
95.045865530457
98.22532631138118
100.41204905686295
104.74619696536072
111.54851448746702
109.38746775130066
106.93007848515975
105.06866504536826
105.47807868032983
105.27043596521392
108.99567013333933
104.87805771800099
104.51881827225294
103.5208880803263
100.5548160157986
100.35253491760467
101.62089584040632
100.57711363915121
100.72975564321005
97.73755944174717
96.87250817825439
96.89581068809326
95.24300793753133
95.58100512136333
93.21195569010166
92.61979331761198
92.32191173886288
99.89353884179222
98.3374581859455
99.57870135203646
101.31853433204249
100.04274433985417
97.22880444875572
98.7964984416547
99.03152881726959
99.20159812760109
99.46620998111896
100.53769691602268
101.55417316408199
100.73181432239689
99.87735022909116
99.7861552708729
99.63786875297085
100.77093356125617
100.98565964567797
100.2470855579944
100.11784512338964
99.94924045585958
99.54526928584525
100.17968081853142
99.07725211819715
99.3214609103396
97.46104698416342
100.06435133520725
99.35446279363502
97.94573883582245
98.54041633251398
99.45811686168584
100.36210401158426
96.8773998539701
95.36565684959227
97.45365878664549
97.45390115264111
97.89731479711986
98.91549079569823
96.76116619348113
96.81440785270294
100.24100775534833
101.48128679617871
103.97206052642885
102.29091747346025
99.80257842993133
99.89920390917801
99.06778790001664
98.01204585265693
105.17799188044738
106.92725075000325
106.9788350963108
105.67992024843157
109.72816884924647
107.69552885718808
104.85201965778165
105.31150259416782
103.26571980561997
104.0625026722781
102.40896684100301
102.21383360044477
102.5282777015009
102.57528412935389
100.94374566963234
98.990796871587
97.49140341623077
96.65330354299942
96.00364948563896
98.8666466645992
97.52572344402549
100.05028683120072
101.24462753460386
99.95067819531924
100.09130358351345
98.41238104044992
98.46895548237654
97.1614277938697
97.55658185601872
98.09051190539208
105.25547792424832
104.37676572800787
106.64745871304144
104.6189098862398
102.68788214304996
101.35689970173479
99.96938017077076
100.35276469957459
101.24845009514841
100.86884977628279
98.50565108203023
97.1721507086073
97.85678272562046
96.15802603164872
97.05382655136468
97.04414994867399
96.43161471718194
96.33287192298037
97.80167650167367
95.44802702289493
96.53197984222214
93.44630258803781
96.93651542429915
94.4795659710613
93.83225335762846
95.38165865725128
95.79249902802624
97.188731039633
95.83061501198601
99.17086627143405
99.71839887220978
98.97579359327968
97.908157858126
96.92819034215945
97.93969474948597
97.65360623899036
99.27747728254968
97.41032923408645
97.20047930473746
96.62956456047691
97.26092633609571
95.55762717570948
95.42030119899098
99.02139826479558
96.86675619297813
96.52171250381923
99.61821888704901
100.31979026904206
99.47047598051459
98.23477448139356
99.90609768278395
99.04373931872696
97.93027029604974
99.11304588878862
98.98568153192575
98.30848961140046
98.8825722358748
99.07243279406376
99.86929058835469
99.19518506442856
100.1186163938699
99.54875024434223
98.86562234811457
98.08583454475497
97.93910805092874
100.87109590868496
106.18881487800022
110.52187036703006
111.63288305524176
111.55504693124595
109.67520548181801
106.34398497615585
102.89170771380151
100.25411959858288
98.5297622550484
97.91391304260002
104.57792770362414
102.99526595114703
102.54582786467691
104.16335519296325
103.05123050536658
102.14135397170766
101.38258250540436
103.2265794796511
102.73212542681114
102.03771942168412
103.31536422247791
107.28153535953797
106.5136165370721
106.46178486022285
108.3273281571724
107.6267784433375
106.3333924459975
109.3643512327164
109.66713025742652
106.67140881338028
105.04326563155067
107.115718471357
106.09420105155866
105.66949435528956
104.76633471862529
101.72019490488637
101.77252609734795
98.78237557614058
100.00128519424277
98.03903139606984
102.42040864248396
100.59410533726485
103.6339365595786
102.40981824104043
100.14742523253722
101.6341373066843
102.40871584706765
102.50466381325613
101.56893425034802
104.19065109522866
102.51536076775032
102.00418125715062
102.02050233803283
101.30893640447795
99.17744750837747
98.46507022923097
98.1208143297318
98.36055589972165
96.44036120695812
95.30277177688014
98.5614919898412
104.1295666731309
106.68076134633407
102.22611245578844
100.98645678183404
101.89801050713088
103.12035196649835
101.28946957225749
99.84750599711421
100.77745876690041
98.13624574552543
97.60332199802323
97.49438216664065
100.69313378268372
98.38175366677545
98.4970064500611
96.97774792155306
94.716078805147
92.97398676688283
92.43777630868067
90.65714683125553
91.15907094330278
97.40656696614506
95.54745531102547
99.27620081900895
97.57337616044312
94.74476500554843
93.48080676314554
91.87519552040096
91.13960104493454
91.15073854186494
91.97202017889431
91.53055970729469
90.68548584419068
87.91844920382371
90.5958887612288
93.16697575851238
92.92521226729762
91.3437993686451
92.89401854796999
94.06218991930146
93.19342148397757
92.50065018682758
92.36574193495962
92.86558251179554
93.49226075775717
93.7241740189234
94.42040254370787
97.39396373142581
99.48619548454496
99.68680955456337
101.21310342923223
100.13791292269512
103.50932715720688
102.76392382031257
101.26676758830871
101.91930536306533
103.98226337333314
102.67330625120448
100.09096810450124
99.87842450565678
99.58189425875389
99.27396619557676
101.5966299297535
100.92511889157132
99.18101714160407
102.0740216125511
104.4069883187578
104.64815975190709
103.47173567616814
102.30242947930584
99.50503853838362
95.97749249729124
96.71687156122398
98.6279844268372
99.04959625428305
97.4447195893911
95.26688337814947
97.31424988463775
101.3375686163071
100.56926412010446
100.96847374229026
100.35211247588933
97.37826033873115
99.45703395805977
100.17927228967939
103.15582510057999
102.39485248825224
102.58383012926699
104.55308653640834
103.1915970468783
106.39366452627446
105.3361585350858
104.60903413475731
102.07241516880143
100.6707181648531
102.48418179109294
103.23018535768762
103.42685586824749
102.18059562056109
102.31420713718748
99.65725489814525
98.02504765002362
99.93994356971483
99.74101919554568
98.22906375730263
96.52101308203858
97.04717224872238
102.78535473511013
104.47133519219973
104.49316865648278
104.30368993718204
100.25142998460078
97.88345759828414
96.09233837497172
95.11879603328637
93.51322513352774
96.5922686986299
96.96122435139196
98.56409983407094
98.55632171103333
99.32626435623568
98.67398800867078
97.72927412046478
95.95018506227696
96.23905552020766
102.05307237238539
102.23150979204644
104.21779913423791
102.40705935300649
100.69263457641811
99.96505615004175
98.32584384867195
93.42506933279734
92.53177633443626
91.51855975831121
94.20268592010437
96.75665940506433
97.35988152807481
95.9806281467703
99.92266245135446
104.28931396566651
104.41028361136642
105.03591028169151
106.64856631733304
103.12562303992833
104.27342621326854
104.05623994341256
102.11418414563659
102.4769594280363
101.5418742799171
102.07367155351191
105.49726849791654
104.29689145100461
102.07192871921775
102.3061948682675
99.43503428683093
100.41518794939283
99.1995956058104
103.89715101235879
104.07194714408489
103.80566139646304
102.61867922892866
101.05824527835392
100.93167589940154
98.91495242638354
98.10173791877591
99.09772009715984
100.06201660299566
102.45352000808494
101.63577662862134
99.66162625130873
101.63146831444529
102.71419084189512
104.40163906607907
102.32728713584375
100.01224748227249
99.08719668100319
99.22745128992959
98.15890708897777
99.88489418230469
99.96923179341097
100.197068399417
103.28999691945674
102.76724380819546
108.49785541283472
108.85087249472942
112.54924225367778
111.38779646338966
114.50075075941128
112.44966913820643
109.2852111999523
108.76086121991179
108.21497331951537
106.66532240863808
107.14951595820521
108.641495866117
109.07162066698943
108.22959595597517
107.18759114965401
105.0814243390919
105.0764560170403
103.5284613667711
103.57684070143388
103.26612209758358
105.49666338668494
106.0981773339457
103.51722887476404
103.28196761208505
104.57160537253036
107.38006013882529
109.54136884971798
108.32364426488567
104.68203944904471
104.3736500966747
103.27658231355677
103.7282943587452
103.29236564323696
102.62679871872272
108.99043082785083
111.92811402537963
112.23104333828898
112.40196420705858
110.01053927822136
108.53762716768878
113.49100343908138
111.30729411238471
110.01244899182912
107.72887742854616
106.14018186701837
108.3368331808598
105.50794122084369
105.29400832844381
103.13400238135885
103.88565554222892
106.11545363769183
103.30302355687436
103.77186276140986
102.40650510623159
105.00422568023781
104.42344280288444
102.98753483920544
108.88056083903214
109.72081018344537
112.91858387793313
112.49140757752441
113.42014904349976
114.21139509280725
111.11013528875995
109.49875301234094
107.3031077885242
105.96682013982186
105.42959352104928
103.70848069198256
106.20453087509975
102.31987254280807
101.38757888285204
104.18941236304212
106.57245585867045
108.94249318282873
108.91722706805541
108.20157962856244
107.61488984976015
106.15639946923737
104.4486003846575
104.55783728192164
105.49931038247496
108.04747428352256
106.02051878041438
107.31356855385103
106.00100034208994
105.90221469061105
105.78069892038025
107.17903256830193
107.3240869290604
106.9971189301148
104.68042103585626
103.86278844893168
102.37417517292991
102.57586261306425
103.39479713339182
103.04693089646473
103.80900360777996
104.51453692764798
104.11509356188436
107.13261283629895
107.45947453711416
112.23506887178918
110.42160008847866
109.80989435592008
107.07260997388539
106.86462189177746
103.6910339889507
107.20450116273634
109.65366033313522
109.80629565529492
111.02600561084039
110.26505103555338
108.42943907404782
107.06590744567868
108.86043536170426
107.28069566957457
104.52460191032378
102.93339504606247
102.76527065306222
100.92224742505779
102.7578788956148
103.55966746758004
105.82553246412083
107.97226056561927
108.82309966536218
105.48484605743673
106.7043608267979
104.59297008367287
105.61551444675128
104.98591696003332
103.52147411564735
101.80693490865194
103.44976038688472
104.55720628452792
104.81338143873764
102.74684619736324
103.37811295613933
103.16832919504739
101.63584539853834
103.04391003307246
103.56040138236958
102.1140696264429
104.94619455311708
104.70811330603878
104.1770381165563
100.64433560845302
103.39081705061812
104.92834977161912
104.46145675088377
105.6431071716333
104.64171391124589
108.56973940545123
106.83923460268235
108.43251747316899
111.6750670523329
111.98957741206813
109.74308678048463
110.82395019889942
106.73370159707397
106.62679076944976
104.28370888503979
104.57462713110006
103.16844385402133
103.67563219653186
105.96472131243709
103.60936235356971
103.1243161307638
101.41572014906907
103.55917488839603
105.52489151549585
109.2352973677169
111.1924758278327
109.83880539249557
110.23157529912064
111.55968276150962
111.23791420972758
108.0128928636613
106.87119738923245
107.59838433237543
106.56151849990593
104.34414537246387
105.9762982103328
106.58998309341867
104.825815326846
105.21632020531612
107.1694820918689
104.20673788845362
105.37269948075006
104.95903845046716
103.26849670764919
104.2015454290424
103.35323898640296
103.24375224427571
105.25784676294079
107.29503322730768
103.6133282852491
102.24050087631359
101.70837013882142
106.8102588490867
107.39104968951676
109.86262659873678
106.94809813912785
108.49121391242971
111.45842843027144
111.15043384185452
108.77587451085965
106.21660542275421
109.38268840333586
110.94872261442644
109.76890201339384
112.11955829684575
112.76483915998085
110.49919630071768
108.32281468478902
109.14844531056686
108.31326310953071
109.38781450616997
113.23458905116622
119.31345121050711
117.68883086549455
115.5038955104549
114.66937048309161
112.3661340481444
111.40272171989862
112.37592261781433
110.99039296377187
111.39015006567803
111.62115159999222
108.6401482165667
111.21150392268406
107.9948520618244
105.71964627470713
105.65812128403039
104.23727494985266
105.60307251817815
104.0643183884818
105.58485282217029
104.52058137443987
105.5839217656287
108.5378272051324
107.44984662995864
106.95118229733579
107.32073872073909
113.70575517967967
114.24854808922501
112.70867420339977
110.82592863907168
109.29478694344067
106.96916957460127
109.08083958618836
111.37883161393286
109.57759548376798
110.13391689153343
107.28108492447024
103.47301142609348
103.66664796946708
104.04371893540569
104.79924359973779
104.73174946624628
103.88477319666531
103.76108830788944
103.67454819149587
103.58742276229206
103.01324963231943
102.16288582619202
104.20182832314437
104.23692356098007
105.63585818879582
106.05402655689751
105.52810960497958
103.80871098196118
104.79590269381116
103.54765164305536
104.64117397204345
107.98735818954478
108.98062135341499
110.33708687237669
110.36469862667134
111.15392400124375
108.82319578737415
109.10058813962173
109.5815229336146
112.23628059291647
113.58434881792178
113.88509220868701
113.9593392900141
114.91045767345669
117.47919322779993
114.34253894438315
111.93911970032647
114.62242949036046
118.32062466365939
115.00783939353069
111.55291086388412
107.91538196881845
106.60503671564844
106.94787388995913
106.70278169573183
107.02206528565155
107.92936751992498
105.2853543150644
104.27039274070341
104.94208594129387
101.65757740452761
101.74133358375222
100.72105824998583
97.88703466617633
97.55970635007851
96.79375064782982
99.6642103365659
97.93732167787903
99.624830872664
99.65865898747755
99.41350618147895
98.16147046242084
97.39153577166654
94.73128568530073
95.24561374591354
94.49455110545468
93.55069606662964
92.3506346643683
92.0929706726611
91.07157500897947
90.41939808907587
90.33185079730923
90.58264250969717
92.9357482250492
95.08533276144773
95.9620538010388
97.07914466939444
98.06142151183259
97.22362360988863
97.90521721757348
95.24653281628227
95.83040574755509
94.30147040959865
92.2957287252926
90.42669136008388
94.5739831439145
96.01094643738786
97.13135377634066
98.95642633532168
96.81342914025906
97.0668280421173
96.20052525543856
97.97654747911861
98.48181340383405
99.16877855584393
100.47612928048477
100.03450280991069
101.0469347439851
100.07454097591103
102.95425597820716
102.88769312991793
102.74337602461183
101.71348747796867
101.52295738491772
102.06981210137641
100.65032541412816
98.67945572218925
97.75622301367325
98.16092943514572
96.49160732415812
97.1335087950346
96.6230734140478
98.01272583757425
98.17378192932861
100.6030571302481
101.42428930763371
103.24828588209692
103.9942057014515
101.8200465816162
99.17998077978132
99.8034778214743
103.32306263825687
100.77633881527447
101.41753195783221
102.6563366085031
103.09879395468462
102.12804395661097
102.16412422534243
106.23557464887726
112.23614280812296
114.79620741249755
116.9256114558
115.1315505257485
113.30613712334055
111.51780064930844
111.23915165589206
109.31229087927554
107.04230401047029
106.92651233642506
102.85395301776613
99.78392206972295
100.14355030314624
98.944096200807
97.8523366431137
97.67178088963284
97.1338269829118
96.76588536599587
99.7479879367484
103.63498592658398
105.89311831483175
104.40386172885746
100.548119122244
99.88579811247452
100.61389595004017
100.05392891684956
99.59948463372945
101.35005461230088
104.18271713510286
103.9614034935094
100.61632553191949
98.08804488765243
100.90219072698899
99.22839722613132
103.46105620902212
103.15330020630543
104.3691830601358
104.64230127311582
107.90873651254178
106.75478287348636
109.33886524035519
105.13765659676017
102.63008057759347
107.86743597351492
107.94807501591193
106.50616025780604
105.46107933777627
106.2812848883424
104.46397244868913
105.47686882299139
108.84316356302459
112.24154166874808
111.79855215010691
108.19850079095893
108.61285869879747
109.5502169343478
109.8965594092601
112.36070429405024
111.72436725736229
112.86966646913002
115.22228821165926
114.90998695483404
115.64256076720851
113.73334214663124
119.05867481344873
116.80595560209863
117.95008295273176
118.83679359436452
115.77909999928995
120.34837733881298
121.29169662579825
118.85071448298469
116.90788914229282
116.43016881544789
114.90653759395211
112.83355386338745
115.32051468125934
113.8472887981559
114.00327748500922
116.64757831402167
119.50726139180236
118.55006724615424
116.69659962057459
116.08021963126852
116.76446833215802
118.18040831360726
113.84254419866632
114.92973434763861
114.52268916418859
115.87386194477314
115.00356313473063
114.89689013944167
115.50281527792363
115.72414209842316
116.39469612756126
118.01953758445892
115.72104867529437
114.54603348283601
112.09268246455922
109.64936057999772
110.35764769570237
110.95042866388717
111.5643602260546
110.00124225295752
111.7727135218491
110.88392415966214
109.47908970342841
106.79577181158369
106.13779200283612
109.46728918513567
107.14678038872694
108.70543568955758
106.34156791150359
105.78122102724855
103.11153932662688
101.93734378372291
102.68680295199363
102.81990190525624
107.26575357803448
108.77042717073621
111.44368185058285
113.29129685413248
116.81348651667795
119.26303418878467
117.81107077744477
115.46107545437391
114.10447274671854
113.80826675784547
111.44848374580178
110.32239665699007
111.06306423688099
109.67231967145472
108.87616107924227
107.15615746206574
107.8991427835283
107.10436059152087
105.75550479569834
104.04920249409557
105.61983835247281
107.07503291227977
105.63604338444223
105.42056231264628
103.22707468086479
102.78609241411448
104.36152544839118
103.56764984335845
103.46469648862522
104.20688922476216
102.93416274280955
102.21416484416442
101.43765680915705
103.6868911219611
103.43843927212995
107.70901371736295
107.99119415834427
109.55177206826744
111.16256974870844
110.58775862024507
108.3549133784432
109.49559573440642
110.42594840966376
107.85096454967787
107.71387991027753
108.58704823600159
106.20946303358366
104.45078290719967
103.17807080548206
102.05554889888182
99.17567880276333
95.66482816551346
93.2136721759532
98.3648628121625
96.86259741100103
97.59585639658779
97.75253619693386
102.24941074918641
101.67880386253853
100.84747477148034
103.59861068570721
104.81397221235382
105.55892318254189
103.28961444072004
104.54879946223912
104.94039595151041
103.65692228803512
102.72175818064092
104.3996272375
110.40306486458458
111.97325901848664
109.72769786749917
105.8587361376653
106.11778481433163
108.05923632908132
105.1501607233742
107.83125556255204
107.49375012269203
106.1565814346883
105.58231885181486
106.24170840280405
107.68894920886868
107.68282245405558
105.86785264520923
104.7151881070192
104.27785783955689
108.09842204822826
110.38765073472965
113.11172451074482
110.86234862383391
106.91098419361045
104.69183650250815
106.86646375098013
105.89670350956933
104.78164658582439
108.93235908616076
107.58365107768081
104.63490020969164
102.1304562119798
102.11523432800489
101.25160826975048
100.51639135582846
101.21647834510989
101.69248386236637
108.58225283316742
108.36801886340474
109.06561718416474
106.8225404446203
108.15792556834289
109.97599885704187
110.02203641483855
109.2782718927295
108.52876338586871
111.0959045096928
110.29139096190595
111.89303943236061
111.08106753954124
110.40940980601405
108.71349990741143
108.52885971265995
112.90063201136861
112.14934398121464
110.1598837578628
106.33807060728893
104.8236874799919
105.89171998112299
103.12434566764865
103.10536871870468
99.5504473143734
100.0782154762174
100.80071775439932
103.47720880693821
103.96672754704068
107.74827898631932
107.28901257774757
105.37232566332891
100.77690129592062
101.3246108742902
98.35038220312315
100.86607654339704
101.74921097492968
103.63983477358664
105.45699977875364
102.25555959456116
100.94450215867579
101.04996952472348
101.04491224389706
103.17237446834896
102.34672119258559
101.78080786652166
100.58632202306735
100.69067271528141
102.30454068753835
102.23512080711295
101.67533929703505
102.52927847099943
104.16161571090505
103.96760328399398
105.77601374189845
104.49305303271187
101.24402916924804
101.93716478186944
101.5957405059376
106.29521349495342
106.02024628844437
105.2458251305547
106.25625565600916
104.9233155461322
104.92696380339439
104.89297627523864
102.43637152927373
102.10569611913098
102.95430522840664
104.04617806528552
104.9457184473521
103.92267805303408
102.95050913312261
101.44052751165647
102.89918981340216
101.88290739744154
101.52142500480514
102.51151089000156
99.44539049393778
96.25016848236511
96.51696597030804
98.25254283054352
100.1485689014143
101.83391345036951
102.79932816854831
103.9265787495643
103.52274254434383
105.5231241150417
103.38939547805876
103.11132169460058
102.1636337583947
106.86527426239631
108.21691687958837
108.37082167852165
106.16091165529747
105.80429605519798
108.33565975242638
106.61929008329
106.16999514739265
107.16430542240829
109.75474255313671
106.52680730841693
105.9407107491784
103.35141434160761
101.92609705987824
101.17550524525633
105.56251600389903
106.06369005456133
105.12752861103534
102.96635352543916
102.04379440082965
102.58721151045444
101.74063169249214
100.9137024921337
100.94812639762013
100.4387532578234
100.34944740403915
99.12835885692532
105.79557196932265
106.3850949607139
108.24135969403144
110.15474384300784
108.32736541711765
111.05922549047756
110.0214315973251
108.70091812273874
107.8765299863567
108.27461740461749
105.54696759382698
105.72600609764713
104.5560986240706
105.34988288982746
106.87874176245577
106.88280235405078
107.33743301571533
110.8420774888526
114.54118635870158
112.550194026349
110.98232320607428
108.57373439539639
108.48983987531017
110.65111444133592
114.00877748964561
115.48081393947488
115.74938001094408
116.0257573458656
116.9376073703539
116.27995808380635
114.90934138877421
114.53504217531359
114.61384663494603
112.44494065758732
111.91072987028254
111.44933684653796
110.5848817522046
110.45887521430461
110.46953538044639
107.3991822655064
104.35572350390099
107.17113178378345
107.65031952375429
106.95459579495588
107.54445642057634
106.67961237486746
106.48727507130462
109.10163709285953
107.69479005325441
105.00642394013441
106.23404801483524
105.52121299614568
108.76977682092013
111.97579697092279
111.13206188911633
111.51824951317623
110.29674850899127
107.08432743635211
108.46543633311661
107.59657947807418
105.20963839438289
108.06585285986135
107.23842329729493
105.68793587127887
104.12496278996026
103.85386686812129
106.44285445865012
103.9490205113218
106.28711580808472
105.54752640069121
104.37377927764926
106.43324163997735
105.0750036570014
104.61960739200399
102.74598317834514
101.33586100532534
100.34217639552371
100.48111617887828
99.80679845148669
100.46075729068738
101.52077975207199
101.45776961228292
102.39796572506921
102.32928465255254
101.16761987688277
100.81311176343569
101.13445998991214
107.62346985500672
106.78416255756756
106.05671515122408
107.04122341743565
106.96311883480023
105.31713139828845
103.95991480430224
102.69818465170077
104.53618792976697
107.51987550237132
106.85600183773151
105.33276290551785
106.47307240563885
107.6353081744834
108.27286271188193
111.85181515694919
112.17966541791182
110.56616491725477
109.2997266972198
108.92893836473522
107.44291759602136
105.85139664486768
102.60003090950926
107.07131240686812
109.10029035735982
113.79994469015898
113.40525785920005
115.12884714702707
115.23286845816442
113.65313220056886
111.08769132148151
110.43890708353834
108.37395117612117
105.22091286308404
106.83155411971784
107.41094639927634
106.41882017437986
103.629104641603
106.36795133898146
106.32186543617664
104.11472328020676
103.90553341341273
106.20572484901889
107.07750666177093
104.19954397407484
104.27721490299356
104.55534766265461
102.29662691649105
102.27734578537594
103.19587608111031
104.52838348670953
103.3380499567261
103.66100449387027
103.0491356680529
103.69030001369768
104.07142902442054
105.71242989391094
107.61030872041201
106.7909634725113
105.454765240641
108.65106882179558
108.41114171623036
107.669598817148
110.77545454770052
110.28466905264219
113.86973897372604
112.22161000680656
114.46678291807277
112.79838529531474
113.82890238418494
110.18817375472318
108.35479185434981
108.47255678126577
108.64075694641356
109.08988811729758
107.76230057002624
106.5492667606856
106.34258012305375
108.92020710858154
108.3204912943176
108.4927900378656
106.79479372817383
105.69851654190211
103.01060900099577
106.27871861721133
104.106564388824
100.76799146435988
100.10807547560019
100.9835637235986
99.92955651665322
103.35940153127932
102.22199939071345
100.09654200105967
100.5839905872753
104.19649091570736
103.21504566285877
103.46278323249938
103.11787163157454
104.69994370004923
104.48959664953219
105.33722059140403
104.36511198088128
104.1008037011568
102.93882371950839
100.84836737237237
102.88028334509681
101.61250669762629
100.66908197630694
98.65214946866084
100.9580414832467
100.28034257012104
101.17317943787818
103.74107809651727
103.36334968461733
107.32430485335618
106.60052923753707
104.7394794218242
105.7370146180514
105.15071759575169
105.39716829506582
104.96332252432966
102.62379006821942
102.15664931064545
101.71543629079473
103.78855182216356
105.52591444179991
103.8141148388274
104.37598973048138
105.16909423680413
107.02291268606083
104.95447384942628
105.66422635416086
103.27011501873675
101.78000060977429
101.45224770364632
101.97060528869281
102.80420211878798
101.15976681733534
99.27509582349556
96.19281591624483
96.96851538831739
100.62205964930115
104.377394880693
102.29444207002851
102.61496868629912
102.37431940014827
100.72796674522374
105.80995845640172
107.68799048271848
110.48029616615997
115.76415962605792
113.94171971471552
111.08225510151861
110.2712214713039
111.06529112627068
109.2455758649727
113.34138355259363
111.98903854851969
109.02504942480057
110.96003693601851
111.22441729306708
107.92106756553216
107.31122437762679
105.37767189168476
101.08753695142957
101.22948889949514
98.62480862374193
100.04571279160763
99.56001080625273
99.14393580993455
98.15779195317832
97.20424154518275
96.54657638862935
97.54166874404287
97.55971888368656
100.02597739291191
97.21286943682193
98.13438211697182
103.55521610133249
101.3605452049747
104.77836184062505
103.71431491502939
106.64941826587487
111.5217143386476
109.26859806603463
110.03902714157631
111.86498026103716
110.36822269603316
108.8487653381254
106.97507289271198
105.26745652447002
103.13242495232994
102.7208811527456
104.37737834457134
109.1096698915257
110.5244264830998
111.06227209195978
110.72308390322735
108.42781464721173
106.59423979102216
106.11755162968811
105.52243417710417
108.04410277554321
111.3619047229639
112.3540860444771
116.69466361747047
117.67390312735543
118.63989886088346
115.63429767153465
117.58737166717908
115.57049580570373
113.11698750638598
114.58984035313878
116.99294860922636
117.90504986699968
117.03969107628987
113.60977257705271
113.074190868583
111.89734587458526
111.80954660720661
113.16413927307278
111.71583971388765
109.19547562724927
108.716502605921
112.32541736288108
111.25103112727568
110.34308460447137
106.76383337183775
109.36197687899741
108.36115508714755
108.39448567343024
104.64027824236707
104.10086971370359
100.18415835883509
99.21304726214453
102.22932366138281
102.8958627327595
102.48230435988056
103.187901931331
103.13434000883547
103.92803566032156
104.11252909954683
103.73308066244202
103.17639368369268
103.40673136184733
103.4536512009467
102.1627000428153
108.14341265139844
110.00293051602303
110.1315523215856
110.94109302442973
110.81534587936197
112.67485810264535
111.3813060197133
110.75387405769428
112.26707306103206
110.48277996530815
109.20803397674149
110.55334201210901
108.0084330461415
107.77796164317745
109.74042673533273
108.70649965804606
107.62897250670889
105.3117024845958
105.53546731649514
104.1116164385069
106.18485243101661
108.40951054597177
108.77868947586668
106.32963772261868
104.46553265220184
103.20963456380998
101.2179353811241
99.85907624319859
103.93558199078497
107.89261320664599
111.04888297525919
111.54863106950903
110.24904762050743
109.86708125052654
109.47046330008544
111.5761187367458
109.67248100585289
111.7048035513165
107.55531274384899
108.99023629192158
107.68542868204028
106.08625444087829
110.62924889806752
109.8641319908524
108.15156625609735
109.36505376096125
105.68330493045434
105.86242785706816
104.67495164173653
104.76873230576608
110.15018075027744
111.49459454683587
109.9458129753673
113.08154615732589
118.56797937824493
117.71552132210883
115.6714964002515
116.69072623096312
112.31697645608733
113.25318012087709
115.06477300815509
116.7677340160928
120.41532559133982
120.67934532008452
117.04423609644587
118.1491913848484
115.30155337317625
113.18568117660857
111.34966539780049
109.33924858084119
109.46338048148036
105.55283989216525
103.41206936485483
104.07078098287795
102.44816775084699
104.39803080686433
105.89055609740574
105.14941541405675
105.03041543095419
106.04134799623132
103.89595961864462
102.50669928726403
99.03571811009121
97.93760241441079
97.60279289106532
98.94754606972221
97.10230619013909
94.95021340373044
96.55467839085291
97.33674389511145
101.35112082903427
101.5701288566883
102.3258351504397
100.68175187812078
100.29663419349791
100.90465482189434
98.95167586855773
103.84117422037464
107.2987205805813
107.58700360552783
105.85590018916119
105.48535592033248
115.51867052716761
115.59349209170662
115.9876137934298
114.55434214025546
112.75577427348055
110.3630959767957
113.74672604040796
113.34393787957218
110.89219261406839
108.13521334003232
107.89272688019366
105.67846283463136
104.422397441584
104.5865749681344
102.57477290493708
102.78314422619657
104.43179085922877
104.53991273579098
104.48009547162332
107.12555664811585
108.04082646009901
106.21080087606418
104.92054815671675
103.10902831809614
104.94466504017512
103.77916095662292
102.05066041728118
101.26022914885999
105.28738460040216
105.19021815966114
104.83999277041272
100.95146741195889
98.38273936303457
98.96451759509452
99.53074668420201
100.01253312044335
98.21174757434335
98.62697702808921
101.67477585396679
101.21670714723844
100.40831706723814
100.32087963552144
100.1509621360012
100.904433482384
101.5890282861133
102.6887308500026
102.74670651760094
100.47052912954526
98.01906348281761
96.93803901894694
96.88366692232792
98.73980580864384
100.05318693542935
99.00189565083913
98.69798390200609
99.89750503904813
100.90426679470968
102.9055724555869
101.36730235591332
101.91529987853652
102.75111383478604
101.8029770640372
101.12330837846417
98.55912628383035
98.0507947754856
99.68171337695739
98.32260611889386
107.636482916188
106.36727351759096
108.78971542929948
108.825490315515
110.92379704935148
110.0743560501579
115.14006394556183
111.32806793658163
108.13417192417825
106.76090782719474
105.74463737383135
106.88416472170925
105.035524357459
103.60777755522618
103.18536657615117
103.0857929955851
101.4788968145539
101.92813408295825
100.7780335663149
102.02296342293035
101.98633039790128
102.3944570977383
101.28858259601662
101.73995426093629
105.56200506343403
104.85166390539634
104.80631838378577
103.08898498680628
103.15842058311031
102.53235229258543
105.20297580405241
105.85022170865443
106.78064141979485
106.51090303270406
106.56994075432274
106.99560681168578
107.34871908292615
107.1160215862388
105.11496504547397
106.03083920925377
106.6019012793792
103.64388822869407
106.39785381825148
105.9719808860768
104.05262788551116
106.70284512055649
112.52047660760955
113.9141801455501
113.16246907435654
114.35180892991212
115.84231786208102
114.56622912319766
113.86185618256773
111.09421807320247
109.79067624179545
111.85725836891912
109.96151079472752
109.08414953595089
107.20105445325987
105.92281124207051
104.52131735825517
105.622356025553
106.65512410482025
106.2336760384708
106.23594521623582
104.20552832939104
102.82773971738365
104.46594785597416
104.66937511811734
105.52937105681173
108.5312656209357
110.53619513543163
109.59344655147424
107.8755130438573
106.17716759015785
109.3206537658465
111.50603779802447
109.31761205832387
108.78950435828878
110.25239096297426
108.65663593441586
105.72024744270112
104.10804160105795
104.04454115327233
104.92876691840385
107.58823006986852
105.05138814878796
104.60586989201092
104.78699527671843
106.23273515383838
105.27013322154177
108.26317939400985
105.63257879933713
103.13533504364759
103.31272054301229
101.29699245087035
105.02080110205218
104.54252360028946
104.85383581743754
102.52476772768541
102.5987240214431
103.5534659463019
107.05622772095977
107.57157065370991
108.89984382188355
109.4326211913933
110.03210587502292
111.4641838404184
108.79070908523254
106.13403990802149
104.69075035443335
103.87027410903562
104.52326882412538
105.9355534125938
107.87922594275506
106.3872009537232
105.81529178587361
105.37357559501459
103.28632332849061
103.13584824477326
102.36821238982711
103.26610819771486
101.21718168065225
100.22511685979804
99.99135805882726
99.88762275792455
98.36222832451413
96.44847812694076
103.61667240016196
101.97936712707042
102.36951526139661
99.54000102215943
100.41900306084723
100.19261051015592
100.33725731185989
100.30075616117634
101.82057236752644
99.62958705164917
97.98872391589173
97.71252809321177
96.9450099080146
97.71212881324365
96.58057053910423
98.39878750081343
100.19143300162345
104.57409820241452
104.03114062705211
101.90980171569106
102.21943729501018
101.16556289706749
104.81092118067528
108.88999765968951
109.51018561039056
109.85262291820887
108.02803729152261
106.5416561755294
106.09187048851909
106.52789835078784
112.8636183948567
111.53693518577775
112.05132663012414
113.05943828622254
114.36626087374944
117.6324421754366
125.17085985602579
123.80780513157534
123.77371161749836
128.47205727466184
130.76289357530726
134.62897452310068
134.21769125802444
130.84450081022965
126.09392302020248
120.69547029835863
119.7197637597637
120.41251006106917
117.81982605359563
117.75704039311914
116.00397583165451
113.09048846682676
109.71104048012162
107.9228889540872
107.60210452835493
106.78160005548197
107.64101319345941
109.54706736302631
111.10577487480565
112.03873935866521
113.51803296203033
111.55916022674802
110.55031993584896
107.34654266314675
108.47931958381666
108.41013404951903
106.81747496030455
107.82288523865437
109.20864089254343
106.64770612566376
106.4160171556938
107.72858556597669
107.29530724275573
105.83263514028155
105.44590780389863
104.57635630877415
105.15567947914276
105.81933900419172
105.07328279807322
105.86766045925386
103.69612504324935
103.65849930296167
104.44801636246488
103.66489154829462
107.83717613202332
108.81084781646445
110.28992776535473
110.96405815248623
109.73113896811941
109.33313385202194
107.52898999754522
107.5796660887664
106.43342491409449
105.00181579631462
102.87883841195627
102.19097355010699
100.92150476142093
101.00577460799079
102.1856278324072
100.83450459408839
103.49378882826183
104.66194287986073
107.15242378793216
109.43351611143385
108.30198894272651
107.69068610752103
106.31945096791061
106.35084916583702
105.91118979530648
106.38536603990593
105.6189812346109
103.65312903724532
106.27601765805736
104.51626257492076
103.29223273593684
103.24860750312732
106.13730572796851
104.75802454875924
104.18342692650778
102.2959983943013
103.41991236747191
103.68176606944526
101.84792770563573
101.76531843864593
102.25814431785284
101.37043295576308
100.38207225945521
99.51509149705792
100.74164958992148
102.20578082104728
101.15525920154558
102.28351894486809
101.64662057672487
101.73007815687822
103.70919242973109
101.7227739808734
99.42943927169816
99.60524819288129
99.03506072333701
98.38074586176577
96.90918387696601
97.60766501235068
97.11711728798973
98.08524468567853
95.67937809899362
98.391266083376
99.34240522074766
99.48014157992498
101.13834151945406
104.11671433519598
102.57318464996776
101.60438956934281
100.91503590454643
100.28374002172166
101.52268589489776
102.7346947870976
100.38698517721214
99.71454910323229
101.01151468224106
100.48100996067029
100.1887610242707
100.71265337417748
100.85212512599372
102.64690225021822
102.82688075645764
105.38314117197385
103.6576017841084
103.72123381386402
103.79467737512356
101.59076892952245
103.09430224732856
103.79791354772254
102.84512858315269
104.72191037442758
102.67002268555156
100.63241418631085
100.74927008991932
100.93292481096641
99.96743198084498
99.75278411365122
99.72769877661236
98.89762416631874
100.2419831054829
100.59165069216458
103.51430117679276
106.1263752528388
106.13181392313312
104.77979467612266
106.3432036431241
105.06191138758523
103.07782029714136
102.38454652747446
102.13966237748632
103.24593757024027
104.73424510607727
103.47097099226515
103.38508298129278
104.90016037576689
105.26943434893552
105.10785226535089
105.16583416742978
103.34490371685182
104.48308963870527
105.05360273747567
102.6235396030919
101.54291929376534
101.40466187038253
101.38196568241395
101.58321762319767
100.24896921834302
104.16024134196805
103.38175934016957
102.6120498992353
101.38097397809545
102.62866462825141
100.24994344528895
98.71803564414307
96.286758792849
94.87292544644899
95.10863999825742
94.54624045099166
96.66698152983341
93.69626269204515
94.93493687095666
93.87909732449462
96.78021278501936
96.96103753177887
97.88447571300813
99.40172860777756
99.98661519658519
100.35739758417364
103.01966262320545
103.02608875411573
104.4168369600801
105.2317521822643
105.08060220896546
105.29575093577219
103.50330999251473
102.71393473331092
103.7375554569076
102.86140513817476
103.34579750464945
103.1316486416342
103.34308966288677
102.8886741125729
105.35564618256169
107.39332844653187
106.0253287471419
104.45824875882735
103.50776010193641
101.92226837468897
104.13722999236894
103.11691326380853
100.58976681220405
98.94484694045194
96.28299194630056
96.50120060375137
97.55759176740595
101.25626486444985
98.87053717358361
98.90261139509913
98.38211272778618
99.16263692971215
99.56462685996922
99.78389844436752
101.33982769924505
102.44324820718072
100.38009933716441
101.81703454753332
99.9958413437107
98.27245503864935
96.155712436598
98.19717945537077
98.90155691193337
97.46223095155143
96.4460958001447
96.18533752066288
96.82515355148095
99.0332986641373
100.29385634765788
99.0090517709944
98.71079070147965
99.85256574376504
99.5896943461917
100.63671133648828
100.14248005214333
100.0552479993682
100.44525665995218
100.0504931715937
100.11986892631627
99.46338353040774
101.57583683825996
102.54323098763271
104.53758379369324
104.21429477952309
106.35493476646016
106.46369167243873
107.24457646183228
107.13674570999099
106.86808131977894
105.53664138888381
103.48958257631034
102.67194034674698
103.01599200340272
98.3280948593672
97.10349772037793
98.26707785632324
98.39246761887324
101.55083102669796
100.54509673388085
98.31855015074999
97.46219259350868
98.657581749888
98.47054311576085
98.73249201104983
96.56093109789487
97.24503591045854
98.92712585136114
97.44301274940692
96.53141357169557
97.23188210239115
96.02484935631979
98.29081903539638
97.01802355078968
96.6490506058809
97.39404809661703
96.10389074123144
97.15320115894049
96.70628851095242
97.09049982064175
98.54271977717791
99.79434166901683
102.83985567822634
102.47768441875797
101.82622243887312
100.85999286179945
98.31799702976419
98.06308330418369
98.37668022580709
99.25241049263686
100.31621226422828
100.03586486717087
99.02804388731887
101.70358477343632
103.6128800860798
102.37518911862864
103.43490585145415
101.4153659521182
101.50948366854702
103.07040054354052
103.40963804370156
106.1906730926754
106.32845997092433
106.5797598277839
109.3038566701112
106.23926629798832
106.46054939144662
104.14277444700306
105.72948662899594
108.6933807611525
108.18734231598366
106.18344916205497
107.86676722241072
106.07154184083444
110.57227700586643
111.15468111087434
110.97886806354083
109.28440664198165
107.53655809351922
106.12370142201634
104.44960398920855
101.32657110546523
99.72632627814878
99.2524933322534
99.30097095693266
98.01471644891922
98.1144089357913
96.61344556489976
96.43588722106946
95.45993701759753
93.25899401382483
93.16826244207616
91.66621751871082
92.00209857000182
92.7018734420636
96.77752639371396
97.2491144726306
100.49554114550784
99.5811552287323
98.82799232195842
96.85162910904337
95.03093009275051
94.61945925575358
93.99071131599695
94.37695607939257
94.97549689898423
95.93105473901049
96.98649694964347
97.23919504915317
96.22431425713816
94.23121610170806
95.23037501741864
98.77656078051406
96.69960889481533
96.19737902645731
96.35716725789112
96.02391046318625
93.81559112339394
92.4060352542602
92.62762249222756
93.6049078586906
93.68867810438498
93.05074762506314
93.12443102038527
93.69586961948377
95.6701674628199
97.35964319056173
94.9560715968152
95.01388523657323
93.52944471258117
92.3645741879408
98.22855461142952
99.39667009624281
102.42093102465607
104.05399659990987
104.88665087648332
103.15763936875923
103.94273736381044
101.48100942978581
101.0707165453746
101.89587577435408
103.70584812606695
101.70590564499851
103.80427538762059
106.11688729115156
107.75428662377988
108.5128508476504
108.07011957870697
105.32451544418471
104.74437240640232
106.86403686357419
106.03142072752736
106.37284213095087
105.75943576330046
105.40251389103015
103.12630854829487
101.59212880679523
99.5053148243783
99.08275499815012
101.10606130083436
100.10120370663014
101.2450398209045
102.71346147879133
101.94494283259202
101.25927791950811
103.28775810839876
102.37173596200968
100.02831608107135
98.16923763519706
98.06608570827166
99.02287818788234
103.13171940028074
104.4716271815008
103.22127643926133
101.08131348169638
102.52365951725558
102.23881258439891
99.92647445013762
99.42072628201434
99.89247111661125
98.72762365580645
96.12172452145596
95.63095257068896
95.91017145119237
97.56193182669237
97.2275937778739
96.31422051230643
96.36177502485646
98.91377076965668
99.57709956708248
99.66720214593933
98.88152245923065
99.66463822241191
99.97506501427306
99.12728447306495
99.05154721006615
98.90439137493001
99.38577900912955
98.55615341249386
97.56580163573331
95.19533936254741
97.00086082769681
98.13832766234923
97.95802589076041
96.27735749397765
101.42423101823105
102.38063508885594
104.62790619926177
101.77583874757012
103.1484864675139
102.07521032967011
102.7575664234081
102.59506980448866
101.92671614613931
99.43847470944647
103.14384517279035
104.76654220579489
103.80097022636033
105.30575952345856
105.62757137524311
104.76550150462775
105.13897296276092
104.81597986143956
103.67143101480991
102.8865790435428
103.52232628069731
105.12195670585962
109.05546897555244
108.09876928077053
108.3925862158925
106.14422717796675
107.62949531993485
108.98055928052227
106.4630535604812
107.19882862583275
105.09912580274693
106.31277232492438
107.1757876294813
105.86153361908246
106.26484907476296
108.59160648807192
108.70188068375755
110.05192267550304
110.54478846101199
108.51976537736374
110.2990413599066
109.82202820739795
110.34807751271667
109.25405210196567
107.67112657772402
107.55997409703095
107.46251183014168
106.24869099938651
108.37906244536755
106.81769776725865
106.63983390088435
105.37124098332643
105.37815388144877
107.36916828740904
107.01041700342256
107.26790790641454
109.10167357679015
108.67208814056886
107.62713519806994
107.493871412749
106.61833885068665
109.88922578290207
109.27927841740247
109.1937057145319
106.77041906706069
108.018142866584
106.48964073824426
107.61651348322137
104.29978044042242
102.88825471433425
101.69368642520553
100.69970821166189
100.48174719244021
100.31503797437615
100.24132011729807
101.16431093989453
99.69363171917296
100.60421698651638
102.81537596906516
100.77421810440053
102.16760437908998
102.16096768614807
102.8198492772243
101.95572649789518
101.80408662108108
101.57930765050823
100.92771236419684
102.24732101698706
103.48335790441682
102.51656600579133
101.71085931253445
99.85581971896755
99.79480845714949
99.37351934426717
98.82353375315853
99.15506884942874
99.40244448668656
99.03645081808816
96.78477584513152
97.03041870827855
96.96661824080091
94.55186712216317
95.48772985719818
94.19141038992636
97.34220912448866
97.41815168635802
101.34970220667827
101.54660760746974
104.45657549642151
102.96169680811896
101.76452837163299
102.32165022173763
102.0544598402302
99.58269438937111
99.47887072467783
98.14581920503613
97.25880010035358
97.58192973428281
97.45528018426928
98.26166126710473
102.18790447273801
103.80887780632293
104.93397984494649
104.94461915102849
105.14453201224808
107.27534628496744
106.19963062275377
103.75370871507216
102.34470656140734
102.56974995387216
101.46983115533226
100.94872117459495
100.29395372486064
101.06393271384631
99.6518289043673
98.83804885465476
99.75332672456723
99.7668781003916
99.20525976515822
96.87930314481753
96.6339804735975
95.3387111246256
94.73282985218542
94.81066353827593
92.86978474350798
91.57363992257001
92.05111390172685
92.437313138889
94.68509690659036
93.23811191986181
92.6624816846488
90.51182531355981
94.5132465502551
92.66828808477442
94.53084155625368
97.20657757145496
99.39231977161694
97.47482148898891
97.50411325885928
95.3083038837011
94.81607158212047
92.64167858653065
93.37698626335528
97.2835513939777
97.06377672409783
97.73526578005463
96.00449334479102
97.36666692870492
96.56442401465088
94.20789789117252
95.674584028915
95.03032443355819
93.59875689052569
92.78632136701889
94.04687055618425
93.81424877230769
94.07509611159585
95.42860166851068
94.86546849025456
95.12943365776357
94.76858423922675
93.32161894795513
93.89361269792127
96.49364356965862
97.27437809236517
96.71262671161885
97.19156498969242
96.03403370717173
94.66554884717625
96.11231702900284
97.5435317178514
99.47535047619013
98.58597459743666
100.69476058622193
101.49590262116853
101.06613469721255
101.44910227187529
100.85834613659884
98.50180311578386
98.04070165181714
96.52784912923606
96.28160891064694
94.64238219002495
95.59911357649662
97.99010143999784
96.7049207444284
96.77811617849656
97.95624916430701
99.69618892849532
99.00368901210494
98.36249745099359
98.4103659281587
97.27436766333666
97.35776661319586
98.97404712291566
98.3023308418146
98.35257921416307
96.53401306197627
96.16236847881078
97.77428870696839
97.63677622694499
96.99098090242795
95.68819230930946
96.27745935184068
98.92790327833791
101.43570041813554
102.7850170487612
102.68695789817069
101.66475191735108
99.51539951122199
101.17303605769878
100.61126735464528
100.983384484573
102.48078371348875
101.84423715713052
102.79787649606705
102.31470412651265
101.58757652490769
102.42697247156364
101.39801065947103
101.98269738187415
100.83740698537088
100.47910014016851
99.22446101088669
98.28261244237113
97.96330682533471
98.27751156671314
97.66605593910487
99.04040747122325
99.48169110577743
98.87691506338032
97.8723043113887
96.93929326451007
97.00432864249728
97.46677524136422
97.62901761661395
99.12189439620725
98.14283459337267
99.34245702501913
97.75513136229802
96.03379762427231
93.92201006008915
94.51825822732681
93.25276841862706
92.67981836388158
91.5243689597607
90.24921310692297
92.17325148591577
92.56574205425844
92.79275543622089
92.6613551137739
94.58917004532286
95.04484781693715
92.69195333322209
96.52177608209469
97.47805297790299
97.44549868713557
100.93120517703346
106.11311531084414
103.23396889145205
102.9897748991692
107.52876421938787
106.32062533075711
109.19223671043186
109.18917108469464
112.60396962006132
114.30704199727748
114.332296774309
112.9483716396331
114.82047850956953
118.4952093727952
119.32215647851766
118.01068529757943
116.41703537041921
112.46435494842157
111.79099139349077
114.32433900437276
114.0942897635194
111.8096081624947
114.12072066046467
112.03344409739466
111.00050474244694
114.39715170407474
115.71753671421936
114.68442939137516
112.40884124438385
111.72316807497589
109.37241780557277
109.90736233793713
108.93401193667268
107.67677413618225
107.34398776748131
106.36203320983395
107.37645380801337
107.62637799110591
107.42695678145081
107.72780876788933
107.73229502063886
106.36646115573237
106.28744981109844
103.30355433013928
100.968121458038
99.8403006332989
99.13846545150578
100.71613366754423
98.93950614243361
97.86581356115067
99.16976728212113
102.49390987621058
106.7885876896254
107.51686063757649
110.45841479238396
106.64688337494366
106.26108408200041
104.00083481607012
100.75803022898175
100.4401289429046
99.56876802804842
99.46543402681293
101.96347477607961
101.0171806734179
99.15275829421618
100.68185539188289
101.36348000064785
100.1885065707524
98.49936373625302
100.58426829351073
100.49274529918
99.20955654051544
103.47631962415
103.63189029802491
105.16862813870524
106.22368593580227
109.3630085145635
107.16566651062693
108.58237729841275
107.0780535510154
106.76608692389424
104.60562412216872
101.51979104651987
102.6485749780997
101.6033989186158
100.48675075677207
100.49662802520815
101.0149437183788
101.25915718541553
102.81874982532698
101.65746850996884
100.6170603111362
98.59955626011262
96.62719793911862
98.21111071372049
96.21342760086189
95.46565644501362
95.076615550684
93.69486623550546
92.96874931267845
92.08498734866161
93.41072638267025
93.90466177262967
97.2935777873464
96.9589390533824
99.52965047661257
96.40900186214854
96.45180070014757
97.83945400340987
98.89978646630657
97.64817818506285
96.32860473347822
94.94649121751995
96.1429234291899
96.64653881540853
96.21085178999567
97.70540759045454
96.41328321355091
96.09386964977277
95.55944476489712
95.11156313663507
97.51527351238073
97.30096498130656
98.11092164803142
98.84996365154352
99.90160248954774
101.82007712295965
103.72049037473145
100.9415856008395
100.55064537918571
100.0884752058308
102.10987787567353
101.44808559636026
100.71031584393664
98.27030286896853
97.25795457869974
100.14047948509445
102.6172051611495
103.22417263702972
102.1971725193609
103.07316838045949
102.70895416534809
100.96247599561755
98.03471981760745
95.94297165270953
95.48807070929148
96.3543592446742
94.7885807428196
95.6600614196136
93.63651714533742
96.80313381735058
95.99386207184214
94.70478536958014
93.42449383448887
93.11128957201639
91.82076479322366
95.45155696123847
100.86264052666843
101.31584863463951
100.51473300582855
100.50792979550886
102.27952654725352
104.55667674432964
103.55840835811019
102.93404048135501
102.5291229072538
105.98541172636432
104.90109636860262
108.21364347255331
109.15368286908115
110.65057273074117
108.74146447140184
108.382848800199
106.55935290701466
108.45551203625114
109.1881553389205
112.97552954854507
109.10907685948968
106.49711722527583
107.03770350727247
103.6783101749677
104.13560900432697
103.84249127815676
105.02420049540284
103.97056752532275
104.30519974937292
101.86272085826617
103.04301243253772
102.35534803732978
103.69898855477105
101.23584442570808
101.62541270279091
101.32762047450383
103.9148022909327
103.87496573238515
103.14150238964682
100.71445495889938
102.02511375169573
101.5271653672881
99.11732123561308
97.21033976175737
95.33710124641264
95.3623221664008
95.82230435221618
96.14510649504105
96.58835134173917
96.54469643295904
97.17695097399448
97.57997796265789
100.19822929165608
98.80830075966814
99.07710147642415
103.23419097663648
101.73736620672994
101.55624725737385
102.86800442862712
102.80813721781546
102.22544413736225
102.38215872462096
101.23660225288381
100.78904615799982
101.57620808065475
103.94278905735969
106.48382377618303
105.32136147572923
103.66519493303805
102.4870061281998
101.5020484946523
99.6030604101419
100.81939026366706
99.96570264878358
102.53798440205134
102.13222591913592
101.58535531127802
103.1974245237968
101.51708954781223
101.27825336698541
106.18287775595657
108.38680691266886
109.48214816143656
112.93464117744661
109.91883556036099
108.05791638884385
106.46644923246004
105.78157655856258
106.11155095571812
108.02891970030906
108.10640356011857
109.82634354199273
107.35757636202
109.02486259062638
107.04742900614592
105.67310765892704
105.54347425095274
104.83559359714262
103.72366672060488
102.80851998509272
104.93930483074048
103.08256796184659
103.78034091351424
103.71357974916992
104.4550339599523
104.1622349862115
102.96136975864124
101.13066761824153
104.44474183911115
105.35134786842141
103.90293241794832
105.52244845956967
106.41037765700949
105.50508175950065
104.42342531213228
103.68396800900885
104.19655368326045
104.26675397406642
104.20284126742332
105.38019561557233
104.0581305857771
103.80801053534162
104.89150993682284
105.23166444044357
105.99206717177616
107.69922279832967
109.11530339893238
108.40813319760984
106.70110706080432
106.66505266101882
103.93275130238946
100.68821444386602
104.10257927635706
104.18241088628206
101.96142182812116
101.49614648101876
102.25751671795642
100.4753838206755
100.82336894343409
101.25555674588986
100.4348501718992
99.98857795825032
101.42265849501928
98.84703469647589
99.51554669837329
100.38913644128
104.94744793831423
108.34304906614139
106.50699722062897
106.43649138352728
105.09397563331764
105.18514446080664
105.5606895089222
103.38468169722097
104.5989913880398
104.23404079289764
104.88600467567512
105.55502657549718
102.697536272058
101.1260270233454
104.1924531470675
105.2542379329639
103.21342732687276
103.79599625964626
105.51494328402323
107.32976784921038
110.0930067455379
111.24248688270602
110.7562322468806
109.79789946765447
107.88087527896322
109.07955759802032
108.91965214983352
110.23603522091588
108.52578049781837
107.73767422286414
106.7869786325518
105.75176029837641
104.97311589310316
102.52234902774093
100.9493657817542
100.71297761173984
105.142796850765
106.70026505662264
106.2751994253977
106.13693223280337
107.86290217048773
109.24118702413735
107.13247026424062
105.30948024825892
103.91196897057948
105.01066019883919
105.30389226896152
103.36437109241908