replaySize:256
45
49.647838724107906
51.38948681410279
53.84580940110706
56.55322931860845
58.088133865954774
57.81019676376689
59.04422415123087
60.64208229532062
60.477605061684
60.037120500676615
60.80656432475658
62.473657877622514
61.475630131725374
62.108458272106375
63.87043616139012
66.22397812398415
68.20064240014796
70.1383144226757
71.43190177090702
73.00690525472567
74.22825395028059
75.91018283349139
77.8527273401617
79.63102863198216
83.37832726948812
86.60700799180152
88.07058957917896
88.83170405217771
92.05161860546777
97.2062709871405
99.24394712279383
98.39220629861497
98.31121025982054
101.47768788681954
100.99391150665747
99.99870854365545
98.56385343900813
96.83628414157127
98.28200672451304
97.87718859196441
97.41129009245655
96.0707502606398
95.63512783316762
92.85711515901178
92.32592331986308
93.7892046985899
96.66391305580966
96.74074203212001
100.23045824430842
97.99364760394666
98.03876341499964
99.99859105984942
99.2473355066684
97.51774255171787
98.19760647780524
98.93703007729196
101.20436131825336
98.52858065260297
95.91601083870732
93.18731843285569
96.62297979749336
95.56972306972187
94.55795607480283
91.9865486650424
90.55036766460975
89.38790878606356
89.13714758945041
89.55610201817427
88.7091400331837
88.98541861102261
89.45641194065618
90.729891939132
87.22713778648246
85.62872704283298
84.08312712423226
88.30994433150649
90.0981714972428
89.40872558338602
94.80098153544456
97.84195491365422
97.6978385096654
98.10472405189289
98.56820678399832
100.57605398223895
103.84185180166183
103.0564559183555
100.76315164489401
100.44401610249079
99.17943669020015
101.34685229817234
101.2990832097239
102.32609243079492
100.81775963387533
100.89904027576954
98.24177291261226
98.85682858946299
98.93642039691905
98.36230663415769
100.04232134710705
99.84965803935853
99.63762870078527
99.09697056747157
101.8598014009213
100.84454044407096
104.87703811527943
105.61052714515007
104.49990915802164
102.05564387312265
102.88866079100153
103.49586550163019
108.55389440068839
105.80714569812478
102.92316283808339
102.27335125526712
99.97436646821727
102.22964297407553
101.12307352104115
103.06359964186288
105.33313017096951
107.49007070138592
106.04936423405594
106.53124943292914
109.31496519146938
107.82722505646129
108.377184985294
105.17917302470364
104.34690216663783
107.56966491441568
104.9576666431174
103.86363036920768
106.50652090439046
105.91078988507003
104.6957021237389
110.67984860754785
108.66952165949817
107.64833461623893
107.11498682217537
106.08241134430428
108.99007077889284
107.28812208469485
108.45785868272135
107.51103094651674
108.0964926098441
106.18546155213586
104.94054237709851
103.9075720447151
103.53728937604326
101.52547993748937
105.64875144238482
102.86228730700861
101.58644051393884
98.2965830081301
98.36746189471904
95.31211501712093
96.84524410650677
95.85442998372125
95.8047717663707
93.09539882529167
95.61111141538714
96.674005833359
93.73860703551965
94.42366666758659
94.94035078991979
99.40588831598875
98.44524463272327
94.87632871267219
94.4011591869065
95.86922878474104
94.5894194837111
95.75841420194182
97.31405105275074
101.84836650401877
107.36614094167466
106.57800436960966
104.97428848116918
104.9668824678996
102.74921562737516
105.04171502528426
104.76308224211483
106.097841044306
105.36275108344742
104.62826650299527
103.07246304259293
101.47623119758302
101.79210975055749
100.63372095934402
98.80792913106025
98.68044898027117
96.68578083100597
94.19083973138987
93.03471635110475
93.04567911680168
94.52334408267288
93.73427188701685
91.90967630632154
95.39662776076823
96.49852976184017
95.63385752368711
98.07459189638875
95.51724904165327
98.84826049297706
99.66390785835934
100.2322856544833
100.12298377279603
98.0874248475677
99.49024609032931
100.31618497143131
103.3388545576471
102.6123266845931
101.19291634475515
98.47385959721967
98.89861706711756
97.39703339309358
97.17682153974111
96.83973963722909
96.5559654941479
97.02453607672204
95.60820463583296
95.5201425950076
96.6148263127583
97.83328825370953
99.36910305817027
99.39568163987961
102.27892207073998
104.97961908762532
105.36117347054541
107.43473913074452
108.09850780088573
108.16438235883881
112.79183628177279
110.96293705846173
115.55559950177147
112.20932205746941
110.22195600929709
107.21018140553335
107.12319132037476
104.59029185079882
106.30211977900635
106.1538507112718
106.65497680999164
104.49549858761374
100.63913638608715
100.92703068305477
101.85323623005522
99.97950386913676
98.26762622380383
98.96489024793297
98.21870087624218
97.08307179570168
100.57368999528998
99.87616891626777
100.66614549381536
99.2568538554462
99.68181523486184
98.71184200358653
96.26566855346667
94.36414372717094
97.02267693151063
101.0423566342021
99.619663044365
101.5570279337837
101.88274039984526
101.59297668350713
100.11787663326463
98.98572652396814
97.34698590239421
97.75480684717398
97.31666873719746
96.1998313546178
95.97652239848556
95.23915142030772
96.67871361940342
94.90975961057508
97.11974269326247
95.12706790385683
95.74427457962656
95.5129815036765
94.88387319996464
92.44094147845615
95.31733561517832
94.85433978662455
94.90641595902804
93.52178004043469
93.0076511012169
93.32069674565552
93.05160791710975
93.94307742108991
95.2226488064722
95.35730959252115
95.54074047151204
93.55967161064147
92.30198396765348
92.20560237649332
94.41453915121988
94.63591109352949
94.93565576396392
94.96562197909324
94.72729431077158
95.70190153171673
93.35727145742175
92.60223834840541
91.23409571844938
91.19854289710958
90.21756365941276
89.82462264245189
92.07345035228346
92.42875095165753
96.16733443482737
99.19705468061574
102.76592859001056
106.04848454360649
108.69871408230547
106.814500102157
108.81099204718218
107.9568497368498
105.7298943839562
103.42643227242434
105.80341788250445
108.02187416039808
112.03941135650206
108.44260798816718
106.74494096504638
108.72668520931917
107.30715731317466
107.35797471235831
107.77049967920334
105.93944296920064
104.24904564065594
102.24176086150821
101.31676139364095
99.86515889936508
96.96686270112868
102.6418992735472
100.567708428735
101.12261133012827
100.76440991538531
102.28515272558454
103.5215251199117
102.59543328768756
99.67790751538566
96.63424920628783
96.91502692455552
95.69819790500647
97.52171629384227
98.73988148220607
97.44746432252022
97.57242996334202
100.01640804571022
98.70943105739362
101.10978127675477
101.71020890100105
102.19464131864396
101.83667582562508
102.94766462056704
102.57371779992053
102.58767498438284
100.81240298098338
101.39899760917206
98.9632326177626
99.22827693076331
100.3616554786683
102.08010566109112
103.22343357691594
103.97598611559454
107.07545947294223
106.24263588145439
104.90807819194593
104.11033810285441
102.06711947713269
100.9791058249935
99.9063854400626
100.04218153367894
100.70545010745843
98.9634406091527
102.21281005271743
101.5807658809618
102.99660730530066
99.307573563435
99.55086818876951
100.71938818060022
100.18853555914063
97.65401967344094
97.40709615169291
96.11235827265186
99.22378196983503
99.90443926885558
104.49912090132791
108.88642539471665
107.69997404869542
109.33801867895524
113.63771521149306
114.6381748108768
113.71280182890783
114.31021914377887
112.22537177925015
110.33495957761207
111.85814158848635
109.30305961304887
109.99406370610465
111.6999489970663
111.10741218820189
112.2061184674821
110.8667180614095
108.81554442555878
108.13360691219447
106.79432103898822
105.2504297375235
108.14071540573032
110.6105204162927
108.80504248200201
107.01865975112487
106.31513802701635
107.5251309923102
104.95550919612091
105.18972340637245
109.01588766154404
109.60745224537467
106.96030766586647
107.9819877839222
107.3630344703942
107.22350745898632
114.15557178535197
112.43598330544377
111.34924771260191
113.99726184236933
109.8786156795707
108.53653726728214
112.44194185514509
114.63240896519684
112.34218085722476
111.40519106388585
110.00524208811628
109.21187546904233
108.06591847223842
106.24604475692101
102.94312297768785
103.84537487915676
104.01699240256885
103.11816432798688
104.73718558764156
102.61207038704374
103.14185823452966
102.56699198624212
104.1925953462822
108.24773339614393
116.14244475468944
115.75537709288345
115.4391751436143
114.1324991656361
113.64222086572194
110.73753818853797
110.55630571657507
107.55013557835919
108.92489997405521
107.48611017451802
110.04196024092647
107.25436966006217
108.79368791651864
106.3229314092094
108.01768774116985
107.01342065181
106.78350071091631
103.80512511246633
101.61379313546216
100.61044295285757
98.6354356715669
97.45115170731493
94.63217001118473
95.78292265332946
95.74385334188565
101.07995248088932
100.53177083142239
102.19931855516812
103.17323410527082
103.74666787106887
102.57519164595024
99.75961254852184
106.84504948284373
109.36045182309124
110.93199224380781
112.1122510065673
110.59065644743106
110.07306025174692
109.17810721354134
109.88227239398219
110.99329779043458
112.48978834066662
111.17783390465452
112.41006783990726
116.4227552697529
119.6386523629502
118.78691216135394
119.44706115430016
117.35681803088161
113.62254729605328
113.38140460773027
110.45905599543057
109.91130108335821
106.92417241646172
106.87916455309856
105.94649991172689
106.61770816755305
110.71159794918132
108.92525075017544
111.63197872389581
111.060144835181
108.03133618432926
111.41712355328889
107.81163280135169
111.23779211770734
111.84683881808523
110.85988058972119
110.36692332270091
111.7636308007102
112.86542418445899
114.56087401774207
115.17527162549538
113.23555449821913
114.20172398353101
112.41720084367799
109.19872440862692
108.77553704639047
105.09785759307042
104.7180796617817
103.71859446654359
102.59193729501239
104.55279490953966
104.27339490143736
104.03737036674003
100.88842324069252
102.76525088582952
104.24257602017211
106.62776522282752
104.44584160838757
102.96267162760026
100.46630414221131
100.25571304895699
101.94892829278514
105.57430208847465
105.55651656021367
104.72535624141015
105.09582059423775
104.5816141186411
103.29357737427563
104.24923817960033
104.02289092455965
103.54243167107607
102.39975091170349
102.5877341181479
102.32062898845554
107.94255013614266
106.53025267473473
103.31763105291803
101.40892022088246
101.8185235752868
101.79587556020601
100.7055948111093
102.2475124496013
101.13970619485156
101.39739063199833
100.32678509585806
100.74683948566913
99.412545919561
98.72667478156491
102.47735294894063
103.50441949939759
102.94426393194298
101.13700703734825
99.20112987808275
95.74843802646299
99.0891978424741
95.99014998572144
94.56553341093364
96.50617105636225
98.96484753756945
97.90714006152771
97.43735125490693
95.05982961734713
98.54315643610497
99.7601100618087
100.74002310249845
101.66142911566719
99.52060209653536
100.6153914133515
97.47348759363658
97.31840765693974
99.15483944734072
102.03981055221962
101.0743013708115
100.5940656128448
103.09672949654738
103.90773277600792
101.09770597017184
101.43614500164743
102.34147693995743
101.85795323294604
102.05587597658378
101.8327148900634
105.62473015948316
109.98267477233135
106.5187476762897
106.01120697842431
106.79230464559011
105.57624640368854
109.09906020127778
110.58157360626218
110.80675394822059
110.87867451430957
107.5599958046416
111.80481509548441
109.99653713220185
111.16925432622403
113.75549607438018
118.1486016947023
120.03974435961685
116.1662270330386
114.13398001180553
114.6803412080169
111.26814418218892
111.12446335004107
107.94080740211855
106.29218680911164
104.54993312741617
102.12883022230521
99.22831729957322
103.95463558156055
104.10911888994629
104.69608825842742
105.05056517074613
102.92261980568435
105.29748258113028
106.52396610357152
109.66315051300737
107.89035736135082
107.74921161170191
106.62811406717765
103.34809275113179
100.90553699965771
101.2930025442444
99.57580705754376
99.18378098705173
99.2625230856745
98.17282261043854
97.10514902120408
99.1377514560322
102.2795072140785
107.85271344429295
109.41617130222967
110.61198084536885
111.91798334406596
108.68645594458255
108.27789497599011
110.45382561551838
112.98534316932898
112.43478483667457
108.72120344748379
107.7986108152308
106.83211135385335
105.3360281348774
109.04695205947674
111.86210557740202
110.19145774349724
109.76939992269737
109.92500068659903
108.41797578162944
106.25226985583298
103.10453646433677
103.84458038040641
104.65147170070136
103.91468377253973
104.49249985265908
105.26370562826827
103.33820074003118
101.91065339340032
103.34896409570696
103.40258724670689
103.50496022674854
106.5894450573292
104.82689688729066
109.13124632676808
109.60729951859994
108.36661944929592
107.45873113785093
108.75869330856439
111.24861091732244
109.74271649365286
109.50969258527168
108.04415774823184
106.4931860874712
105.99820735546486
104.30814758338217
105.53137057894564
105.36986098527241
106.47882638440976
105.02146822572861
103.7949254883462
110.09680959026147
114.57898380309958
116.54703280489178
115.4772582775615
116.39832205172112
115.93076709653369
113.36370259916742
111.58509509996291
107.2185031173468
108.31727009938125
109.90833838670511
117.2949243946221
116.35150888524139
114.72625714375329
115.21481505223534
113.22583100437153
112.69712563997298
111.47825617810035
113.54441294066388
113.71400350657518
114.39782552716618
113.84748021630728
115.37923989373041
114.18241570206554
111.74245325584675
110.47515975908925
109.40017049114735
109.34234261744113
110.94670088292784
112.79019229120334
116.03802134166615
115.0978919004968
115.87969375818707
115.0210772067031
116.34162325706616
113.44073136525364
109.88697553854306
109.359557227574
106.93690893697936
105.2396853270914
104.33921250799325
101.79363472465148
99.10691512639902
101.99147358795756
100.12729678461464
100.25714961466993
102.56513416685826
103.42536096584492
102.39863933518484
106.64841569348363
108.14483487627344
109.0658654351069
110.4710293582228
114.1489993539725
115.894874728238
118.01768682957852
119.75590028938218
119.74014345736808
116.17129485058196
116.05477805833442
115.6177255953796
113.316051734855
117.18707911359006
116.06031399864487
112.90659568501353
108.86667748219942
111.39418345724394
112.27037452514513
112.97341985460885
114.7723192635705
111.60026293022968
109.11306347939988
109.25707010637926
109.83305924306491
109.07493056754154
111.2764088514176
110.25003053807386
108.69995901291344
109.24461541103999
110.72169750674396
110.04650992597044
107.1447825301147
106.3242152193938
102.9873990463421
103.54140618609696
105.96105085575893
111.12103852835065
115.73972047412616
114.879488944513
114.75633129263886
112.83339708254604
112.67457143324873
109.93606155591448
111.02959695537861
112.19892499573203
114.70692173392223
112.41462680200915
114.74062433080434
114.78896364619528
113.04506810408559
113.29889603568897
111.20376702106209
110.65270437038363
112.30265393609002
109.3424813091449
111.32225185791289
108.31505379356325
110.56274560767073
112.30187082750606
111.23537546116322
107.02135835759623
106.75956779658858
107.19148739269764
105.02614814482843
103.62979430265065
102.23056873420016
99.15234613633737
97.7771137995413
96.43830675094681
94.12930779167739
95.76244267623966
101.66934670106541
103.0671260107198
101.41478044481258
100.29983474548611
101.97439268360527
100.97643538695003
100.92709794459401
100.70238013108407
99.8262307757664
102.57188713470883
104.36211674852619
106.27743711146236
106.18306543045787
106.58493811196132
107.5592043883406
108.0599264118401
107.92789762890564
106.26078528853786
111.66173509394176
109.36215857157474
107.34505821575266
108.3752936848527
107.50565005341595
108.12271070149107
108.46333512798586
105.67549396329909
104.60747132507906
104.02279795809783
101.35170860575568
99.73004116243482
98.6870452781833
99.84616931391231
100.8988379221225
103.2205477675115
103.77947551234706
103.83225064129066
100.47888664898892
105.13591241704613
103.73563706497968
110.33977241909376
110.47558889058102
114.16760034337346
113.15803970186201
114.95489936553706
111.04785298161953
107.99688814579558
105.9013737466947
102.14406799995926
105.50945309782585
106.87663201724475
113.08009447120851
111.17297581577498
106.80754467189092
109.28166891402402
105.28942047486426
104.82796488239379
106.92403581802833
111.28542981984688
111.52697736587177
111.21913400027435
113.13476698199585
110.05350449470481
108.22282636760852
110.99553738550806
110.61787911384793
107.08863218262556
105.10731810735403
107.02149425813884
109.39655045975623
109.44636026867781
113.43088149788476
115.08646847046377
113.54210904571683
117.02008344927988
122.8385296076896
118.18409740390238
115.42457247258422
115.34400112175058
117.91503544292956
121.5408606382181
126.64156102819987
126.26335052805861
123.8703117959566
119.41179046170654
116.30345710262685
113.2342988991935
109.76421051985943
112.41291389763747
111.87195327233589
111.1891257792552
114.65672192016504
114.3752037305602
118.47713197520063
118.53619672902067
118.16876278991707
117.110098417208
118.66330572736338
117.66178110179578
117.87922016545393
114.7480360680448
111.20429221363744
109.82483041031043
111.52485871865692
110.38461618480558
109.35091021829619
110.72992577980249
109.83334080771489
108.93796540184627
108.96746157167202
111.89441497873163
111.86311500228136
112.96502479176904
109.71693678829708
111.76971129399234
111.39006848678767
110.52134785942953
117.97431051211186
117.34226118262744
116.19929876579232
115.6139591840511
112.55926594501693
112.37399664113775
112.94842223762039
111.53557735791331
107.75592030507462
107.09010704928745
108.39023017653787
110.07518972135667
108.67188597106203
105.60262346427463
103.83577318437932
101.39830018214562
106.46847830858837
105.66044736620904
104.42733918977383
104.46515004531659
103.80607670252226
108.04969391136184
108.52108584046647
106.15049483146166
109.60873101901805
107.41224217606471
103.74823216054239
103.55832127829994
100.27378313798758
103.91691576575558
107.6887471061082
108.19178410587122
108.07188670331774
107.25246239804136
108.94656917339798
109.94803585055614
107.46411603005279
107.9445599335563
106.99581794761686
104.82406656221112
104.71969673720633
102.49028016428785
107.06480159105267
107.10409351096274
104.05739840742625
103.32426941369474
103.56365382264313
103.09546755186554
103.37139336770144
101.9950963886456
103.02024808547328
101.2888805704621
98.88190787763317
99.44276938785957
98.10402496434384
100.56016591414266
99.77297893001898
100.56772983803617
99.12681383661283
97.55223451745353
96.48232957101942
95.78401717783353
99.8655925019675
99.49673635493342
99.49188431758412
99.46712393484133
98.98661859608738
102.81266775883675
108.05611935770195
106.88010025206047
105.92238213453243
111.49367158461037
110.72290289433506
109.31953934732873
107.43274836735776
103.55315213548818
104.7614333530885
104.6234605785319
103.7827007775806
103.75558435625935
103.24429949516325
103.48574816606565
103.02226694565162
103.30600193920937
107.43602908127374
107.18478280352119
107.69729162608513
107.09682177401437
105.6106101512579
107.1530401710245
109.27285101148473
109.65395815388499
109.25841757816745
106.13392268230125
106.11624426742353
105.57455617081698
106.58529644164506
106.53449907670094
105.88742193193691
103.07413538335211
101.20818200549866
101.71967855345385
100.54380281171558
100.91754186055888
102.61850932107241
103.4340522616425
101.9668587225194
99.95759017181942
102.50592267266262
99.59744414598785
96.89148768404664
97.6290512053339
96.8640180446952
96.70484816757053
96.18911856053566
96.73274940222848
98.80419093557879
97.6152442298016
98.19221624943157
98.6547644617015
102.08077914236108
102.31587490210056
105.22519994859655
106.37264684543942
104.33447442688832
103.23134972288018
104.04701397987483
103.74400646367724
106.75148172280906
104.79688135906908
109.89641152340754
109.63055831611041
109.31663497420216
106.99004341659013
108.09574913459309
104.9568241229253
104.47582046974297
105.62443326019283
105.5758240229446
106.6926956855864
108.87785739351156
107.56486193900133
108.72676168037589
110.5929841801999
109.06308239410562
110.20693765163713
110.09673417564751
109.18188079712357
108.26797935118503
107.28741215866292
106.23115820089366
103.31367526883693
101.52033464206619
99.39179672605896
97.7040166553101
97.23914211591418
98.75193327046699
101.1976319856706
103.22658282678863
100.21463252672845
100.27772904355272
101.61232927798288
102.07447121439796
101.61481446014099
101.58435342471904
101.53112166397004
102.60249292044067
99.66837658799861
98.70587914615298
101.71242307488639
108.13060044860231
105.48123175385834
106.64461519937467
107.39950527665916
109.27019357879549
105.55406155661805
105.64853704407848
106.36844415858899
108.95901481614624
109.34639002226321
114.00522233288049
113.77061411857102
115.00781150135926
116.0213401716595
115.36587019137765
116.10807809065992
115.20131864884499
114.55279918582647
115.6440857223386
115.08818168399287
113.55169622649368
113.03724819355232
112.56190159486952
117.58482887269989
116.09139589635036
112.87671841068335
108.43599688583971
108.30519888726369
107.28134391832278
108.25373486235507
106.77171864559413
104.42414690230221
103.70952571077932
104.05321468705613
107.11476513012387
109.78863745421768
105.2104422303856
104.96727642886428
101.9226123355874
104.72700160885758
105.59956946646666
111.14359648815221
107.71010054931587
109.31872877657862
110.9468482973701
107.50744812455915
106.92977105722295
113.46662848977977
111.53431495970014
107.93208616176938
106.60139976066688
107.66755710910569
107.6046812638078
108.61895333974755
108.14191904619284
105.03325380573779
102.68772031811662
105.80478588548088
107.69195323269096
106.09468865770613
103.47432357216508
103.1143714169796
108.9690508635277
108.33007168011761
106.81213369119824
105.16265838099702
103.48390221192449
104.47781833604228
101.99198791539767
103.22210515883229
105.65272598708829
108.68613045606423
107.27785764014823
108.841261195584
107.39857616191233
105.2861007660105
103.73006715890017
102.48481598476931
100.97040522851161
99.99237406669783
99.32663522558893
99.07508268609601
99.18982917915
97.2217327629919
95.89169726794796
98.38152128516295
99.80019500097411
102.22757129239442
102.19001391442158
105.09106406997715
103.85134323746996
102.2287827656277
101.65858394010864
99.63639468386535
98.05847503670583
96.761395104678
98.49361027842397
98.77190678269282
99.56452993617117
100.03442437458285
97.70439283173769
99.36471788530419
106.05992079772857
102.86558756711415
105.383101584492
103.61211227785121
102.51801820815254
103.43224980086184
101.96191182211358
102.2109035661909
101.13993470968387
105.06517647010271
103.56629699995723
105.11453640776021
102.91278394572083
102.0868465222752
101.1320446158899
101.02331513285242
101.31854729960831
101.66826647741551
101.3979241770842
104.70322993245244
111.40281161964312
114.4063837266199
117.09788609741187
118.79123564484392
119.79457698066919
121.72957935048065
119.81729833904957
119.65696457378074
119.31434580080096
118.21920445481629
118.58831508309672
116.12239334148357
120.67520279415983
116.97075938064252
115.08268935277341
115.16564296861091
117.42326783301348
113.53374975535327
114.61084833459093
111.29585015507261
110.22952009986382
109.40809476313288
111.08870258494964
111.02692036014261
114.9131197174301
111.90775342330025
109.2985043559233
110.41804819027769
106.71467462592562
105.29388280822813
108.61202501880888
107.94666998394713
105.46386863734072
105.90960486530521
105.90169629871446
106.12284996740011
106.43098952458068
109.67836991800033
108.78993873831885
110.06351440723599
107.31494864218679
106.5425035534439
103.85623580880976
101.62210998339407
101.82913060798103
100.16969247841905
98.30344397583973
100.41728434602452
100.29008176933647
99.51364533509539
101.35494022308849
101.89812613992072
103.73228534363714
104.4861314342533
102.99006005690791
103.77360768637897
103.11523032371593
100.61944431366288
100.10573574493269
98.46795115530344
97.3384286915856
97.64800871280511
99.1235477125064
100.36619153059847
101.15097758305393
101.22874853081592
104.20081538573753
107.52464895509698
110.28270613991124
109.72279032237729
109.3469031451583
107.90098350707618
105.15317787353275
106.35520018330317
106.20039269165366
104.6391837942134
104.92268502483616
107.8211143987568
110.27683383792557
114.20951548717929
113.0299246261802
116.38699711735697
114.6804108521166
116.3295611866275
115.74929382598525
112.24855659853966
113.28906623700307
116.60550896482978
117.49261152495767
116.59148179984895
112.7722448346509
112.12163283701467
112.24299863937621
110.67488589934435
107.40463848485308
106.08519078366395
107.50298618015321
108.07760389686808
108.09389801492784
111.50875841450234
107.7668149487864
110.23345538619232
108.47799299036515
107.49997246736112
104.15562025081573
102.59659644408684
101.34886821914584
100.9231519733127
102.46618440328089
105.56049983768654
106.36063496011262
105.05966567276703
104.54031463977302
108.70101865515977
106.93515750809553
107.40485576445728
107.40122806376267
109.15135623545368
110.85274392247206
110.28069268021966
109.00564885655574
105.72353415076043
107.34495645706754
107.11325143703704
107.92949472368545
107.50052778019776
108.75093674729528
109.51107499257412
111.07125313762768
110.83916499007255
111.73260270330405
110.46639186899567
110.92252119196921
111.50480257922558
108.44277552536415
103.93194635556351
102.54188623244524
101.27859945414778
102.48762915781369
106.17376010340392
109.28024409173732
111.24213674265202
109.67104974188244
107.95405913088479
104.73118274529243
106.14037394312152
108.46909490616534
108.03760373277349
108.70541126347874
110.25219738278352
110.58678516581257
107.14293006869973
105.12682999717842
106.28899521699724
105.9597696716348
104.2714383828553
101.91512112937731
107.3343256944982
107.01593892355535
104.47911837236558
103.65203669061057
104.35842429918249
105.68924222738795
104.05938154496774
102.38800460113279
104.3529284883029
101.11162985843592
102.69568474265306
101.89934550950098
101.55012754825137
99.03199230679375
96.90564466355539
96.52894133980585
101.67541932422364
100.34261337178776
99.57819304087548
97.81739277963665
98.69632458188637
99.29171117554277
102.76532272510342
109.60117181165947
112.68942175626852
110.46248045921726
111.85372887730638
111.77798068944044
111.56515083119763
109.72681735791424
107.06649463314662
105.99770883658661
107.68443242282576
107.30825224537213
107.34194793719003
110.77738357359885
108.85545896272173
110.4599342802543
106.6966701168298
109.5507228481183
110.78781598584769
108.27172428997447
111.53629815429991
108.22532727453658
106.63145162909355
108.2366203510665
110.19878628875838
108.7612420302941
110.88256663072909
108.5841381604829
109.7743852319178
111.4058381391578
115.5693644397956
118.9837775205778
116.17749069891511
117.04691039458396
115.165942932826
114.20905927210696
112.68667229812746
109.02663060108968
108.13703882393504
106.936755247298
104.28866910413521
105.60668011502564
105.21117017244731
106.32593527788357
105.663324244161
108.01879195752983
104.0275746308699
103.4189206343934
103.23901381550198
104.41992983600949
103.69613121245294
106.11660963037507
102.79129023713516
101.72794522890459
99.91814123996213
101.35636308449273
100.28161059321847
98.8344554086935
100.07448024528308
101.22325807809476
103.27858842816863
103.51083494646113
106.79433534578286
104.56801343168866
106.95478122917334
107.91561575105497
109.25696036289035
108.1746331048949
110.4701375635331
111.11952337629477
109.36766898918547
107.33233921934534
110.04411513732667
109.06476145775441
115.32823983497832
113.22740953174879
109.13943497849856
107.28015601241076
104.56952679197417
104.82050360110279
104.0073446312983
103.33368657488978
106.05453785610966
109.95604968283997
106.57415067817232
111.33499554919092
115.74187016112892
114.11452737163589
112.05839609981886
110.65956319727923
109.68113548838892
110.7703659282669
113.5553992527389
112.04603008849145
109.29546501073611
107.44479290578403
111.17760032236154
111.43264844426027
113.35198728847497
111.93499183673777
109.69290014288602
114.34339176874789
112.15754319487243
111.41107677744435
112.17944754036759
110.37857299975293
107.54034835670757
106.81049916343936
104.22925005384558
104.887858877507
104.83863251984211
104.51654997200967
103.49972274602813
102.88005943114322
106.60318452988034
110.48590974071749
110.04633910277481
109.11649911072804
110.88378571365276
110.84825123419972
107.34922959773108
104.20469199613632
102.95309493220591
102.94318082023482
102.81643995727441
101.84947254326089
100.70318747951353
102.55445456229036
101.73985351898422
101.3543107197171
102.17734779679589
101.32015841024547
99.60053904212906
101.2001379749265
100.4482482957296
101.51932141176907
100.40042152160885
103.73891622438971
102.19517273450614
105.9543907423843
104.05863839294028
105.57186397159187
104.26833140055268
105.2238880566843
107.33759585121263
105.3357690421793
103.53556379950489
102.98233274822584
101.83410299671526
101.98215402486476
103.97371985310971
106.13410543276954
103.84189120818804
101.98013200317487
102.69247640365518
103.13995226272867
104.0373082723574
107.0684226824992
110.75674257675017
110.66212611237222
112.15266207140608
111.87664276592699
112.13865878647995
111.47851691313942
109.97178716360716
110.257423524273
109.76078917325344
110.06407268814573
109.61470901701418
109.87496260545018
109.24711183390914
108.42911608573047
106.60732091383507
108.91688136826005
108.9965719078388
109.09761531449439
109.91357826963302
109.85833877022924
110.5823365756238
107.91481818517848
107.68694933068427
110.46511049498339
109.8654524111366
110.86728060943055
110.33491924373479
109.79736115096678
107.47672651093755
106.76300630328251
106.70333851601592
107.42334666735678
106.14260302497196
105.85217927965041
109.84773903546237
110.81302659680121
110.41402197000899
111.1998963918455
108.54555913648674
104.77060252083737
104.44794368188893
105.42234867592023
109.7444784114952
112.31472201496743
110.72303012314337
111.73795371412085
110.92808786783242
113.16576305537359
117.38541700983141
118.35876557226368
115.74951050199597
113.80260076578378
115.14057243332002
115.40431835087647
116.6393674909275
112.89531391980942
112.15348749002973
110.73116462049263
108.30562844212477
104.91901815156236
104.91716639549676
106.19986143528976
106.55507131196443
108.95338534266752
109.21401657088309
110.36082608600601
110.55023942923835
107.8116294226943
105.58920859487945
106.46023890324881
102.41081356160872
103.51102976483067
100.95882976758838
99.66973980597614
99.40857542509475
101.35742881019213
99.78496550160351
101.63204095170924
103.81103997548512
105.53979328356193
108.60195609259037
107.56352245755981
106.22673148625238
105.06990432159414
104.00661180079663
105.84529390604762
106.46038746372692
107.13091941669654
108.24604583348214
106.2173261038107
103.06758708421691
102.26365957510535
101.45188956462553
99.57120336067668
100.56388547322067
99.24319455709282
104.59645042390494
104.3059083994874
105.27336091895721
110.19871394289503
111.46446000414441
115.40796572141909
116.15977088051704
117.40471739197027
120.35372089454046
119.6813081630331
118.13589640697687
117.06825901987553
114.93633424421373
110.59390376045346
111.36726152017008
109.69597386503975
110.87139279615974
111.72130314519165
110.33951890966401
115.13203477463841
113.15716229702794
111.36457616849448
107.34251211251522
107.90935530029732
106.5434599894272
106.8769727037978
105.70553086083483
106.12488149505918
109.84954821341728
110.25536617368445
108.0623520082707
108.80048261482136
110.31323229123954
108.7350217286973
108.08185404561294
107.23317276501035
105.34667713697225
103.02203237055163
104.79920094503295
107.06151323342952
110.38955176345918
109.59690252281207
110.0061776099869
110.1711076386094
109.0551483406805
111.4930824901227
109.09990652781217
108.81503364286291
110.71685095389286
113.84936406972068
112.94646771543755
114.2606304294335
112.65802155635188
112.43623408399291
114.57967955356345
112.00082375925102
112.08424175604617
114.8514259197295
114.67412027723599
113.7288150817676
115.98331017493334
115.64649313901285
112.09183101009003
109.5389106167318
109.98028502260637
110.45628597909841
113.88102297452228
116.84578133053006
115.00272584826801
114.54913253088854
110.79107064023022
108.69630157225765
111.38693660802164
110.81175293963481
110.31655524152396
111.64953117482685
116.49823614739152
113.95959431893004
111.57823129861654
116.2307446532111
115.46905938696393
115.37766411963858
117.53682390829432
116.54555585806845
116.92933653507025
116.19638899513544
115.3475882641453
116.40949293383854
115.8637360988163
113.77290425783825
114.18380251869166
112.09397619938555
114.92602979529941
116.34592057537328
116.8576684559185
115.35181856320821
116.13965443000664
112.08122584442262
111.2958835592288
110.56102226955075
112.42359088639104
115.84498046383995
118.19361872011909
120.00496967489941
117.1186823291297
120.44479951857987
119.10803296670024
118.87419217167128
116.7915596785274
120.31251944088864
122.92304177520315
123.052568683593
126.39507264475738
132.56611318642817
131.00733450055057
127.99783512325759
126.00831965032081
124.79938612919621
124.79145193802894
129.282049740941
126.06626126202227
128.7123431478178
127.23439977200384
124.59745306417503
123.5579831294853
121.6774288905242
121.80634720555373
120.42373779139845
117.00782182081291
113.60184601845577
112.92023512244664
114.0450486607006
115.27838173110865
115.9318752228849
114.42439775657566
115.36270180945378
114.70188388031069
117.38967871645971
119.85700724824305
120.64311618566379
120.95272280306143
117.75609350727262
116.72965632124269
122.0091371214736
120.22410053927487
120.28655287139954
118.0219219776777
116.04505649145905
115.96373603943704
117.66594115887483
114.85808223704372
117.14644246293787
118.16376275291377
121.64448868370866
124.05575752379215
120.61401778593489
116.26577157527333
117.93224818027663
119.97843904380476
120.40929221268813
121.67834442219643
118.30951712523907
114.9963106458631
114.76292401299402
113.25883137457652
115.15742931208884
116.15065141665626
114.86948760669817
120.39876169954351
119.88953649395806
118.48847714055528
115.72036720501451
121.9221433414315
120.5287103551612
118.79565866689624
118.69471814879255
115.44573227788985
114.50159614047917
113.24569568894903
110.51803360173155
109.60644545374133
109.36177517061212
106.93122471800564
106.3027295125049
108.83788545377499
110.97665132649334
110.15880468833343
110.24312822477974
109.4252137552702
111.5836621640497
112.53941579034624
112.10461554598923
116.73246675743825
116.92499909211298
118.7397260022526
115.3860703639398
113.87201859276753
110.5577379817468
111.22996460350232
109.17213128558794
107.96056810887649
108.01123936243158
106.59046710243831
107.81656928394192
112.72696902599603
116.29359746618353
115.60297495018743
113.37765407223492
111.78039687644178
112.65487433594042
110.32810862755221
111.10302140725932
111.06389324824524
113.96630400404021
113.36040482097235
116.63591343211019
116.3014446388917
121.18108131162134
118.43300898311668
118.78600436226853
116.60803186275793
113.60011117441609
111.97919722599296
110.42582653577773
111.71932382211374
113.30157249911728
109.29905993913404
107.78588902780055
106.94075692534796
106.67428344286465
105.40328261555007
107.13358920990562
104.69435416666619
107.62962907338839
106.8955857874651
104.2054600908985
103.52101058977141
102.50109837754131
105.17110821576797
104.35288880030328
105.8760169986184
106.76195701547385
107.37859459144134
109.28807888781805
111.79162135661264
113.64919450636759
112.10742409747562
112.90845909415484
110.63604319326303
114.68565792154
113.77690115416613
112.47908252924532
110.34559836062499
112.10671237885323
108.62203854033427
109.89261109111894
110.72730474552813
111.30508735953117
110.03245208124342
106.66873599021373
106.90458656749561
107.6068784091799
108.88201960776216
107.54399019092891
110.02804407638233
110.86024075775588
113.26214252922966
117.785213006242
117.05486682555171
117.00701599702745
111.71512090752556
116.72239568994749
114.82486772754072
114.85797958976613
111.25663060454134
110.32709617670541
110.80110123823643
113.57625316052159
112.02556949078064
108.64580290909335
107.18705975034331
106.53377383294129
110.81565523599842
107.9952496288609
107.2979062329452
106.77608940872483
103.93882738795807
103.10360610858675
101.83553077209727
106.259405353714
105.86305357377586
105.57736915020759
102.94313647597032
102.23496170906664
102.76995504268838
102.50483237435085
107.81343827323825
108.81088661782627
109.66806936574467
108.49710015386049
111.61004214367819
116.6060511304668
115.3382385368407
113.53872490954667
114.41209177859425
116.07191052162094
116.03703996705823
115.47186302422571
119.99466872665754
117.83093950461975
114.38869049942058
113.29620070475244
112.23988204724344
114.79766001557364
113.09748112136175
111.43323461696872
107.90149875092784
106.79622745472093
109.52827448623329
107.02054604696085
106.47200897364326
104.59497219787139
106.72792308532888
106.66652412178428
105.35681530246985
106.67547108865861
108.03936416039643
107.96546189461455
110.18427005207016
108.95131082231681
106.40909079588623
104.00593941177111
104.08796084839936
103.17392169477655
106.17828530058706
107.23735530914352
106.38037847457993
108.84986587587937
108.2215897871336
106.60384888373257
106.25865658047586
105.42542505912843
105.99002435253469
104.88420312627589
103.87131148725025
103.49743070959552
100.89213098175817
101.98863179606136
103.57835923172429
104.8540164389048
109.90447856166108
110.0926852977102
111.36743390347652
110.16951112719025
112.20756981948452
112.66209733277176
114.38054477381138
111.97927855666855
110.4114207301854
111.67402598861737
110.08692308039747
109.06800076507324
114.08459038478887
114.02416193217734
114.83321298469976
115.12863532023161
114.514409157191
113.97787257533784
113.02853558049178
114.5005608645172
115.57633947174818
117.34519434590253
120.7848816685993
119.19036580413007
116.74511785747998
112.61153559234386
113.96420490354475
112.78607549428116
114.84626455493083
116.61483322517682
116.88788838397953
117.91555914860594
119.4776055098459
119.13688103659241
117.10584604244566
118.90343882837989
121.08676789041527
118.69434145671788
120.12658713172898
119.1952775689992
116.70818472595633
117.16929203076305
118.58340491903344
115.17858529148107
116.7033589727125
117.2319481821955
116.52088205838287
113.73065074750895
115.3596021193136
114.02509304842359
115.14938704246302
117.45013021695866
116.96938623738994
116.03554747503604
113.77431756148638
111.81486986909968
109.6803759582216
110.70155334835853
109.28660897604202
110.49524840314616
109.65352734132122
113.97078852999832
114.50547814685254
111.23412002890176
113.20099328948857
109.27568069320391
108.62615201569238
110.42939005690427
110.16560907754896
109.8244052447626
108.1679045906427
107.55170702204379
105.78965367037199
103.05831826864352
104.1789765177999
104.51186433758029
104.4433627670346
103.14731538825896
102.7301072689516
101.82682920826088
104.22205519054123
103.65343789295984
102.63380117292559
101.84117814561405
104.0858094425677
102.26728891823873
102.76406289245762
110.0602242283785
112.07654989710512
110.30885453507548
107.82581838492003
108.23902097259563
107.92930513779784
107.87158241626713
108.38812488003678
108.63720127297509
107.87732990916572
107.39554834675026
109.26732402517057
107.94833180538213
109.30485215612501
111.88034697694144
111.22420978285334
109.84975846134647
111.22639894202419
108.25165416962174
109.43693646998105
110.64817893237988
108.73914816714341
109.49923119947924
107.79902151380064
108.72424264999192
109.21376292051755
107.89370123290492
105.86830032870849
107.97435135033088
106.17978607149485
107.82511986519116
105.30172310980834
103.59970727095208
103.7086961363913
102.95444333229277
107.46499178331125
108.92780557983903
108.38748356366038
105.51125063580955
108.83542549360695
109.28198007882814
107.38004168742371
106.52535191861793
107.89688389224318
107.06976171918292
106.29431629639544
110.77008977938819
111.27436088489303
109.87057232552137
107.90796863483793
112.6764460262067
114.46551383285306
116.15700139508262
118.7638580290112
117.1016809458296
120.13317782338488
118.33099464561562
120.60454144212339
121.40878448256058
120.57648742717409
116.7795638835061
115.41132122783333
116.0144849755913
114.88271404189028
110.84490511867199
113.93618074509564
113.88839195272358
112.20772404853219
109.26499064183427
108.55406624983394
110.38927060343723
111.27378523997747
109.95448708087018
106.908604861662
107.18569504613113
107.2038087959456
105.96315423433948
105.13442000901306
105.42109990424319
105.91955990776044
103.09144981585153
101.22899570754625
99.51436835256341
100.94065201321865
102.48784206297404
105.22016896797565
102.8270658137944
103.77630983494407
104.8570273677078
104.6014133697602
102.82975274847482
101.5043836219461
99.74167217048739
99.954626372257
99.47659991365123
103.63049617030363
106.95873177834206
105.2438742821141
106.60180876326959
104.03364034692419
101.16689622930447
100.28947729550595
100.8668231493696
103.79671684249281
105.94378860895861
107.43670746069135
111.84999215561464
111.02392728637106
108.325258751169
105.59163010382524
104.20959983495763
108.43977604681444
105.127263833
107.48048174336105
108.7820038348653
115.96741891258885
116.458264035874
117.31725126188284
117.48339413165547
114.08331475027936
111.84540029943183
113.91061312825161
110.82677870503001
110.69045833763113
111.29460957411018
108.54244829567942
110.70945341456013
111.42233846910256
111.15986362847089
113.60539107722192
115.91684938725028
119.76080612694098
119.1471051648912
115.92063764036597
113.04869431064019
110.37358922746502
107.33672565355941
106.33885109974568
105.79324667400867
108.44301104200245
107.3138675573934
109.23927141310014
106.8418666115474
110.50635340701434
110.4573769942832
110.10217260508462
109.23639846625991
113.79454734303219
113.18450364615693
117.19968134802404
117.45202271481612
114.16037167810724
113.55714100047827
115.97496395870884
118.85245948242874
117.82376317336757
117.43925655833787
117.18366872183289
117.89472633154381
118.13459157055051
119.6380087677829
115.38583765177802
115.69951435615752
116.16449110944185
115.44143655258462
117.10583401056326
120.14687614466173
117.9630586482567
118.2976960570963
114.99679253943194
113.15762572266664
114.43037717335429
117.17567894739038
116.13723103953305
115.48880430035749
113.78951584859537
113.30158339311846
112.47283987022365
109.55024448984112
105.93690967863333
104.04093860135136
106.81245973518115
104.41482855366161
101.23772864991778
101.20941017400419
98.85505423498411
99.15647293424888
100.81591598229362
102.56923020957315
103.2814473168743
102.59297665849017
102.48205413761961
102.08298012046005
101.58614274722791
101.76976920713227
100.72445517407654
102.08768770348615
101.52901826830916
103.21478714967041
105.19047771482224
105.81840920137807
108.1625516979566
108.1526752656864
108.5830580717355
108.71876444277602
108.0149348352639
108.61532391663229
112.1346186273389
116.36633860237961
117.62384046062151
117.91366634976494
115.6132807774999
118.82366065146141
116.71731293819643
121.92725011925944
121.65441648938953
119.24153200639412
115.86442126522033
112.89873231074209
111.12422943021538
112.47032830093958
114.5712164544109
111.79892460277367
111.9347361913489
114.17161134683766
115.03667867252742
114.10753523077295
115.7763550518857
113.87872923491746
113.60542702753078
111.61021444068744
112.49205238376253
115.87695977886659
115.09476132313615
115.55472690509369
116.48312524980125
115.63526346841195
115.54371774165192
112.97531685564952
112.15058511002198
109.02525163920023
114.8079509337121
112.76219601067562
111.22123824618613
113.62013710320343
114.19630929117486
116.18529784844175
113.63968013220443
119.10072944324318
118.06174203262903
118.78932795662534
119.77995277547122
115.01209768330087
113.65696332738376
112.49422287301749
111.41033574838347
109.81660332803872
108.956255366528
109.2248793997195
112.26672798916726
112.99872047679551
111.93838550233527
110.20539373188979
110.80271097634004
108.8209740059379
107.3546782026862
103.93190908990702
101.85254366663045
106.4971534916328
110.5237993371001
111.96732831332524
112.00775311134558
113.37377335389367
114.93955256618645
113.71523281310395
110.54109243835704
108.84299233247081
110.43379145207115
110.00881979316617
111.56688563573152
108.63169883863043
111.0668212730792
114.99730787941208
111.68414249783957
110.64674750555965
112.96969389284615
109.32519664774821
111.60148002587528
114.61532778839278
115.08781526136197
114.4661452104883
111.44751624725713
109.38406744617413
109.03821911694656
107.86565267232098
106.10660545205663
107.01450478985066
106.26892081862141
105.60340148939828
104.39093658083456
100.8291634365158
101.34305845437294
100.95352705156057
101.69231244964473
102.2247426627766
99.95364781545874
96.94590647758874
95.6447339768115
95.7449523782734
98.50775468137917
100.52764738512175
102.22556595950209
105.37258349891114
102.99201873840687
102.02155506893158
101.34151054820026
99.82078413584487
98.4390816317564
101.11679839276918
101.12400509292624
103.10214302543113
102.75321496488232
103.4087399264653
103.44797506414558
101.82012624368298
101.14584169536576
101.98231655838248
106.04885800675679
106.94262036749822
103.19708372575104
102.23006838565011
103.9579695688295
106.86645702820041
106.43975756022857
103.82562299588696
103.76399573454806
108.48597019045857
106.15519238801701
102.36766357987906
104.38246606676137
105.54567083485546
104.86060198225681
102.079116486337
100.39750810672189
102.3372196040131
101.8172616024717
100.23378416239179
99.25073040102747
99.96426786628136
99.91704994314976
103.90967507619253
104.82215030126874
108.2847591681557
107.87204899144791
106.22088298722532
109.68414824818824
106.0664532974283
105.3186374609568
104.28564454836389
103.70979800139621
102.8460257697049
100.22940671375547
99.41779860384237
96.6620574031021
95.36756054953155
95.15413200340127
98.6384532587844
98.9236911613756
97.63187944908067
99.52093396850769
101.08874556591628
98.99449658246974
102.86532469891648
104.87844007066155
104.70174316651958
103.39279208446797
103.1617993558481
106.1049084422629
106.64565974834011
102.29268148204373
103.13008002748857
104.22007167481102
104.93183798728549
108.24722805730829
107.58358284213641
108.45114885939559
106.40878537393573
107.15903593199448
109.80846722692883
111.60843833659442
112.29175802714508
113.09153172234245
112.59765868827459
113.0487165317277
112.82192729175785
111.2914278688481
113.3014682528138
112.00666500711073
110.86618620975506
111.84321357624319
111.10313043972428
115.06643362038471
115.20174433352643
111.74789389988811
109.86203204590005
107.31274471143995
106.64734813068556
106.39145670374258
105.37437570718633
106.01219798023658
105.04238223630533
105.90381431564064
107.29652688136837
105.34562894670995
103.75266370357504
102.86448277035682
99.98799246750167
100.65063856461745
100.9616659020598
102.91879076889352
103.73443223831124
102.94698027773937
104.92307951297133
103.28252613005294
105.6614249605611
109.57868602719552
116.7142181720185
121.80140134335849
119.08523420449642
118.42197044586068
117.8341373364818
117.32375939095057
116.9120382762218
123.14920308612231
124.83112087344958
120.94544728131959
118.43927873790699
119.37163553893204
116.52344713916926
114.61280352290734
111.43918844450992
111.49768837827231
110.65007312719891
110.50961435520942
110.06705367688205
109.64238743870656
109.94529928864844
110.55506426243547
108.0593105110293
110.67102223809613
109.37654601283174
111.84696755125178
109.28286281098721
115.12740843867508
114.67840996748028
114.2772883431169
116.25902651196039
118.41819349320113
118.13737828244187
116.11785245930483
114.1385670518221
112.48646322576082
113.43037155498493
111.79567993539325
112.84880347790073
112.17407948104808
113.71201988179537
113.31062853268487
113.63157460291767
114.15854013391208
113.86467943362776
114.35909350294911
114.3732307839692
112.66335882063483
108.83291746050246
108.32945386050149
106.82720889100457
107.49295983856919
106.71808686600416
109.78885745253713
109.23614630267788
108.59135636889329
107.71329781400019
105.10181610408824
104.18635016515209
103.48358256459848
103.0085158930008
101.7528077476344
101.88312013032527
101.87751864687608
99.81553534532506
98.86946491109673
96.99353706869762
96.56236620383575
96.48015200392506
94.61649361171375
101.24321522675655
100.85441039255893
98.33618933354293
98.84176811147576
98.00844652128767
96.6758727246975
93.56934745896937
92.80933845168524
98.65716670741547
101.90707820203583
102.81250683896495
104.71484315903113
109.15076580393172
105.11523814187882
102.31837872814407
101.85485380533162
102.35835006364695
100.79918332999344
102.47710195637379
99.87839164753606
98.6565840025701
98.7650863895806
99.9698519682212
100.57334391425121
98.9145475577575
98.7443613147824
102.37490849794139
106.78555956072896
104.49733796225321
105.14999866989494
108.09291486074524
107.20505086961658
109.46083673155768
114.46040803360633
114.88915871031493
115.39498567833198
121.34548329905479
121.99173088138562
118.99962804207088
118.99231376772234
119.24566679581177
117.05909656490104
117.3010647973473
116.86785543722876
116.68849146474012
117.4260782286046
118.35203651188648
120.13188013580543
118.83448279630477
113.6525533386988
115.07105056479399
112.53476578554817
113.50644611164468
110.39888444799139
111.2102028589355
114.63807869663034
110.89694730535282
110.04130578842957
107.7198975860866
105.9219555597026
110.74942253399375
121.31397419139945
121.94315255994876
122.3824877334914
123.89051617138263
122.60703426409134
119.02469648525256
117.82010637493455
115.09783804366015
112.19338612847488
112.3965960989878
117.34196167849164
114.33745144131233
113.4894068710116
114.80927592251285
111.9815737925926
114.1069581486511
115.48719202225959
116.73475030035904
117.07716091380513
118.32219368833333
115.98940445619255
117.9178424861581
117.16899124167806
116.03452620473361
113.73599351922233
110.87529155860346
112.48875193001314
116.12186449964338
113.51749072130487
111.14380315263773
109.27754478051118
111.82341890092316
112.22416400583951
114.98579051522033
114.54425485214968
112.3293822582543
110.3298290107697
111.95740405971429
110.47329755324698
110.23845598750354
111.44243349726285
110.13152897272548
108.70203405260426
109.65523137809805
109.8948124099502
113.58048291335282
118.08005228399996
116.99986741281481
118.10904527452574
117.94957140221895
115.5677989771131
112.86671789968827
110.60348808730738
110.1185409653635
111.2735046078832
111.98677962180729
110.42363566551083
108.78300123417549
107.71219584287553
106.33148991800698
109.66877760216947
108.64412409376438
107.03159814980657
105.21508049997121
101.66635639123051
99.67369429549657
101.01431562389946
101.57072221844209
101.80717507705256
101.44194346364543
100.3669030252272
101.80382562555378
98.78991009906724
99.43550211964313
98.14051338504825
95.90078636110593
95.26982352210611
95.454306828317
93.59631280738077
95.58187909363218
98.25395056635003
98.55793345074659
100.6111951920372
102.69906430443997
100.4758742580905
103.33770049873607
102.48569180747054
105.27375440568652
102.77940271596835
104.3919340541342
107.06748746325157
108.49947877916978
108.09174823997328
112.6899974692896
108.84399568350763
107.39581412101067
106.55971221402059
105.79017207162147
106.27617957196595
103.14921962858408
100.37477359596586
100.52996539407086
104.24822105288068
106.78606613461682
109.63790549991278
110.12781266064412
107.43596003733609
110.2664304437714
109.60724926475982
111.61118858524495
110.58057504803364
108.27062341277673
110.32369902776671
109.23954799669295
109.56906372103641
106.95648771921368
107.3208513096137
106.64651979453161
106.40853919536319
107.86666586176304
106.56370726366079
105.97145189987971
106.43120921692457
108.06558741193982
107.77670191865828
106.83147761783734
103.96151826462744
106.00439663059416
107.15858237449893
106.7241442000959
107.79676085697706
106.26340725294551
107.20927414527789
105.69390597951099
106.26328698695237
106.70613848132109
105.32252850511604
108.97071718596088
113.64850988276858
112.9645854992994
113.65788627373878
113.59942030799381
112.83160271333949
111.98892065046479
112.879886939364
110.70364464206601
110.13665829047243
107.0092587285852
111.0279204723064
111.45871742635961
111.42573911935517
112.63648962166575
111.39896009896822
112.64959928997202
114.22255181638766
115.65664358415214
115.45308749745347
113.5075400546398
114.57810265861262
110.93738546467473
108.75671386458244
111.25283873366024
109.28743383416669
107.36866216615714
107.56214989425172
105.10289607854118
106.70817042480762
106.13829490181597
105.56890763456244
107.16732774103434
106.16953008788681
104.47223508733983
103.94959791749422
102.24367563313328
104.66205597643665
106.65679455627911
106.45007897355852
109.99264608498757
109.03653608826889
105.74741406449242
106.1278046050002
103.49456551710618
101.67091137987526
105.1130715125346
106.14235376167952
106.46638871713546
104.15110365044204
104.79862692691898
106.0586949905652
105.89671714569492
103.79068176904968
104.24903697400609
105.6886825702955
110.81940771884462
111.94454577490976
114.08492661474848
119.19676730733292
117.37491673814237
116.54615361574656
118.55767425204225
115.7181012645668
113.4931413672137
109.95500542080461
108.70425706747022
107.81660137460227
107.42505111594993
108.60658569633286
109.56388406092928
107.47570790540543
106.5221888504807
107.73825936056559
106.72025027647891
105.24340268882158
108.75101138012047
104.65416187886919
101.30490284517398
105.83511118924153
106.36688476418549
104.66412785002483
105.05022975355341
105.45055961620454
104.62539071564946
105.45786594551495
103.56515252405971
108.04270720969322
111.81386347052859
112.82287058912432
110.97911366025802
111.51960866519069
109.60679097335948
106.62916381108647
103.78213391473712
103.81679329949849
101.06283254241471
101.30677527981427
105.04027339231932
102.96450740694152
107.59640307815133
108.20833593762407
112.47327795041271
117.02985716712534
117.67771293749001
116.56245056262269
114.59697000141321
119.50133750033663
121.17125787006877
120.15700687300547
120.26494312001994
118.17223782095114
119.34797107570213
121.58470395774219
123.77160904717516
123.49416671207949
120.70903425195178
122.25399715671277
123.51355524156818
125.26749034084834
125.26863862922218
128.73427312040576
127.30592302184435
126.70671256977045
128.61448133680852
126.69418787613952
125.13720942027416
125.14737524224594
120.07658407761879
115.07693605047125
112.61277964589233
111.90186995510207
115.26070288622299
114.6888558848492
118.45065009797689
117.36145847379889
120.02574297028185
122.63369384993133
123.28451106768631
123.35551946340998
121.58932693393359
122.03677162976061
121.4521598608002
121.86286626467364
118.94895473533066
117.36027108347703
113.61475147910949
116.97223039945514
115.1694544277136
116.60789378008032
112.82321899564505
114.71087585737018
116.49188424508432
115.36566683972701
113.59339177058023
109.19491833529189
107.66601383111845
107.85539623917803
109.40477671733562
110.36883247136122
110.44922766291762
112.62385897837689
111.43224381151055
109.6597975926165
108.44626102311955
110.85709410580785
111.26955896860352
116.42404798335133
112.35854011283313
110.18494174070837
111.17737386743615
110.39175869288755
108.62239330640098
109.19441145013953
111.48811611995751
111.08902613489724
112.08666516683161
110.8388837818028
108.05728730768567
109.18912711625242
113.02297927635185
117.09079518404498
114.1709527768184
116.75538187132916
115.36584893187847
116.72304483674213
115.45186790055784
113.13243342888273
110.95991497730581
110.13917727118871
110.34476490668374
108.82106759388735
109.36736525139906
108.9353948050568
105.32803754875415
107.13043881978929
108.47210669695089
106.45941900389163
103.53576379152848
102.01099803942937
102.18446939066968
101.27114403870651
100.60462356996936
99.87873232640408
98.3937851675232
97.96884840450805
98.9661616621984
98.89898702163723
100.4693098247361
100.12800058430982