replaySize:1024
77
75.07055208007962
75.64775218765112
76.5613969795018
76.1887647803832
75.98660581370326
75.27842194356089
74.87272730345765
75.71224055344396
75.40938352559375
77.64987081375325
77.88615013537358
80.01381379828813
86.19998044957192
88.95680321046065
87.35484731949617
88.64237284109214
88.16899688194559
89.01736117587878
87.96414038423765
91.53959687834501
93.01092840439135
95.95403812770076
96.93830460522837
96.41305781937666
98.12699861946277
102.56488166890045
105.25969986127815
103.63971862111072
106.01976603637314
108.54266157404786
109.93114747084395
108.6311884241187
106.92730851408453
106.06071993817469
103.46991947044037
101.70091911989134
100.03713278253326
98.03895192820309
102.31535765015524
100.19999003724539
97.91686227888975
101.23874148746967
97.31571224971549
95.21627128737444
95.32108178983852
98.43012217560478
101.02702829564323
100.03231250890342
96.5406569212236
92.84505642653691
94.5532991537434
95.74928545480127
96.85577225767305
100.4305898607115
101.72277748686639
103.64627199478379
102.78897915936773
103.54220380795995
104.45748544816736
101.19211315379758
104.66021458553082
105.86733518475312
102.2779693161492
105.21661474805408
104.32045939719364
106.12618274587119
107.67620808184039
106.32078192709994
106.65037829526584
106.32890766772573
106.51937921031242
106.92328482968983
104.62506306344059
102.97990614443476
104.3670059482185
104.5509193840629
103.78189133733528
102.82199725632547
107.78770561840365
104.92920764098169
104.08546077012771
104.63505841761592
105.4425126340679
105.09755957229231
104.26571499218127
106.2948930232853
107.32507961766584
108.25441236403749
114.04555797513832
113.80046624064587
113.6002749910182
117.14075004107033
113.3334809999565
112.83539241374471
111.18699945302832
110.26215329996153
110.39314726990659
107.70688013744267
107.58412391213673
108.8842124482147
107.55596835827163
106.51571333371291
104.42054791140741
106.5635329408173
104.25979804107494
106.17421489439613
105.77734017122766
107.56880266572456
105.15594867673117
105.12878126267779
103.80442327917459
109.51812495579881
107.80960450852274
110.55477461734682
109.1791746107115
106.72600779233392
104.60469248747884
105.91150218618495
106.51243393348264
104.22422162877636
101.83045915762534
101.03137816474005
100.76480443160719
102.0753538965259
102.64580031998996
99.81960528336211
101.73160308883122
100.9427719124417
99.00442461984649
100.67214928667039
100.77170800529068
100.42151101249091
100.61674987666082
100.5249679455728
100.19635652567035
100.80820923568747
102.85644160346563
101.79052450002011
100.14158689679714
100.8855761668072
100.00228069427244
96.7564103033261
97.64419751958663
98.12955792036753
97.94985982933075
98.7535629741069
105.49798526790799
106.36978957468399
105.40025684292004
108.03274564256522
109.62744083856845
108.09368137209393
107.05044417682416
104.54056785653303
108.66997275469797
107.08160291137287
106.83265563367056
108.26536140733195
106.26711191483639
105.97303033950924
102.96078345507526
105.05072328580991
104.99237189974701
105.00726484695896
106.31038889407039
108.67922721780602
109.28049003529979
111.89823235722179
111.86117054227543
111.12838327648264
112.28574446228653
115.80557556142611
115.17869820985877
113.38685939634148
110.6041172990234
109.96178914191071
107.80166962116603
107.42237407761351
106.77628415819254
106.88671395256814
105.70991129293299
110.1417834499473
108.69311236352893
109.87837084157681
109.05469348032551
109.00174108289552
105.6311395815347
103.96630274124931
104.48986006584792
105.65945351780174
107.38552778471615
111.4136610408928
109.77907808347942
108.31388214097466
110.80890170647018
110.41492706512227
110.66034895555671
107.89695834737297
111.54313555106235
114.68282566481312
114.9657410000094
118.64399869260542
117.35503187840071
119.87147126561052
119.9994619551133
117.04667678038312
116.05960906569125
115.2839534574325
114.57915635047085
115.21959814229963
113.5740212904803
114.66361918905314
117.42426204400876
117.31379559946159
122.1538956653526
117.45153069420944
119.45920371394622
120.61098013197055
123.06543734526089
126.78873595359688
123.04016656256975
120.04620524385793
118.89215108036137
116.7585735812542
114.08778837363644
109.67610525594091
106.67943397166027
112.18895371687347
117.0428611937324
118.30102783237533
116.25585930195535
119.10375589663633
118.94052787732858
118.46737737923246
117.86868032344266
118.09232313414432
116.86923252956002
113.14240028732834
112.33071810515645
114.44331969309559
112.33959702673341
110.29828743370612
111.67382880798193
112.88162904479009
113.44256588153895
110.80164731716212
109.48580187791258
106.92966282347136
104.49047420353236
103.28525281169048
105.2097073225528
105.46168850902413
105.71710054027172
105.58317040375705
106.15007265381192
108.97041240046002
106.7004239767237
107.23238600057194
107.17855268248
106.6955149789854
106.34865440725105
106.43729742392368
105.38784583670427
105.44414304641835
107.5886485862368
109.87497533967914
111.1874833539996
112.39623485851905
112.38284595701252
109.89935143537843
109.00489593544707
109.50247199467486
107.59304627316521
105.45185767534996
106.03694705467086
106.85176213325252
105.82902277112866
104.29349339493497
105.73974190773554
109.73392354846041
109.65083153789803
110.49580379092806
111.2343021980086
111.36991752948889
111.47149220723354
113.15044363532772
113.47892214563213
115.1238223533759
118.54311749163814
118.9987817513367
118.05896684839155
115.6368615910917
114.98095731681589
113.15327888772373
113.78690284768605
117.19740218356986
114.76809126942909
116.26501959140859
117.56826065146515
122.16809300774854
123.93360785481444
122.69563793284395
123.38073451195748
120.25095218545287
116.86110305973637
111.84424556043463
109.09731647294764
107.67783534005467
106.39877812924475
106.55083563529406
106.06327479735914
106.338934979932
105.54662816451342
105.05962300567995
103.91295787707536
105.01347517730362
104.1913070515654
107.34536514083831
106.27387878756093
104.12396619741757
101.80268614769952
101.81627690163856
101.35213648986928
100.86575205148205
105.319438954188
103.42451255921662
104.2278383721668
109.6364296664635
110.86124095946147
110.36428973616756
111.20481747646882
108.78378081037025
105.01424109268976
103.59766999674297
101.38976405929488
100.25992649609253
98.74941894338168
98.39020069854728
98.50730662304879
97.28448926977559
96.38756185070943
94.74495293907505
95.79983393774602
95.44181790822981
94.36424598679866
97.86753322947565
102.58624118453929
104.01197009695458
103.86084753997261
106.24921370144058
115.54505465918783
118.0712542071049
116.75275300427329
116.74392322167107
112.87242361790959
113.95497373318122
113.12224912031961
111.00558401002424
110.1289834759682
113.6674408759358
112.84692463499157
114.49068507111278
117.30573695361612
117.48694614358311
117.35117363156728
116.09052447174375
116.26378715024649
115.01770401107433
115.63406452851922
111.72667288548483
109.88555477329933
107.76918581727419
108.32885886017415
109.12547795757655
114.5659265063305
117.03520144856682
115.3978554662093
121.69461712064565
118.37939147828585
115.38603733714174
120.42456513850455
121.95572369481057
120.76101255119121
117.37087992367168
115.59795864212577
120.2766347431021
117.71273778072128
117.83885377684273
119.59052930932388
123.71291846556652
122.28080827900159
119.91794368610064
122.13572122638134
120.76902866244903
121.56119961971318
117.77492637552078
116.20976532732476
116.52500432618538
115.63255153195026
115.32962826796515
112.82295904189927
114.1271827492595
114.49951267710243
116.0251092011608
114.51020180236158
114.49003612657106
117.64879419909239
116.17093141991853
116.97453582043458
115.15372545279243
118.97579887721979
125.28563442280387
123.55675367367182
125.23620721687998
124.35569004786973
122.53399650736682
118.36959776378265
115.56141112443639
113.00197934381913
111.25930189928823
108.88185909298112
110.10431124845577
107.25380998930228
107.79804563842234
106.85516947116227
107.38433331361652
109.25711725795577
111.85771219304291
110.35969026742238
109.86016086673247
112.35154480220598
113.50630199515095
112.93977434095592
111.83412740887442
111.80664245825511
114.11858741335487
114.27974958904062
115.20088571389398
116.66902692363205
116.30209668503215
121.9376716441554
123.87892932855524
122.50244333586839
119.12812310378878
117.72826284380541
115.78216962453017
118.7290571580823
117.89668498461414
116.5762917952471
117.99828795430936
114.96050933389107
117.92927989141305
115.74795170499047
117.31550468468073
115.03342412529756
112.35828658630189
112.81404696324374
113.08107507139998
110.61158259858541
112.9992390499043
110.62749557623208
110.80812564326065
112.71398616217128
111.49810855362095
111.25250377826828
117.77396728786047
118.20254992804341
116.06755289798625
116.15730265041891
114.98167036863875
118.62875292296421
118.02746232928133
119.88128024484935
121.6298437347877
119.33665820595537
121.01818080798216
120.33760977000942
119.31809079534179
117.69656861089206
113.9673488085452
114.44857204119602
110.72341046189568
108.10357599460914
110.88783159984811
111.34806469323922
113.48801652320145
113.43845064186144
113.84580689360668
117.10332516230326
119.35271220550358
119.17369143189913
117.93903685247956
118.15930454952796
116.83689387028244
116.98663182564545
114.70027073711272
116.97772612318187
114.04233720756278
117.69641783720724
120.3620807488106
123.84578128593743
125.79126044602508
123.0650376607087
123.55062191026987
126.32296255931303
123.0822159304628
119.28319397876467
120.50668624187068
118.094106267283
118.74357232841814
116.79884779572603
116.76110790750461
114.7783596221557
114.33934857142005
114.688557179301
119.07032781613117
118.78202563066426
117.87665938686476
116.93790562395196
116.8991433997064
117.61714165457069
119.07452903639167
119.86066559430434
117.7120061799841
115.62505061530142
113.6042208870295
109.79501756559726
108.4564016514873
109.09262566645928
106.83072172760839
105.3792865491953
103.73143709358672
101.2114851279648
102.24036537504927
104.05215968215327
102.8620078276058
105.71841438921854
109.19549697960645
111.55277944676777
112.16432017607923
115.11515823996878
113.79224253678777
113.52132630160291
114.63362030200125
118.26573683335792
121.77295091296033
120.10593150209002
117.10197361882015
115.72315210277965
113.64080967460316
110.3063770804833
108.83946968787106
106.32645529384394
107.69459049290738
108.61351655217672
107.1381855574012
106.5452266428985
108.51458135163487
111.57878078551039
109.18019974347932
107.3716438784118
105.85434903972337
105.83686367640846
105.06552755330218
103.67746929935744
106.93365877852465
106.38351511456516
108.82821303001349
106.8747729393782
106.49987500360821
104.622898664331
101.3625612411691
100.57134262038234
98.63687263278025
98.96573868851645
101.73679559419558
101.85124472275558
108.08608234650875
106.65075016167468
104.41983813665121
104.33564384664999
107.68346630354866
107.96820490870553
107.34658192918099
105.43037217356695
103.40455818879543
102.94193206864459
101.90192350061616
103.51693231552025
107.36771315286609
107.27871295982634
108.63888068031179
107.89206112074183
104.53344741800852
104.19681966531968
102.51697339196453
101.73862513816034
107.8039424577692
109.09156482105743
107.75408015219229
106.53159675336128
105.68837578914297
105.38903748434974
109.18420774277705
110.04867643631653
109.10119931199354
106.52644089590044
106.86258694989165
107.40115474363517
107.81104877409885
106.94834208481882
104.72532128693196
105.16376007208572
103.18977638418507
102.11076056189138
99.20787263368368
97.74596333003586
97.01424412608414
101.0347031162137
101.86934282950334
105.91431695352722
110.755337684959
108.36429753288037
111.78164765640001
109.09660198220581
110.28109957841846
109.64990493648186
106.95636289015573
105.45719958908546
112.03450218306045
113.89941128478259
115.72399255864377
112.08597418547566
111.28659931741225
111.2510811000871
113.57405763147779
117.0361085292768
119.69984683623112
119.40935723266661
120.96070099175158
123.8869149261703
123.17768039329901
121.64011533738771
120.65357910821501
118.79411483276937
117.23231919921112
113.92674288216013
111.8512798456356
111.79760250627217
112.7189148892527
110.74442029818763
109.6927218959488
107.39990427036503
107.87113534780215
108.32379086558615
107.46243935389747
106.99858472162336
107.55746821247527
107.12014090745618
106.3323432108647
108.48161549364502
106.93694558704256
106.28359747750929
106.02095620740185
105.117127621111
107.95341970934469
106.5458612733289
106.3870934305181
103.70966165501717
105.28254870287941
105.31663238519253
105.28050447934405
105.21450884847471
104.20598027688663
104.37965313795725
104.84115825980442
104.16037883840181
103.28241934842707
103.95794507071304
104.61809423718238
105.13610189048549
102.43941039251007
101.77214617609053
104.19892144971843
104.63408117613217
104.58087276108647
103.29529659582853
106.6070864743882
104.44196621336587
104.57224270902071
102.96025939314198
101.43530889515866
101.23144197631638
102.2212889448964
99.83426077159426
97.6571642135203
95.46444497599958
94.42826828612283
94.254158721138
95.7977653270165
95.2014530642457
95.32530730806818
95.06896762724898
93.67262134004584
93.66288941173134
92.44650898542099
92.98387775057243
92.93984937266544
93.52854201094138
95.28960220284908
97.16891814494187
100.86076967665755
102.4747993365064
104.32377441047065
108.47456493780604
110.94055032369664
111.6593284290215
111.50112265581734
109.49955201758668
107.25839005878908
109.4256266839367
108.35658233731964
109.12470750963055
110.33013176760103
111.11200794373106
110.71462944145286
112.28341863612441
110.34740701127836
111.05891430313987
112.66792867078149
112.2376873798416
112.50903309170351
114.57369920143765
116.11880300628447
116.81116613807094
117.56318824070853
117.64463612222333
115.166776152475
114.37618222716198
114.16724228837782
111.78614195367989
113.21402070146205
112.44500431734366
111.368452264789
106.85470377260813
105.62632627713981
104.58640938506139
106.92733423141601
108.44887466149804
105.374635345479
104.4906024693261
103.8021667506726
104.68502509971879
103.69752390640082
105.99935535561914
104.9526515303845
107.18979436626634
105.94441227116745
104.48895092859165
109.35085674086386
111.22093252029092
110.55071285179388
112.8964492914467
110.62966761507307
109.19186612462408
109.80498971620531
107.23265602895155
108.91704297962607
110.43091231351791
108.64811104716378
108.62983459989114
113.15090167179976
113.41453552256213
117.31384351997387
117.89940856139656
118.15747815257608
118.26377664710544
115.64761238314553
115.39428189101916
111.60421665235452
112.12871610119694
109.69508504860862
112.6957168232333
111.09915121509862
116.18601673495253
113.33262300162704
117.02371495582501
117.07518971893643
117.016852758458
114.19899247683065
113.09809820803072
113.39337754966009
113.30682405970745
113.28249084367607
113.91101431509104
110.57690092236497
107.85015558250272
107.14027814811831
108.66314540134643
105.8768766055458
105.63770765999475
104.75441469882837
104.63834768839814
103.23396703422567
102.28332811364827
102.72598812573334
103.3578175696229
104.0438276350636
109.3194691866867
109.44211233060751
107.5520610930328
106.12137368966428
108.83074108705276
111.65307293062993
109.11779791828107
106.13237688017438
104.38691457245
105.55875462870819
103.25454358644156
101.65398982202795
101.33943264343354
105.35591827249536
105.47914616135083
101.33267441054237
103.72187954384593
102.0970085527287
105.47786013635891
103.550254952736
102.38971462652256
101.75321678060283
103.77668279662527
101.49489741789921
99.0289534729605
96.81923534570694
100.87959652379534
103.60487841176659
101.73580216656991
99.20559890022182
99.95349887476425
97.88357525815523
96.86558995942613
95.54512336088382
98.69689914761156
99.2458516544803
100.67635191681104
99.9923961223874
98.95708662284495
98.86606970063875
106.26581952165719
106.81140215644746
105.91331306035043
104.61797149063037
108.98953514878687
112.11077531607786
111.09549000437211
115.79886786335724
114.57248802153974
115.3251132297066
113.1903411042782
111.5083055155333
111.70779388721559
113.59893647547084
111.93862836857883
114.17733484340022
112.60725482284337
111.90456025400586
110.32964909301418
112.81861495981929
114.2824806343111
113.32718172393548
114.25674107340532
114.7385731560545
110.89641386390035
109.94478793072403
107.93043169876566
105.57170648988195
108.2319733224119
107.65572815035121
107.87801491577598
104.9806304497403
106.67274033753579
105.26030224328464
102.62637628331734
101.8522773206602
104.72085960381854
104.80022030017582
102.06823905849099
102.35236242145413
105.05881978549047
106.19174461244087
110.02351515211419
105.87229763443386
108.02205934159346
107.94472959367766
107.38692012577101
107.1180833115922
107.12003822962473
110.58856324693382
107.04218363614739
105.05083923686715
107.52927368689073
113.37524633305051
113.82533074019467
114.36992088545794
116.50402859940188
114.04931103377575
111.92734289322792
112.69385931132697
113.29061794010008
111.10056900617276
109.38252800498188
108.38366863881768
111.9910694045699
108.99957239588106
107.79645781201069
106.81887111571888
106.61959229151414
104.33799035595773
103.71684663229094
102.42272616179434
99.67774271880626
97.36336274491237
96.74648052335242
96.22376921829542
96.50470507643489
97.60870352852527
103.84957210003826
103.03959209431672
103.56512406206842
106.01008046401915
111.58351125533662
113.32517362022699
110.70694744968185
114.4988116440193
118.03330106420518
120.42399647995772
118.39348742985158
115.96323326551983
119.29913894361013
120.48988504315629
121.87885596069906
118.30768919682811
115.64878218453234
115.31756754533313
113.71039501531756
112.58670196328605
110.81825502534176
110.44045281795688
112.02092443397774
108.78524082630479
106.99863037514115
106.12683225280034
107.32564355051835
107.48306267721786
107.54141929403949
112.581107802049
110.6936703347544
108.10152977397948
106.50070943063862
102.45355874321625
101.77931989592973
104.18534188936513
103.78845898991023
102.8180010090779
103.93461263375501
103.59261586342149
102.10758431188589
103.07000865096525
106.59962801428239
105.56245948294648
105.73238331845936
105.83041085097396
105.78314805028448
108.736769887521
108.23814519645668
112.38958145301201
109.62659921633492
112.55045819766202
109.48291384646456
105.59036140340534
107.81335999774846
110.38852623897917
110.04969664918782
111.75786971643038
109.85696197147008
109.45433120536732
107.12536007247928
110.45135796936191
111.0972604966782
108.72071886888146
107.97329479614103
105.90908847905509
103.59219334171561
100.75154964935142
101.54031787923378
97.87168319395785
101.53854135784071
104.65828122696145
103.68275648974311
103.30960833940591
103.10100585398425
101.20854460995888
103.33387075166402
102.5468324183772
105.54603084675706
107.36869843597438
109.5028123475361
108.65683973101213
107.59520118867458
105.96122064674304
104.87010003108438
103.16958999202448
101.7396032951689
103.53307981268347
105.39269664972458
104.65201572741015
104.39206638873847
104.96290423248615
101.48993434611624
102.95781665511873
104.62513011947891
109.37822607571573
108.5256940996238
110.74862249378299
112.5407130788742
114.4968637895482
114.89309063190095
114.34332084622163
114.11340608078294
113.38464612353648
114.92259107772854
113.81528200060083
112.70214358263571
112.43968901637236
111.32222720563874
111.54854442367323
112.70776284227475
113.2674947253136
115.97054277351323
118.6842508828908
115.36094937626937
115.19074346242775
115.53956239929619
112.13469224684721
110.61807082977703
112.2189607542918
110.69462769791546
109.71559517460761
108.82984177671442
109.90331760965114
109.94084212366155
111.37077119326062
110.01482683459912
107.92553098412257
105.06951810506384
104.63424636096883
102.35329986093627
101.77143855953992
102.83910433304314
104.87776535872754
105.33204011522132
105.80748041095413
109.84615595676321
107.83812222567938
110.52226071837272
115.93991162589629
115.75465476341286
114.67590559548343
114.42219829094765
113.90915780407587
113.04831492342977
117.76827369175223
118.62926500102668
119.88365105914964
119.67507717248621
118.91947188482285
117.92370263399945
118.7516837239292
118.17919519234256
113.60873443551715
113.20319818016425
109.64432598848603
110.38578707829221
109.07395863584904
105.89073323599465
107.47203167616935
107.20866402498294
106.0027437426694
104.76199378933397
106.04894630278469
106.26228521280095
106.69806331891105
106.73996848299538
107.11535829383695
107.12190979129649
108.45497912900676
107.64715691525353
107.53788842051458
108.18372415446983
108.7037804697963
108.88840218648639
108.92880285670117
110.51134984841588
108.9916860414173
109.25192325673179
109.62535247479349
112.91103502473587
114.40777492293802
113.81544694868813
112.4818360065243
112.83708686404304
109.5898896531656
111.0123786517648
110.26710826352378
112.04384228234913
109.53313502540703
109.02761264507313
108.1372187270595
104.64223961773442
106.72793744745479
105.08778272827053
105.97829190123173
106.3347306564197
107.07580961376546
108.42951244950297
106.6537082688434
107.89458104790053
105.12806889131986
106.11931365068915
104.66242421975326
104.9346122005045
105.36400618554934
106.56479641945621
105.43756062562144
104.56046042283668
105.25577944064767
103.19549651210129
102.4319436081552
100.51763673112883
99.15752268131823
98.05186452969014
96.96489292177411
98.79313714572471
100.88602203945068
104.21029032465455
103.91681343610512
103.41903045764711
103.2614378587861
102.53188417147581
104.06044893549364
104.35826974244553
104.19836590946827
103.25167532728086
101.81862629890396
101.25976595098435
99.61164009571054
97.38012317725573
98.36811642373301
98.12128804635445
99.19475143280069
98.83600007694143
97.77334621406277
101.00485769409102
102.47617335181977
103.41615203842458
103.96378053170532
103.8856655880078
104.67367026258268
107.3072580163824
106.18361967019568
104.74930463184548
104.8837376247566
107.132341073667
105.48828342557678
104.81381473986987
104.61998674715988
105.7857820445783
107.86862676694471
108.46950911567659
109.45841178438495
110.18268455056025
110.16180904217424
110.51377637269346
107.86324458090593
110.55642051233026
107.5885037379042
107.1744077865602
107.18589518520926
106.86909773696537
105.51000149765483
103.41835839422895
102.30069280019443
101.88020529116689
100.6534571825774
98.68572848507691
97.73873355177638
97.11568774895086
103.45725751624934
106.1328473213112
104.40509681812541
104.96942285428227
105.88231775598369
106.92917486086952
107.43231732277759
105.10135109722474
104.32369701025252
105.99405069710924
108.035323331996
106.94355669835268
109.84723314773916
109.14636031572495
112.30892533819873
113.09302150697567
113.69378306719166
111.79113033608745
110.76327894722623
109.879463758662
107.6834238579356
107.94641540147964
107.7501778211521
106.58417602985944
106.10974547127135
107.84309989762318
106.98588459795863
110.32569616324665
112.77534376291565
111.71718128558115
111.7171589232781
114.92259296390208
115.8062564339828
112.58773235542856
111.02056052911657
111.63746610216465
109.68826626910207
109.7312875493945
108.91063281799043
107.99149410450507
107.5531790078605
107.06045863665355
106.29031853452534
106.78449379479173
106.81678935949002
105.80665069582652
102.75264753907669
101.734320431519
100.29948619441912
99.29826490771597
100.5431400841196
99.22530530988043
103.45941867911756
104.03242996337652
101.87952335278838
101.21063547456502
100.62940906376508
103.1842468222377
101.22523646788709
99.90868413006376
97.96928347640203
98.30842785342071
99.73663948034358
99.68393315688954
101.34736922867734
101.00383929229942
104.43092514010469
102.8585859867812
104.0470077663484
106.53441086804521
106.14662780634086
104.83309653179114
105.81485156946974
106.50587081666256
108.47287089314204
107.94090831878832
110.58402604467504
112.75841186475598
112.58854806915721
112.15023417327419
110.5098893209369
114.110256139217
113.57240963249247
110.81069043434289
109.66256853419752
106.65968756785718
105.29715638962007
105.46401361533223
105.5571292751527
104.52906289272796
100.59957391684803
98.94464216274454
99.00432525789743
99.46639358688579
99.04847768774978
100.60529529737826
98.1866476695952
95.6167251096932
95.73770242435829
96.26238755067482
95.27069937872078
94.92471189761
93.30539793727658
90.45799933749454
90.47817768429955
90.77841783928187
91.2802689880517
95.97789483011331
96.02474816739534
99.04263285337869
100.77970966596855
99.20356130450976
99.98884412802863
98.90428607282593
98.06417270766092
102.38067654235054
101.62461241952974
99.67422389623302
100.04791824413638
102.9393521495726
102.1537534438876
101.28716433641686
100.16831634681635
99.71663505873835
98.7419168940667
100.17798798252181
104.7240914116943
104.98123569277799
106.92106953578663
110.71501176724972
109.64617673335216
109.03941886149698
110.56042463065745
105.92292149386907
104.8464640676492
104.20147743578468
100.86816614851969
100.67581594423288
103.72116415136412
102.68390278714573
103.99882619652291
104.99250438163041
102.60603379643301
101.88661474497852
101.60363914297615
100.38882294526282
104.52612382815649
106.30311222348648
104.75734233615879
102.85030436325077
102.17493084057062
100.14020471142624
102.55584424100202
101.11134026133479
101.19019258505112
103.90342120004607
106.75740632800371
111.49778640744563
113.15348999125334
112.7614611983084
113.49509836720517
110.79200306087891
114.6520288656124
113.6239548404564
111.23176951186149
107.57462707046433
112.4239825869232
112.66350972630576
111.83624786123691
110.34754534655075
112.08697414279237
110.8976045652768
108.67294887010671
105.92374050820976
105.22922612069392
106.06755336000646
103.80773364246078
101.3685688591542
102.51554888622776
101.23264149373848
100.34017409793576
99.3278215838509
102.90763558753514
102.45063981666428
101.75765436092983
104.73027252979766
102.86031118382814
103.87131366509237
103.62694188614542
105.93029429722004
105.1679622596374
103.9151053242672
103.17459788074238
104.83545191017821
105.49946541202173
111.71563032497924
109.89842026327716
108.80181457911823
107.49877298117218
105.07814084129183
104.45208347700265
104.33572419631663
101.31802127959016
101.7134903420635
106.69724364480528
106.26386546216219
106.45586871398876
102.62325481111586
104.31868951815493
104.88215525096503
107.60730678930987
108.47610074842517
107.63999890393471
107.4927462949719
110.94610810609198
113.62368732388494
111.90518975843916
111.96238535597539
114.32528764760508
115.39200328472442
114.8185085572724
113.96053350955636
115.18765525405283
121.23925954381667
120.55953763514846
119.13059967152967
116.76070870661702
111.43533878229802
110.69538811796829
110.55426949850633
110.80042218267248
107.57592553732518
104.99085694205006
103.02661525477481
104.83693928215342
104.88319103290958
104.97981717190065
104.33247901134465
106.34355142275338
108.45611770681488
105.05426952037679
106.80324381145073
104.78249794925104
109.17975835630887
108.77974541719304
109.89385591263068
109.803999203496
111.69741673834561
111.11899284651041
111.7288687729116
108.22499430136136
106.5298931920084
108.50840652089022
112.84269927472752
111.34918197039856
108.69586611929185
107.75839157800432
108.20288260045788
106.30720018915183
108.23336141963176
108.40662278956572
105.33116445715504
106.07787147179313
105.4919383703806
106.29914263804496
106.1825418401569
109.32843351702229
109.51839193173426
108.25217754700579
106.5272056059674
106.20580130008686
105.55080374880941
106.77689397120145
106.94972729827448
104.42103479384956
103.46309057216375
104.05381558115572
103.2039275856532
101.37053414906191
100.67915037315426
100.3824683495678
97.70740158346968
97.71755927057147
96.03913667560711
99.58660132648606
96.11315974303018
96.5100334934455
98.67382016889547
100.28365729338395
102.30447950103806
104.35894653472526
105.28311802687439
106.36859869536487
107.31986379448855
105.10152240349504
103.2812987333707
101.39346284214712
102.5593128795305
104.5651449713567
104.63070665675461
103.04650330884317
104.87807669067661
102.33895207097666
99.91251022304029
102.2807630992457
101.63060111245358
98.61406981249522
98.16831846485364
96.79600293751692
97.49142961243683
99.49254496990179
99.93949418150885
101.66287074108503
103.86968700247138
106.56441755668047
106.32461117408546
104.93199990943786
104.48070858704254
107.77086194743902
108.69117111890759
109.3341161467087
111.68625506881403
111.64550445954845
109.13398940239442
109.69771723018077
108.34831472509114
113.1408181912943
111.28660331073132
108.98942617120103
109.57632584988185
109.46244017772639
110.07700505491762
113.08124608735831
114.71007269814154
113.71533363854678
110.82558197874975
111.07033355402444
112.52534272346168
113.34249754458307
114.82254324992672
112.3464778350113
111.2277637227038
112.36548363957925
110.52055523955778
109.65550447358908
109.72375320960252
109.55491395162502
110.63641390167406
113.97940279481998
112.07634816248601
110.9520573721675
113.54296008963898
111.92091178689569
109.17628731280388
109.7739140644805
108.21343453421785
104.85420809802203
104.16567034293509
104.3466384489595
102.38959559480416
99.55241133546691
98.97302072052375
101.41890427313072
100.79508412660483
101.03909609849103
98.31810772649762
98.03084140566465
99.40409251995354
100.54855353207395
99.4140375566217
99.38320456176379
100.91276661618676
96.96094575593703
97.54728148090226
99.34311969593169
97.45378631362954
96.3475676709309
94.56614176393906
96.12845301138103
100.25365199370269
101.76677300009652
102.23971038867354
102.13023018256654
102.04612599907584
100.48285668558182
100.44583191076752
99.7803723541157
99.18874282900434
98.15905995772802
95.54559247494727
95.93419463678886
95.2362779248052
93.46572346885844
93.05435646556722
96.43311711020316
97.5736333073066
97.06529164152585
96.99344286856237
97.85802547226152
101.0552934293578
102.46599593288431
99.46224953006733
100.28213248460882
97.56493945341175
96.4663125918594
96.93972917621942
94.94364141010882
93.75840238048866
95.92912747604584
98.53730205563521
101.0891973421117
105.82723052832382
102.9114903074039
105.05978564826248
104.2834379798676
106.87865659200651
105.79478378939768
104.01634028690614
102.45852715240002
102.15015332185821
102.17543595876327
102.58523862934761
102.5990351218724
100.91712015282044
102.11137072840636
102.88587645655446
103.47077243646228
101.01286127020629
99.98755612965317
98.7057938284769
98.50188829266165
98.97657176904217
101.76396889411674
100.86347782496806
103.2240804642728
105.32997978704036
104.92108227558131
104.55219450268049
101.77621860629942
101.78274758504965
102.73182841566924
99.78949694806481
103.41993843437174
99.80473118381016
100.75172770728553
103.69603834443699
104.86419145073316
106.74085302619893
104.98488364359906
102.16722143407462
103.07393072711987
106.86665218649506
106.92534377036542
106.9164745257388
109.41838820991104
108.2209604153192
104.90436322682312
104.33179584917879
102.74318313828523
101.77610619259639
101.62304014421302
103.0364844517256
102.84688075721132
103.0456785743616
104.4164668474204
104.38676801533877
101.02893112695658
99.06416035529433
98.96975348244558
101.6342610837154
102.88241948889896
103.14622367661511
104.80669282604626
102.20084236090554
102.28916280816303
101.73805276966489
98.98788384133084
101.37023719104515
100.13899778442936
99.22031471516397
102.5945218434704
101.36531360707696
100.1353047520414
99.78181509303747
98.15584728391053
98.13686987627287
96.70175771533435
97.27694855137575
97.28549512623842
97.70955350614338
96.30794112309405
98.01357527373136
97.68552553385167
95.36985187380826
95.30456129983713
95.51440018302257
94.78061231782878
94.54993338077493
96.02786550564414
96.1769777651982
97.08208345538398
96.62386985227126
96.70826307835233
96.61029816053305
95.41619996787277
93.98277626777359
93.07493434999233
91.8233566853158
89.35240519196783
90.21213177293613
92.13754163294453
94.00664304871412
95.38889952632015
96.23415647013822
101.27339936928087
98.16840244302298
99.266540391473
99.15573011035309
98.68490541671616
101.90877745407482
103.0133955668485
103.39173629876066
103.584664861416
105.01571407009699
104.00040509288381
107.24240339859244
104.45708390647785
103.27937765310364
102.84612442118306
107.68793302852225
104.84548495061375
107.81819454860748
108.09529218676022
107.14124412249232
108.96900706548958
107.5674321536833
110.71411554837331
112.23363860921206
109.88762039305372
108.09379268332212
107.51613620167704
106.425776219388
106.71837596111196
107.70689403495032
110.8951120234308
109.403326280518
112.89763939834137
112.08745820382917
109.01137868786812
104.95478173181782
102.5097011376469
101.80751307900495
102.43115116228462
101.77616119697248
103.88695807245368
101.58725838136031
104.25315031500391
103.37533016191674
101.28579271559249
101.35626882475006
100.60886904248436
99.85545845209049
100.24517122952601
100.65997068138353
100.11729909186252
100.72415260129844
101.3171456240353
100.74092708925133
102.16883374740878
102.52773118117447
101.45502462738251
101.73131033174792
99.47834000703907
99.39302271561569
99.09909513448818
97.57154200595632
97.48506502524916
97.198185600884
95.96946296494684
94.32390517518367
93.85764882934163
94.57978398640219
93.8423935292875
98.87816617762246
100.05601780030341
97.88919576165719
97.50361720022975
96.6217585840179
97.08812637107562
97.61426915162245
97.32287851300138
96.1449694823417
97.14473945324794
98.36331543889276
96.98731684640465
97.23867842333645
96.93955970862139
98.35703361653282
99.6338714435271
98.14229284652824
95.40027650901747
93.85379529879795
93.5764727944353
92.72570220293233
93.08084380373481
92.19627382656913
90.79683692232713
91.8343234201266
92.50117623239893
92.48830606331826
91.38420644666118
90.50830576403054
92.54369538793283
93.93415488319356
95.30277225770242
96.46115085488134
97.2544568306132
99.74526507073388
100.76278628912243
101.5523240013168
97.76132374719349
96.10223329674614
99.06428079537399
98.81938997628433
98.72022501816573
96.43728359268466
94.72307163243777
96.21626710617643
96.41254217965208
99.39596695385747
98.98736131602527
98.43060294972807
99.36787577612667
97.52126264939776
96.5576902093849
98.08258908030668
96.42754223831035
97.57571445557473
99.66335068445888
98.79436121908196
98.22202563418715
100.69990225411227
100.67260278544381
98.39087741127565
101.845355042324
100.55723629668557
98.80660826450149
100.4974549813125
98.49020023685293
103.1706736124765
101.59442057170249
98.78128446866926
100.50124980882912
100.12262687859756
100.52734896857409
100.03502078448017
97.9490109414589
98.0829382672026
97.92958644047955
95.2032183410134
93.87549208895699
93.36405598198003
95.67371088313331
95.54448240036142
95.49110115939577
96.45474951399639
100.29004178298447
98.76903487864463
98.62270811557376
98.3132119552781
97.46256846968835
97.34531349533776
94.79761199939335
96.39610450229937
98.8169548620009
99.2718538949296
98.82557362006644
100.25603521191579
101.7069368771318
101.58077416547017
101.66642585421386
101.75125844855503
102.6938318827592
101.34399687744808
99.62074317388249
100.43663592462207
98.22227641534198
99.12727447957474
98.46927083368021
97.68942180462871
102.85313705947034
105.34767515400853
105.22285013044504
103.26599017935389
105.34177714138204
105.43695734976488
105.0764329711964
103.12352981968486
108.02379632260842
109.43181192545495
108.40670996275301
105.61640310679836
105.14157912557809
104.39854636706085
108.43121470674284
107.11359537292476
105.8294870953002
104.06368944342331
100.67758790088168
99.11400700017
98.07170084906075
98.46757409947205
97.84492592893513
99.66232064143584
100.41132197869456
100.35055732613176
98.41609087970107
98.22497070006075
99.94181663530918
98.60728794597968
97.93874235611857
100.04800014729268
101.31021015562565
98.62376798168941
97.3557634254889
99.48563233525226
98.54900339682581
99.85054444759295
99.4844376525549
97.14543710884138
98.35280026897995
96.35913399940316
99.23911990959338
98.89661715260294
97.8185063504751
96.75576338350479
96.1331269320231
96.17123593960572
99.08204307845607
103.67590926352067
104.94122099024032
107.030939727513
107.61776649443128
104.91210960088092
105.17350570014172
105.54562772671825
105.63964842707654
103.47527624525097
103.38685037582351
102.84904450494416
101.29726295526305
103.8076477752381
101.95277765121345
101.38412408578576
102.2588080517323
100.9036758016379
99.95033358053745
99.08662367138783
98.31576658332223
98.34354754723209
96.37053188110204
96.59873586175576
94.54293218238655
93.52778017461283
94.59563715517591
93.39795073815985
92.73675574696897
91.57640622755785
92.90707473952739
93.05775020387742
95.10084805684531
94.53907944857785
96.29924764311376
94.54519088462177
96.81547565338101
97.37945902215384
100.5647889739152
99.04190806316632
100.48036248631783
98.24201924038225
99.31589863771644
99.26453365194429
99.9088330477595
97.85785424345559
98.0845822068121
99.32727816684331
102.11036196351424
100.75457420400124
98.63762516800054
97.24004844269396
97.79623221629925
99.36986469909087
97.5994312517843
101.60286468464632
100.4441678117706
99.58636694549551
100.50778355179916
99.09157302716659
97.94966314223063
99.38661072293297
101.12923035433434
100.28706098973996
101.17896583155964
103.33281773831077
103.01174129287622
102.03607877742198
101.404894603074
100.08076574314975
99.5253959360722
100.31560181298599
98.70453841387243
96.22399172726571
95.49009434832162
93.66882189893182
93.28630783132962
94.51529126403624
92.97005981353608
99.33931340084283
101.58258100275647
103.1296637683802
100.21630519359748
99.51221799505687
101.2850111910824
99.46805758384345
99.8955435378327
101.11884257186766
103.56625118576363
102.26393180785402
100.88829764083597
100.37159996769415
98.53040630068362
99.47908642533534
98.81266873672891
99.19181937310891
97.07712350368902
95.38768790600353
95.69250060629525
95.40350454137906
94.64747489479217
93.84578350122139
92.94524944806903
92.54424573093414
93.09895483319737
93.6216915227388
93.22579112377568
93.81323549109754
97.35739832681743
96.91957733950039
97.96010948784448
102.1993101672902
101.95705501520182
102.17421516022215
100.53328351122278
101.75642984665551
102.82628249520987
103.89954038107678
104.24751563401803
103.84420721327537
101.57583863498596
98.27361525535704
95.82221543618223
98.79528598699065
97.66070238251321
97.14141495424147
95.37914229391811
95.70506860864785
95.99145938070468
94.92865190097376
97.94407026540846
97.05579650934204
99.8387513001564
100.83999946731889
99.98871183928603
101.23427195631668
100.84982419159664
101.88984915540154
103.03248328306665
103.74825155334678
103.49648353414672
101.79852449023304
99.79750026197488
98.28385104877448
98.07897436102137
94.66468319409441
94.32136218226631
95.8800483833874
94.44824826081144
94.80093911258672
95.99141192424844
99.04027739874539
101.39162112546212
103.27172131094024
105.99476357007535
107.0478579000527
109.91012604089909
109.59370531292134
112.46318550441799
111.84052345007149
110.11894916037535
110.36472172798697
110.90308862690179
109.23250525177133
108.04745311783135
106.54487086772168
106.33259634743959
105.68397567342217
105.88810676323165
105.35270202351941
103.41379001315467
107.93473428538502
107.09683785797108
109.10087901082373
113.05847804959656
113.14038883579924
111.04337245515778
115.05557870824036
113.58370409200685
112.84997116487682
110.63301159630976
110.5001890809267
110.04149293005183
107.09261782788593
111.02599189960729
111.62200393775592
110.21294372888005
109.20191159591941
110.73157292673501
112.82907918766156
111.09990425794076
108.17355834068096
107.89098272594073
107.14266151918127
105.01096939170175
103.57020638188487
105.02888861868072
105.13600217175618
107.22239300467183
106.23186672464142
108.83385930558957
106.40572830996358
108.8475595481489
110.24141793326858
111.36508771941912
109.26923544763677
111.86948484425638
112.68760634134827
114.7830433535885
118.52575210175436
120.55275555333634
118.57250375244031
117.64614628028453
118.4281400912285
120.70847155852877
119.12673543898198
114.70694433848247
111.44949813847485
112.06248652605521
112.35964288383815
114.0168999951157
113.55501261254769
110.61875395653335
110.83791722350583
112.51368325226943
113.9948602613664
115.01333991380848
115.4682163035085
111.34830228535037
110.16209471347263
112.58522682581552
110.90025585726866
110.08672386374067
109.96712610703072
109.53355488759199
105.70183545129882
106.87492422698162
107.43466923575404
109.37098457824509
107.1170449409545
111.10780327231944
110.61192985748224
109.24310188348245
108.09199806009339
110.92006396357952
109.25487090928465
108.09765361888415
106.28857091098165
102.98794769127169
100.82143270445077
101.74709798695031
101.02103135270055
102.03397750335097
98.96391882849835
103.66709637349429
106.49680621530771
108.03328213587886
109.56998374310902
108.27220395054994
111.02108507079795
112.66527506062347
116.85101918123571
118.84794263210223
115.53274302555546
114.89130023998985
115.3152855408188
114.64412234352851
117.02073160390367
116.86788452415747
113.98148760621683
113.2722787395292
109.28685479107385
109.51371863442323
106.70847759524678
105.40374252087194
103.0369397437623
101.26870361828423
100.71833359695455
98.75441610236064
98.89563015298057
102.66574281766597
100.6191463415789
99.6377318486197
100.32338823989346
97.35602058669798
95.99657903893821
96.66071987428953
98.23167945434786
100.57582473306636
101.04813892499124
103.00204570643533
102.2092281062392
104.49338927832225
104.1863919486668
105.11022099527402
105.3486252514019
103.81329228664019
103.81063094664498
102.10603890889944
100.62591761088369
100.53091569676285
100.75027743299206
100.85962404516432
99.16426185657527
99.32440587256302
103.80165983762052
102.31363379100945
104.02605387879362
102.35916794003238
101.78180056299841
101.86458615546178
101.05212827052567
98.89405871571695
99.69383698451318
99.85172649076587
99.26756213204614
100.9313598146713
103.24522893340375
102.42396112229815
103.44598308889458
102.60545272517535
102.89724658778646
103.17691499754099
102.29723985622105
101.39768485449052
101.73137556679599
101.43961482382053
104.9204335680929
105.81915227041416
105.00266690766955
107.41044017448105
105.69528761560045
103.57854501125485
102.08113392723065
100.5131221328404
99.48642924151164
98.2061515638895
97.66179625416217
98.52113405268219
98.43330830160818
99.2581740200422
99.10393017810038
98.93389795931544
99.82058974026049
99.05515154001037
98.88689320910528
98.84351791910181
98.05730527538589
97.77722825948712
98.93798767319866
99.79858541385174
98.68443268482375
97.94796708093332
95.00199563630815
99.22838824602407
102.93384308099553
101.61044080431698
102.78952513936778
104.03989126351512
105.81814242249165
105.79774732210385
105.1569435200146
103.43820026972246
101.80880366543951
99.57285630900459
101.25079354506154
98.60598098301436
98.03360065842341
98.24334846745522
97.40784636339542
99.4170774294798
99.23115396570711
98.51935365270349
95.9505946167982
94.96533046174706
95.53071056579407
97.84117289726593
97.2240980821618
99.31236070748942
97.47385821488736
96.86523681849383
95.11967649121941
95.6874413234813
95.65899034295826
95.81722077795335
95.96188087033966
94.5027473646938
94.73719904775308
98.17786209659947
98.9098269450811
99.37149975003227
102.30614013872926
101.06788169538297
101.3419969684334
101.21795858177131
100.04985843797076
101.31986463639528
99.07675291652868
102.20491821886826
103.25167035671409
104.68741188670879
103.90822150564003
103.04010244610052
103.29860133624587
100.11119507125656
98.78902025377397
98.3087129941906
99.93180303497337
101.63270573529033
102.92960812024745
103.54696058083142
105.05316355324
105.94673014251984
108.09545676772261
106.81867491584231
106.30384911519573
107.60817732110723
106.20957957009087
110.39966033488975
110.72375667516776
111.83232865241673
108.80868201448632
107.85090148491024
111.94009768244277
109.39144432434259
109.79929942725477
110.54767499156559
111.89540710739271
108.04541288700612
110.2970310650799
111.24587127408806
111.2582941081606
110.92215240320365
109.7478391487595
106.72644026500683
106.52922233704663
106.38149244690035
106.0443551908741
106.64598486578531
105.97235895522701
105.35396388188104
108.73616804826615
107.72897188515735
107.23967212706901
104.06820044286565
105.27631262217399
106.32450713684854
108.39513717989534
109.02318766625469
108.8703928770985
107.77806753015417
105.54528612398599
105.71058438822847
103.62195497787602
102.2375743070235
103.75774693786778
104.64512755314483
106.57283441912843
108.03408817285315
108.40560492022682
107.6345196179278
110.2035470556969
114.1657752873989
113.46619080614431
115.72428344787707
114.32143800103069
113.70126488506249
111.93072798178042
110.40092900718247
110.1179758289799
107.51717262328988
107.05306139058597
105.54150477157067
105.38973438551986
103.532920911132
101.77007909064703
102.91088945119614
105.55368106507869
104.43555898741863
104.05338256130374
105.42385229322863
106.47478454193765
104.71754874806697
102.28159769143048
100.17414271343927
101.1628345844193
100.23644010688878
98.78215222996111
103.65670007835881
103.58731712152482
104.91838068416767
104.00848056944967
102.8304417487281
101.89107917995177
106.39928485405555
106.67916747892117
108.26094614343877
106.49509261933835
104.94532708622332
103.7360554838948
102.01655697267795
103.43974885392134
104.7994666094891
105.01898871322786
104.9092560708121
102.97332354061322
103.13756307720767
103.68074186862842
101.51630046531042
101.11912980069418
100.82593866791827
101.13473957308976
99.67603330799174
98.17185676914517
98.81552474234412
98.73862293569377
98.72087476331961
99.90781792419935
100.27495808750592
102.17570514751588
101.85829318702837
99.93211633414029
103.08760480441282
101.80440881906972
102.67690446244825
103.52367334517922
104.08096499243322
102.54146500790905
102.9058110136039
101.52330530467492
100.9900890805962
100.76081015703465
100.95152297972324
100.58598713356345
99.87433462082848
98.10577303926284
99.04085990359638
97.89514863071345
98.82164341473982
99.6610373886255
103.29361944991602
101.04796937438073
103.27344925975567
104.18880090089014
103.34005434681474
105.63728269816127
103.41129304028674
103.49240415798305
103.88305296546636
106.44918270532087
104.4027491297475
107.71600474610045
106.41605645256386
106.86085856018242
105.17467662017775
105.51290746037286
105.6006783398853
104.64929458013385
104.97715624327581
104.38574715893958
105.68734308509431
107.07221910841018
103.08347460767047
104.38492749755652
104.04986597813239
104.1369047083897
103.0099830750084
102.75671098605413
103.17021819089295
105.0809637498144
106.97975034617946
108.11254346138377
106.91649351901167
105.83895827904159
104.94359116191393
102.6638858005089
101.17476864817802
101.08970787690764
102.07798970338483
100.19951760346548
99.0625286473778
99.22258893898425
99.41183404038117
100.67170495595883
101.1614163999947
99.01518982074727
99.7448777746077
99.41684396782081
98.37945484012552
102.93843107404612
101.23192912719745
101.23629922870704
101.42573172947445
103.26452054697519
100.93419028284775
99.61630727927749
98.78154680518377
97.21056043692947
96.86200072536494
98.62375248974989
96.92655282536197
95.880408159248
95.82039529477136
95.44844405350253
93.02693573080603
97.68817355975355
98.50681775209604
98.00848027945351
96.40806139566256
95.1689821592973
94.37289110147753
95.12826545165582
96.98844578795752
100.55977709795376
99.90730243887074
100.25187651734542
99.98643050435103
98.51739923231493
99.4011271447079
100.15664547735915
102.01767266893465
100.03560033114181
99.50811058221791
102.60783056880945
102.13154620785684
102.81440479441677
101.63076014117549
102.10630469947289
103.19535746733068
103.18997577080835
107.12813412140707
108.06499119960901
105.25948714359734
105.12005080885581
104.92020689184092
101.18779304945967
101.15414722978437
100.00236316333847
105.91306285086563
106.9124932230803
104.25729308779188
101.4356736408502
100.28241850104666
101.08311476498595
102.33731976239353
102.45977481550848
101.76176017200324
101.7276784016754
101.69304315728088
100.93676855700461
102.50584691526974
103.95323628443572
103.53673508245234
103.22034725551705
100.59119288360945
104.46938015993902
104.84475998195528
104.17946971991441
103.32713745057174
102.49229172291007
103.3240048118432
102.34535571655273
100.44470963523372
101.15579918764838
99.21998690568961
100.99500417437771
100.17064564714461
99.14072864869297
100.00441377490604
99.01911014281818
101.73103766272352
99.89838152642227
100.51387038449609
98.81175084906026
98.89018378669108
98.82768333454268
98.52017877687715
98.34081081644848
98.42435959728101
99.5144978103096
99.87980042652184
100.77943164592176
97.38549662717018
99.105083096187
99.42290224587322
98.65620013113073
99.07463051121805
97.69449691337216
95.49181644370184
95.77113106065549
95.358128792463
96.35188764082632
96.77488432733139
99.4668826474943
102.79183925909977
103.38068060852709
104.30562480443297
105.21198530432352
105.68891610091492
106.94975933574295
105.42256404990981
105.1408795541312
103.79779715067623
103.72760035526228
104.55416366718659
104.05507207871439
103.74514449637978
104.81077560794097
105.58805313603006
104.01593853084614
106.65465509765232
107.41107594688185
105.96666371192809
103.09541301925547
100.73958893985271
99.36417878969343
100.16647906959159
99.01395095606063
97.32234669785099
96.55016317120503
96.1672033045493
96.94508322242788
96.87694861822537
96.7883802430945
99.31617071225023
102.5955700782788
102.3538752421891
103.41301280280156
102.02155835600158
101.29908776419222
101.4655365342714
105.12816904601323
107.80553603602746
107.0971125201552
105.43042982939284
105.04237438050136
102.31800724592534
100.99307938491076
103.65153915130594
102.90099663280772
103.08372436256998
103.3989070463243
101.6069769492328
101.1746499109089
102.69402059814375
104.57145296542538
106.53615070831141
104.3914241612607
103.9417660162054
102.95078344565407
101.41189849955342
99.92616335413268
99.17387607958379
100.27063912715118
100.82142607393298
101.13223645672029
101.28837834416707
101.8893441645541
102.10342215972952
99.4317735523769
100.13626111533495
98.82940313347142
98.90481500428045
98.06091879248633
97.63673088653958
95.16780290817576
94.43568090591806
94.65055019935535
92.91154555322893
96.15253316739955
94.30700067396494
97.37950383621634
96.23244777764775
95.79755661518202
94.03123353461224
93.0044902967192
95.6402956426541
95.7835889625545
95.9679817856698
95.36706920076179
94.5279487730748
93.66152820875355
92.81526808036496
93.67200397401412
92.63025979620758
92.47921077354715
93.21610823942518
94.51263221412582
97.95766213329622
98.73754063977273
99.16169973621824
98.11153128481003
99.25163212719107
100.43521027114477
101.79060206193917
102.3679809690425
102.73527757685667
103.11038408707067
103.56709181407095
101.15189812722376
106.0847945571594
112.52474988511621
115.08826953154521
113.38074377993762
118.85856953746232
116.19534294678202
114.49007873179642
117.00534035872275
122.86621615425783
121.99700264680902
121.22232389203108
122.01722159685869
120.3376639676018
121.37460754918318
117.2536343662102
114.49344114729796
111.93069147952444
110.57171343516009
111.07855854594987
108.71349686748918
105.65242459982558
107.42288526703284
105.02958114571788
103.08388105335735
103.07299587548813
104.73267330047813
104.67000662541027
103.80580107485169
102.58503944207591
105.03664448693702
106.24057397185621
104.00942094531922
102.82954519158874
103.29336435163961
105.12434482305956
102.73529746250628
102.65990425088921
101.540848908615
102.28608854098552
102.77366782233975
104.43861323340515
104.7539757619014
103.79445535735606
102.81866178521393
100.46944611431955
103.9495157177681
105.03356922503606
102.13912029160959
101.07433328378214
102.78802734493476
102.46054692003344
100.11668571959787
101.67995829884946
109.49068107625897
110.34427522045462
108.13244952988978
109.06434810470951
108.76401801787426
107.23387486762984
108.58973380287644
108.90047643331867
109.1950566154536
108.39652893105803
107.92661994525525
105.97826732311935
105.37941423293097
104.25952305878003
107.21685896638485
109.24593682891839
109.41698232594577
104.45524746217254
102.6466900314533
104.8189476462514
106.39088472584702
108.6435152104894
108.22862047302696
107.44826363374519
107.20455507456576
107.01562995782564
107.50172631414442
109.06212881902229
110.6687740990858
110.69274056902407
111.93301229739403
109.92633416302924
106.48039562662953
103.79913073782384
106.18180799495205
107.4392245619265
107.70729811219327
105.08145244367846
105.92467765603602
104.09052486550978
103.55489607939208
103.32716097391362
101.27194904530182
102.63360827346835
104.59180683936452
105.05745918716069
106.78958633946
107.61132559004882
108.2744637412503
109.55742135947814
111.95664033002052
112.13649001653478
113.78445284603937
111.86689920459993
114.69515771440678
112.2784121216623
110.28774645027057
108.95340830947964
108.14955956257494
108.41990872869462
107.22685504948436
109.0188166547891
110.46454452388834
111.13652378838081
113.16894615518909
112.09627386799507
110.82909807008572
108.11855678408176
107.88904276366813
106.09291398913554
106.58170029666687
106.78299613058395
107.18685079142861
107.13905587126764
110.39230444691911
111.66529661561866
110.35044506556909
110.92754241625629
108.81279755729281
104.74354593853984
103.88704592191131
102.19475747851472
103.23883367507888
105.2223772181595
107.34112160061052
107.9218216799819
107.59762476067483
106.63729562524357
106.96747763457086
105.98615691205397
108.26311512941702
107.32360590719291
107.39795157383897
108.52555212423519
106.75792649259762
108.23603030289121
109.52671812988841
111.17397301697204
111.09485073019789
109.83587275476755
110.23302809272528
109.21759609327934
108.73200657354433
107.11877813329637
112.92113522901575
112.11182223720614
109.98712192092754
108.03881252557832
107.73266741414626
109.01379084203954
109.02558287887136
110.6182942403237
110.17794937936108
109.03967709605398
106.0651265781491
103.53256119818623
100.77077779342103
103.52915726005162
103.8468947981695
102.96418095776272
107.30589935082237
106.29923876151084
106.45169367687764
106.11535187906313
104.79149393628539
104.52564289084536
104.9614314953977
105.12479421123024
104.97487444558205
103.3290371219372
106.07880547568396
109.2068728392239
108.14365004233923
108.76719021853192
106.29920648449031
104.02328978753935
103.95414298114719
107.00881911548915
106.8634091222572
104.90086338928813
106.15006870249496
103.38658269421506
103.6266406256816
103.27248757565364
103.05167520590288
104.10488946418711
101.26171365112516
100.15385054596022
100.95988645385815
101.83865034502662
105.22433455889373
106.21323270346919
110.87336796189743
108.94373711874245
106.42373006653713
103.97039239981335
107.019337422547
106.72424313330875
107.16238420221178
104.53937843881977
102.4820776533491
100.83461751438384
104.64111133317019
107.72358771892105
106.73258343148667
110.88699526245718
107.70375237534357
107.71656972015644
108.54020057664879
106.91395594682513
108.75640709488177
107.66473332248972
107.90353348760512
105.62994776232631
106.55863439272854
105.0698497914114
105.03885593843437
105.56737206873622
104.96771778491204
104.64277510924612
104.91816379038352
102.03603636255956
102.70056910373923
103.8409789973186
103.20571245101398
101.66335274920436
100.4559413188315
98.6432303096266
98.25491236504372
96.79189860478886
99.39285700693685
99.6566205992723
98.57755001182441
96.06025713445243
94.18750644802378
94.69308738612382
95.38418260162186
94.06773340491495
95.90004946307464
96.07927787579729
96.18749364413074
95.15957825589926
94.87674784763382
92.50937444452417
91.76218609864864
90.86345751984273
91.3052903049682
90.65348998134863
90.64032921016282
90.8845400414699
90.06358246573267