replaySize:64
85
84.78017435245735
83.09742791284421
80.32885005817046
84.52341577887633
83.606917022432
85.50189316238814
85.29529654181476
84.90081958817527
85.07520483321764
85.41646028559849
85.34587634245949
86.73624054941813
86.81106227749181
87.18559133509764
89.29323227481918
88.19381410867825
86.53637897720564
84.45003576078878
82.80872226455416
83.35587622490036
84.26298149391798
81.56560782531137
85.53240793589131
83.30628314519593
88.87416120823649
88.85818420707076
91.023740757066
88.97839060496331
89.26119342063359
87.98311154872023
85.60439881821269
85.86719322795325
85.92448812369022
84.86025286138515
85.29311553952633
87.27676728818912
87.34585628481868
88.4017151858668
86.99903157143163
89.74772601496028
88.64832629503826
88.82666902294339
92.51035171215642
89.56426871728786
87.81045917126198
85.35143012955075
83.42899263101886
81.73324405321829
80.92106629951681
83.79009342195144
83.6406786808447
83.20042500655771
81.23473930001701
81.11908610497801
82.32934209600504
83.76545877205281
83.1258361486018
82.80879215160807
86.5291892233002
87.97604424505055
85.74573200917018
85.49180224512236
86.53352141344125
87.08160736012213
86.95690664639544
86.28256809328926
83.54059682301236
81.46825618096399
80.85219787017722
82.5652868001074
85.72157741652065
84.19417895487076
83.96616936832615
87.73775548594733
89.25065812894285
87.85949541236582
86.85289694399712
86.08648143769247
86.72646377102924
87.43569214044363
86.10497757072415
88.17727457847754
91.6428864015089
89.32863013890146
88.41955673968646
88.20461208488939
85.22278967628998
85.35005499562541
85.24723140679833
84.98347304758083
83.50429824058651
86.90897583673038
85.11909061801737
86.2658613110829
86.21162057931294
85.92914947890134
85.80324928910255
86.65540620777551
86.10565896937683
86.01111501191873
86.99261437672982
84.75116928786875
85.23427937006059
86.42530716545083
85.74495798232628
88.49875806078262
87.6043920727163
87.00182482717281
87.1543938861929
88.26266519491395
88.52223396956113
93.86211652529713
93.09100677495971
92.82141236235367
92.93896359365633
93.67116838434885
91.6160377586036
90.7819721491637
93.26152835115832
91.76995661296085
95.51078509983383
95.4294347829096
95.38674669757191
96.70953567394776
94.00518549894598
94.41255557271668
93.49005988476321
92.78559267190049
92.23399492940491
93.20379850690513
98.86876018316937
99.64791042021892
100.12544913339033
98.59252310029571
97.3214427668174
98.74101212992903
100.60451956467476
100.53980715806111
99.1758900138454
101.59918476235282
103.86844849066338
101.18411473304377
104.41674278371688
102.48779373307357
101.49078341853176
102.13836332071503
101.74098945049587
101.27694488414559
104.99423050647383
102.58106085717199
102.07247136263776
99.71999938139503
98.17130977097914
99.93149407697834
100.57208297654314
103.01506307419177
101.35620199428863
102.13701456937179
103.03381852530003
102.6323681594508
99.03011080756826
101.01802557790718
99.85134362790761
97.85179804915366
96.83352687494384
96.9080581880402
96.26792204251221
93.44824857239705
91.20375720384231
94.15022841408783
90.86139602512104
93.65203536778665
92.92380213192263
91.66836488940903
88.28778836265619
87.32416169055905
84.99943203019298
84.44632934922032
87.24766118301804
88.45535699353658
88.68372924157892
89.66491602995261
89.83778095713713
88.40500403006537
86.03327334546363
86.22879303604857
88.83828373742048
88.14600728169488
90.3483023538687
92.29818113493278
92.35290099830102
93.03380284616954
94.0965740741646
93.90488286526428
93.07481132847518
90.2469317730437
90.68101604076506
90.65679777061578
93.87162314376047
94.69841964923215
94.26726835451406
94.8960028549652
95.40257251148704
96.57937462834853
97.93402382978552
96.09444130539096
94.64957037704995
94.99667182967181
97.62374322986665
95.92207266780854
95.40032741050302
96.26868103919003
94.61084198518462
92.19526651098289
89.24973640596782
88.9092157701651
89.33939341974863
89.16847948407818
90.29137102802481
90.19937688176292
91.7416883779894
95.05425501645148
92.34518250868717
89.45470787344428
91.72489439658484
90.21478455382675
89.59029976772453
89.3919703226417
90.08278419066363
90.79971070183927
93.19656047707004
93.60198883299746
94.05386428657881
93.00810754345234
93.36188826842239
91.65410360557479
91.36500371337162
89.36810110445367
91.65725087534523
90.83009482444778
89.95661232335836
87.94457541345405
86.79593883219336
85.07929075724321
83.54481353205344
86.40225703849462
85.88630832916094
84.82119814689823
83.68098620652951
83.10477239128325
83.18204989024697
86.60918350226774
87.90782673439551
87.84380361618109
88.83514670042194
90.36893647892248
90.20865559105974
91.60551563623177
90.0060825879812
90.54559326131461
89.9842274599133
91.26500775249062
92.97662156660408
91.06680228625925
90.38026280625135
94.05530032135496
94.14822468787416
93.51600301364527
94.2070667625391
95.02446794534049
92.73771049858236
93.42267026011139
91.41616044566427
92.04899504886271
93.84584936617733
93.1592845295966
93.68478230439061
92.56482318898962
91.97168183977585
91.36319496910814
91.58327163871095
92.26573527829912
96.20826547618378
96.57561463601925
97.12443759827904
98.76942899428842
96.81393254324524
96.0011165184056
96.86827772710109
94.76257040624984
95.11018383778297
93.52049761561493
93.28050251396192
92.36831625528116
92.56368927463637
91.10992662423233
91.60303595249275
92.27302654791816
93.25773769712366
90.79019749217908
90.27158735362535
91.20439459927165
93.89563754388013
94.49331958900416
93.62558155463438
95.55984176450788
97.65820568373411
99.22333313002768
100.42839931224067
99.16762574404099
97.78484989477647
96.45769797492302
94.43270675883358
96.95437979578669
95.56162113152438
94.18474056893565
92.78388705961805
92.54311973402639
91.62608515418414
90.05867843778815
91.46124238170806
93.82123658225197
95.04021690589897
95.34867165863719
96.77360398679637
97.48464425941715
98.46670823481247
96.9322157705051
95.14701588777679
93.21253331469428
97.763259693311
99.34127695302797
98.85807999530654
95.95438345782892
97.33251883743871
95.83306204942355
97.36188485321988
97.23021665460082
99.51023526727356
101.26136200871895
102.02765376636037
102.90363480905472
101.73483348135578
102.19490885022579
100.62492086404066
100.28309018432402
101.83497195819058
102.51247888658325
104.93224819729484
107.36734461829269
104.90513148944635
103.62018553707956
104.86979016193092
103.65537132894275
101.60736386063463
101.60886603644326
99.48265564773257
98.33991468379259
99.68311562371683
96.88706616490758
98.09721252680475
99.99604921223803
99.85745796794093
101.53281848829415
99.40520393463976
99.13811683692764
97.46013681364596
99.53657104377122
99.72511032168762
98.57751560166396
98.68388605116304
97.69041344175325
97.17562375029651
95.44326668927695
93.5793173710161
92.00617578358107
94.18090845285771
93.7183208515681
96.22997625840644
95.76310918465789
95.59605792289635
94.61443074839354
95.29137901429299
95.91695773763018
93.74722755621406
92.27558898040692
92.20260205774329
91.7616287328772
90.51979308601611
90.29881973280506
89.99153683286676
94.40441819809087
95.26925090525327
96.23593812451675
93.67652915566175
94.42451718887008
96.14741925086813
95.9505154698109
95.72460869584961
93.8813165809099
89.65193455032382
96.11594265113396
95.64935748069668
95.56202908774044
94.41762503660594
96.00079691949618
94.09129335749661
97.69149498191567
95.15743422046707
96.89226973454109
95.9349863449848
95.00024511330356
93.83156885742046
93.28678041747501
91.80113014277616
89.533239474443
92.17170855244761
91.03840901729563
91.5613458764186
93.0297403996997
92.27966694582986
97.66402598290698
95.36131636533125
97.62559895438584
97.73804573068432
97.51715697132619
99.91467540106198
99.746262423033
99.86983361354358
98.59541264658647
98.73753514531379
100.54764883447548
101.73797268200065
102.03517883393218
97.8306590309333
99.3304859166568
101.01410897297804
104.33788679496791
103.5372058110698
106.41730433644696
104.38367572613322
104.85336633239926
103.72393118725783
101.58172824097922
100.93177380453498
100.0630859823869
99.10265204471621
100.16742368994167
98.95676725549805
97.03564717078723
97.62837009306931
99.04362337478689
100.42160024466729
98.25674782905243
100.7786674195943
100.66540234583292
98.74195934245009
99.50534220972906
100.66002019569814
100.30050807664593
99.98536329554238
98.0361013983662
97.69568788154254
97.69413806584895
100.18219018385247
97.10022998061156
94.85130068664088
91.80297754877903
89.50857795941276
86.70728750977705
91.13956390259655
89.83659455577151
91.27516895188963
90.9045331186361
90.57523067984226
89.05151748154115
88.64602577387336
89.1366617387907
88.77455686819944
90.82966232158529
93.18602104525175
96.01755676222619
95.62275788184145
97.42153860817177
96.49212107603684
95.31037961375723
94.41289274524844
95.68831171894674
93.95835239130571
93.12898904068666
92.43956045311512
92.29207402271928
92.90260768407906
91.07617787645492
97.30534051397707
96.32794952966773
98.84684701543307
99.26703992992603
98.7460270021509
99.33466017104804
99.17387826787174
102.77463023428233
100.67741546254175
101.42918932169883
100.12639072567983
102.0917730153886
100.3985023612397
99.93100705200413
97.14547007936001
96.11348110967194
96.76429131657689
94.34445938014515
97.74307816625598
97.47094051256873
95.86790134171906
93.86585058925768
93.3873267744796
95.1100226943725
96.1264271901529
97.89986262433803
95.60163802645565
94.21286604723801
93.59756094651493
91.82593883817259
91.69007570635725
92.99426664271408
92.39506999576513
89.83903680181938
88.92808348733526
89.38015621444754
90.26922302496787
90.97995563862885
92.68820376186264
93.77007390304381
94.8583946706736
93.77527122221122
94.31070847189929
94.2901423269672
95.0213981538991
93.25720437317543
91.13664370169185
90.705156720075
93.76710644184207
96.30895505720427
93.35636339871995
92.48648997854255
91.09448696704939
92.4166935757336
91.6664780656519
90.48366307326548
92.56030990765603
93.85452638106663
92.99473351524246
95.41891946227081
94.51473154655474
98.83888772717116
96.6186342069041
95.88778558397857
97.95202852216377
99.52891274717732
101.9914428777825
98.73354207420637
100.77409358303908
100.87006902073702
101.09191083821999
99.7003611940648
96.90192014742922
96.5816265291121
96.16368176242688
95.92010914637105
94.8225070404019
94.16449779473675
93.18418196876081
92.50019942785835
92.11366511764332
92.61471897938804
91.86134712663939
93.88673919127831
95.35826850481622
94.40323313168975
92.29009824806154
90.58773792410504
93.08702117192448
93.44366252050521
92.49800873535884
97.53821149302424
100.52474081065593
98.336979576204
98.94684430021051
99.80002122748898
98.33596627512391
98.38882216521934
99.53226525409777
96.94302797101287
97.17584680451118
95.6879349942347
98.12910733057493
99.04365269913151
100.48968784912385
100.36514156076493
103.70814363203087
106.18782089502217
104.69088014622683
103.99159996143567
100.65693010131022
100.52404634449121
100.66985722850616
101.5705330118817
99.98519451874101
99.22365806215306
97.12302936372767
94.4715538988872
98.81964739226056
96.75729275923561
97.52099555831809
101.74205316819206
98.37935615488992
97.88940016648642
102.14097488545164
100.93993844809856
101.0881797349068
100.01226867134156
98.64464958914627
100.51985370663444
104.6196453665399
105.64421578351163
111.0565149652687
110.08835885952664
107.57794573384375
106.04152974787544
105.45630759067244
104.90124458278387
102.1558868527927
100.52599843442782
99.18849739589328
99.32874458805303
98.40539954482148
99.54744608923147
97.80980236372524
97.12989401249834
96.90344618012345
94.55392585642207
94.72608966565575
94.91256452899187
96.1258353350799
94.79532283644197
96.45326913758821
99.95446594949655
99.03525033245649
99.67321388326668
99.09811715713884
98.5369923910803
99.0008373361597
99.5018065368425
97.65835530837606
97.95362961601016
97.75283530833453
95.58084251078003
93.09006448548286
93.34990126866926
93.42395325848295
95.14041430911188
94.26772246656785
92.21174840743512
92.48760631581705
91.17710910164718
93.65658112576833
96.26485700873457
95.71510068833028
97.54583679309114
105.252489453998
104.74980069279431
108.73123954236594
108.01070650569454
107.75904542111688
107.29894353526903
103.7485546360842
101.33415468212515
100.0220177024808
100.41434632711244
99.60464968897556
99.97994746355079
102.3981933756739
104.87405365380688
104.64313816982201
103.24752384409736
102.37462693498817
100.67917976671517
100.20595471672443
99.48675942613441
100.5082327061105
101.50576764666584
103.32438201799648
108.13520538154125
108.28183605643906
106.3759101459358
102.93553088667389
99.3309377359139
102.3006115392906
100.21769629526871
102.2002931865162
103.92546744024547
105.15855956546491
103.27282489060457
100.25167252202492
100.09349231515408
101.82798102931152
100.0715851140347
99.73192234797435
99.82447867741108
98.01467651449121
96.92230745345267
95.81125341581078
96.1777366966185
96.41869099183799
95.99841289607834
95.20314194076012
93.76332313334062
93.52544242236148
96.03444975396384
97.04161139889968
98.05251255466196
98.5158793066546
98.1656309283207
96.29021912749057
96.38672038654936
98.20446762243323
95.85549865604193
98.21277753879158
95.95972953534726
96.82842853946318
98.27497685125837
96.62879822767465
95.60506231012917
98.01477538230755
102.12293782471875
100.5014219569898
100.41370678792886
100.96953032712618
99.29426233785891
100.63363862017356
98.0148455606534
96.51763650688787
95.40425960911575
99.63685635829968
97.5754592054563
98.92801869286522
99.02497481777682
98.6150694434479
97.47244096289963
96.31320975948667
96.478558375416
94.09941850244452
95.31014604555763
94.23307058384573
91.73770021623193
94.45716707642814
91.69771255446128
95.42532740361331
97.08522889876681
95.75795726743429
99.17638810468051
96.88746660460485
102.7211550573201
102.56721738977866
101.6623777256853
100.31949118306198
101.05032323662829
100.37358146389258
102.15604288289201
105.33818845273785
103.16330408982293
101.91581760188849
101.57496449737464
101.80122861254519
100.74573925672304
100.64662303476258
98.45143791432484
96.20459884035965
97.01245957750115
94.71034748907469
96.07185158390325
101.79066228651071
99.5657607918718
101.21364923692742
99.24811175391777
98.92247554370057
98.97243611879323
97.56211659222583
99.72443148828249
97.90466429466943
97.14636596615144
98.47927636405265
101.10061676259754
101.9146787067901
107.03524031476144
107.55329452996953
105.2394301413992
103.03400091265772
102.47795698790847
100.86866921244406
102.98984375513501
102.8240909967138
99.70658018807029
100.96863013077231
99.52889371346897
99.97565508110426
98.91964473623183
97.67356298013826
95.71525220981366
97.9381102696388
98.47567310776421
97.79487576404485
94.21779474986398
95.8450187757494
97.697416110073
97.75446318053758
96.30282690396993
94.86912368711036
93.06631177921341
93.06743193017239
92.11190852660391
92.88090032119578
90.89242573921453
89.96343466569483
90.38973095117612
89.35559918482522
88.71284334629696
90.19875707707429
90.5186093878463
93.93844446247314
92.49983977846324
92.76075064584877
91.78378101976513
92.39658634039174
89.9193975324728
92.11452283760651
93.20518031325565
93.60721155094498
96.63303606087682
97.19181010324341
95.54926272242463
94.96098505348277
93.45657864082976
92.18660325555767
93.0821733092729
95.21279160956882
98.06993828747349
96.63727657725157
97.95172996582686
95.09784220158764
95.54383603039244
96.55008826197552
94.2024649671545
98.14674803214265
97.49404862180674
97.73873584753733
96.34311800408462
95.54944818611376
95.26800040762735
93.9907774881913
95.93339220797294
95.00023710907237
97.72159269927232
93.63248743935225
100.61057881055825
100.02233958144623
98.30441663096965
100.78769253240624
100.89429579336951
98.7765222713924
97.75504251314479
101.66826006366875
101.69523984990666
100.11322971802394
100.98136326521725
99.97017028262454
104.71935462720735
105.71145959647197
106.38916134080665
105.48544908471555
105.77988343873858
106.01272018110141
104.64999587382256
102.85802774302357
101.77715666427243
100.99546653137462
100.95473927498689
97.9844139643223
95.71042091968248
97.09638850869423
98.05014322840884
98.19768119823877
98.56978068171345
96.18346009047943
98.0010667527282
99.87285256212283
100.74386549174308
102.23530799035449
100.96071045012853
99.7227456576027
103.66902807648188
105.69833280105932
104.73452587624288
105.4248449897389
105.36899588056713
102.57635913888421
100.57384895863535
104.40386051048037
101.45289741163273
103.2242694235796
103.08107644723232
105.02828875135825
105.95002496068223
111.92875340291415
108.24992274722707
108.09984137733225
105.46249818690572
105.10022973276766
103.1886428410195
100.71110646423442
101.3144207193753
99.96164305632615
100.66824974835674
98.25105242361222
98.52100262735652
97.33423478110132
98.51859740167403
98.5807763150948
99.06960761129659
100.1423241230085
103.37446091727753
100.47618347980544
102.1686076835996
105.14999758277472
105.93758864383756
104.67440783124468
106.158684925424
103.77904394249987
109.08994556256062
109.92998379475964
110.77053525171634
110.5644631284692
109.0728905884184
110.75893926118573
110.44062632319859
108.90847960456775
107.50254319823829
106.74534868268066
106.57709611202951
104.39859295643394
103.7119124231146
104.5865339789629
104.8680073333047
106.98739580045799
106.16024618873428
104.35782275702067
104.8558908043788
106.3319998138398
107.63496906908046
106.30496614731642
104.81140706257179
104.87214725403665
105.22530388001017
102.53473753476344
104.31277466756515
103.1641686423222
99.61186394508023
98.96522409282488
97.04706519469278
98.75269092518569
96.429520846522
96.83674176800872
97.35669020802024
96.0907781837244
99.0811016175465
100.57506336167106
97.9394444882611
98.46660425720403
99.30640726677106
96.733664713315
95.07646740686262
95.83785791794537
93.5334417500964
91.67585313896268
91.60254375540661
91.89097609056392
96.01303934784585
96.43954023322718
95.34593413817102
93.50744224399398
93.26370526550281
91.8484978540972
91.27340339514677
91.23441686355359
91.33955909312387
89.70391092016935
91.18568892223392
90.71528512321646
92.37471352887965
92.79325612435866
92.99281926027199
96.26876811113218
95.08753296476063
97.74358056423638
99.23322473176503
98.31275476561599
99.02497702356607
98.88477182948309
98.16701713367685
98.2745329029997
97.84029713997435
97.7891163657241
96.59159404472437
96.83880490483695
96.75765287326861
95.14263881558146
100.26949549673007
101.08776979668174
99.02868107484858
102.58667470060101
99.88788864051755
101.64926780039593
102.10861211566059
101.65118827158153
102.85076137628205
103.03718277736694
102.1484109644153
102.51702251054353
101.30937325718887
104.7493451184755
102.56627126299232
103.95728029714412
102.38568279202116
101.05279714465826
101.63928047478491
102.88353728788178
101.61182944029305
99.89929691955469
96.7776979453159
98.19666615300261
98.78340708592037
98.1807706789816
96.7505826929748
96.86640093867913
95.06150833927815
95.78484157698041
99.51795687865165
99.14621568179624
99.32465359348181
100.69958174008586
97.8371237227304
97.42194962951064
98.81266302302137
103.20278899582495
104.9183645299054
103.26639025714965
105.19917151057356
102.56610093857924
100.15229350983574
98.66765303873507
96.63308368310756
96.53027478494319
92.96149169258446
92.79668685750613
93.35186416732849
94.17663731005176
92.08641249287543
90.61416541189186
90.81451227672397
89.56793061264227
89.45224453479773
87.39853452617899
92.32399649462717
93.4900947229756
92.08855834966849
93.19945370826352
96.7733095634553
95.6722054428747
97.06843801376827
97.9580759103798
96.3776825677329
93.60944310106991
93.47223848145038
92.02204053680069
93.74092762043065
95.56437600746108
94.66618154732788
94.07255642416857
90.7365713548685
91.77025490873017
90.31950407975091
89.79717281424652
92.04478056626257
92.11034532187563
93.22018627269823
94.57862465212683
95.36805183901839
92.40778333291397
92.02961568021078
91.8588137881189
94.10466471144365
96.52856726608773
95.91902339726856
93.32458313439096
93.16363135394226
93.29268174142628
93.53925235423256
95.03252695109356
93.55017001980214
97.16389474447998
98.30132316892418
99.102141059354
101.60423420065747
100.21132145618255
100.09905247771505
99.79532562715481
100.56263210291803
98.43165835674111
98.6869512830765
96.92714190796674
97.26593884563826
97.69133951753469
96.3606453756911
97.47995315510468
99.86849072949708
98.48237942847032
98.96056408581076
98.13207847119733
98.12342127288792
98.6364681515053
99.52756080634859
97.30803181121473
98.37477290550997
95.74944566537454
96.27648165606954
100.0051759195494
100.24886621354825
103.76147360214357
103.65431343008744
102.56784042511498
101.33633206373595
101.55448518705705
100.4794933731609
101.13249369457083
100.50188830680742
100.50436834033499
99.34996345286493
97.39088244040639
97.05997752188381
96.23177335525958
97.53209653142456
96.77583734358055
97.68967837996648
95.03378255464787
95.12648931463565
91.859557134968
94.41639120755019
98.06524489197085
103.19470188685881
102.88705129412416
99.75774377603379
99.07407049134578
95.89833661844241
94.03876516779833
93.16911662941412
98.11481562138286
97.1242652004475
97.5359349799905
95.14257968589241
95.32418714178617
92.82055323387934
94.17490272724149
101.36710167061565
101.10091802403845
100.81011455428715
99.83753096910772
100.30858042169768
98.03290203756127
97.84728857645266
96.23044419191622
95.614334475644
96.2127833124142
98.63922874798595
98.77370775357157
101.91917424025021
104.18277052207155
103.4287070330255
100.86982938889936
99.5113319481665
99.83129122760884
101.51297915730245
100.26171814169517
99.74223065324485
100.0331323905286
100.10106682618407
103.74153712881568
104.69662455052944
106.35345222765041
106.12222925041883
107.18778572285345
104.44254864144334
105.0941669090986
105.25947895645913
103.88587851616215
102.03649774895854
99.67964340786976
96.38175129273421
93.94654663807641
91.73946229560248
94.40636844476481
92.72520777715148
93.53663842457817
97.97860786503198
93.71362979360902
93.17240636252086
93.40203984544226
92.8245578494474
94.19786549574778
93.67248207189321
94.21307035832533
95.30106558630953
98.19018287439586
99.33307955662481
102.13850576877584
101.77062268727188
103.05653859194868
103.2761486002227
106.03759011802654
104.1004126116358
103.13233294925257
100.78473940271176
99.60376944626043
96.86725950894237
98.4295604818799
105.11391580685216
103.60008354063226
102.18045841222552
99.31204445444898
99.0853720666855
99.53235476428081
96.5962647862727
94.43663307085743
96.24279208089628
96.99406017036604
99.4665115579305
99.69858625618876
98.94112459202188
101.00923609511501
99.89688184016116
95.75398977984771
98.25674687798065
97.81667050465171
100.08302645064217
99.13202620151269
97.4879067914905
95.8579590329577
94.62569664074583
93.91023416434325
94.9297049017555
95.86646385352493
95.07127393094706
94.86773533574492
97.1117988698833
95.28758311146552
99.13445341088966
98.61822100699142
104.21874822467544
106.25746258550842
110.35760539160543
111.01854423910984
109.55855247559049
111.1924136339224
108.74409753827666
105.90445269281936
106.3669817830539
106.23561971651259
105.20125246243732
104.21970117052126
103.5853114777791
105.26597694263437
107.13667913214528
109.37298608558827
116.67910217382551
115.95377010814786
112.90087732940414
109.76853370330394
109.01350383086873
106.57017659552236
105.030079720852
102.97730639459458
105.67269264136183
106.43543878821579
103.01127998965599
103.4879959283887
103.80653255674964
103.34531996449451
107.91107179935793
102.98940087224909
102.13083811409916
104.85194002277184
106.59513496459029
103.9850421820495
104.64802038417993
102.19133054098646
102.32614039456314
101.5332814287536
99.57227034540219
101.63794592372385
100.64666549153215
103.87118681285054
104.4467665668513
101.31667497189633
102.79889855799705
100.40555679332988
101.86014623568163
100.06741171186843
103.77188012423362
101.31549451011887
101.62949186667247
100.48831614659504
100.748790742512
101.26721330114708
100.98719044727274
101.48461788549723
98.65572045621565
96.55125777532086
95.29245177967188
97.70912636815487
99.02532879327323
99.45010245593888
100.87173302266777
102.6566838496237
101.61089981429011
99.97010577319557
99.2082117645401
97.31865563314892
96.31843033185423
93.62868228985842
93.25495397071909
91.70150932789869
95.8748405440051
96.30951762832015
93.96967156718718
93.19656222134952
94.5004157604923
93.49104927248203
93.67774617339093
93.26152811606401
94.71559269152516
94.12030205542266
90.95642737952156
90.82554068073847
94.03145922139491
95.02256235131351
95.52900432203947
94.83257422861871
94.96166331648315
92.29864864277916
93.98930640360108
97.31419370423787
95.75836674692238
98.69897935927561
98.40553759975535
100.10934724484113
98.32008818451405
96.74979712298479
102.11544771164087
100.94293309186278
99.83267264536349
100.68789980800146
102.36024293486487
103.2818614300406
104.10685420886456
99.93589399275567
100.98194078205324
99.66040994588587
98.20800952934998
97.89372088716803
96.34441160414086
94.92683622941468
94.22080611437667
93.27700878546348
94.82996142878285
93.92106491085755
95.67885776739604
95.58974427988181
93.35079964286547
94.3937942654957
96.41793696941207
97.19910900669997
99.58077803616322
95.96732082674265
94.89453952086836
95.14268457821943
93.00161652937139
94.47321366278548
96.902186456989
95.58035167496155
92.02051462487708
90.2097459312841
88.305318805573
88.95153572357142
87.03164876615119
87.30133245121246
88.53140900108275
89.28507188128833
89.49052039785332
91.52035104392488
92.0554069619429
93.43815121028182
92.82679151276322
94.32641405530171
92.7126628213557
92.8219183651103
94.75981819838117
95.72844792740315
95.96147387130613
95.11934532763539
94.98224265286579
95.84299020546156
95.98142368376823
96.73594996468192
94.67055485701921
97.11724311949317
99.10830546475434
99.33838572747976
100.62846721202467
97.09595236433864
95.54145220061565
96.0791532209561
97.05253228943857
98.9978718049518
102.64008538162545
101.26907274990079
99.28778147519176
102.89301605401747
101.21158863534784
100.1653997417493
97.73828228186461
98.68570140649098
97.56207763880364
100.50832540189592
100.83899143995191
101.81158350841791
101.50242951485106
100.12882865382014
99.6938284069836
100.93600216385101
100.7870909924409
101.94843547915946
100.42305364115833
102.81048080473703
104.70134998504352
103.43142608562968
106.44970118468133
103.95069426052366
105.61361969754398
102.43172613159958
103.30385957096964
102.2988425171487
99.2191164110419
99.45613290807643
99.31896427251513
98.00833153196407
97.4413296013698
97.95828308482109
99.58171891223019
102.0678599983388
100.91374510899796
102.92075781626751
100.46943891695221
101.6821470887201
100.78700496007865
100.40303131254466
102.32517936271448
99.82928913998968
101.18993420783669
98.11819769084804
99.87472344245526
96.72064176795088
98.7109134048459
95.33572063364207
96.67706025541645
93.86415047901302
91.79950525568023
95.51070563257706
96.98966451220666
93.86221285135616
93.85283112350912
91.91101876885998
91.83084134820115
93.99844336327526
93.55127277404944
96.27882990053781
95.46216021856202
98.07476999670504
101.84313841703492
103.29583430145996
103.29240587493862
103.41792051001683
102.30166801283391
102.02075945365245
101.56721726930014
102.36786148073402
103.14156246508239
107.89523996914944
108.68064935869707
108.06711166108241
104.28889305809128
103.44564164593108
101.55495484968094
105.4242216290434
105.20609962473151
103.52271211717408
103.545505032902
102.81902650471685
101.69633683071301
103.28969397466119
103.03708058914343
115.41857452627426
111.98661342123684
111.70917464097346
109.84789795239575
110.87822816150431
107.35329719091193
111.3992935711879
109.95960214698326
107.84607378683832
107.63916769509511
107.37941005346345
108.42114997878586
108.15914356454746
105.22757029287084
106.58325559278882
105.56172429488616
104.57551667077472
104.27047105917727
104.8727949264698
105.5936750115362
102.07092353292717
103.09828463854748
105.66835496703843
109.12440865796549
105.2791871645079
105.35324009864111
103.55394944493963
104.29170216675998
102.4729652185639
101.95066836190664
101.31933023395442
100.13135999460306
98.33315609885669
99.82294292652608
96.11598741353187
94.19107007768484
98.71535064700514
100.0555264065477
98.61113485408634
101.36678707661684
101.11783123658932
98.95086443372367
100.09703098612292
101.5076960973005
103.05189637351211
103.32344614425189
101.2767141743513
102.11149511437985
100.48078323069275
101.95199089001939
100.03985201249901
101.18461680885518
102.58644831772172
103.0569155847154
104.89449110948848
107.96753260548546
107.70069126483705
111.15671805403451
107.71180875454603
103.52823068103963
105.69346096489134
105.69711886654787
106.16818704956748
100.86230902741345
98.76306484749561
100.15648833398846
100.35935550510551
100.86019035238044
100.02940944626316
98.39433855982276
101.01432499812955
101.70584554374283
107.16724385321882
103.40208526879323
105.90893514540704
106.86411571756771
103.57494158414718
101.06535488007664
100.41923239953054
99.1090924073361
99.82155137999946
98.23896403571338
95.69162756944232
98.53112704509394
98.92327146718905
99.3447966045717
97.85234458680613
100.27397172943712
101.73163365171796
100.3767601052868
98.80583730455392
98.88894962604572
100.48461319384384
100.84197758452983
98.0488293566069
100.91662759686126
98.96656257836285
99.54360201142775
96.8160696256134
100.76223801624693
100.13080820179907
101.53004411904864
101.49624671316975
102.06963361842588
101.36666070288244
99.16184173006583
99.93909291525603
101.8755408660557
100.51243609379094
99.56949841925001
99.44990662321325
99.18389254555633
97.09598445850264
96.83384632657558
95.60607523572185
93.3238018876839
93.06242967350838
94.97185852333786
93.69190816957502
91.88210253541581
92.92905649088725
93.84611678851341
92.9202329384817
92.95614636925097
96.30274858204302
94.95096655021106
94.59663815006995
97.9372973968769
97.68571345401116
97.42892811293729
97.09383836361624
96.22302130895432
95.44125597634415
95.77432639153025
96.079463532334
97.05360470063087
99.5787749725633
97.3180890453973
96.2793113103677
94.71044575234454
98.39179049043543
96.64245294755845
96.8584829661775
95.81321341353234
95.88048680667693
96.72664215062584
97.24415967118416
101.72825638792895
105.58273808253094
104.30934564058896
104.59427930058419
104.5607097819683
104.93543509158944
104.15586857678925
100.11587489623214
99.59065309450648
102.85508684017843
101.4222055751093
101.65932252775443
98.61077324198541
99.16103397271803
99.92467336103229
98.34786277310235
97.38740493474961
94.26511002692266
93.83157763781925
98.50425010967363
97.50960904256266
97.21452707298258
96.48713475584535
96.39382977385617
98.30712478524966
99.28553366689445
99.2427090150176
99.95995097545037
99.05001573493928
100.81780306043613
100.64537465948024
101.77514607516291
99.56099029409918
102.74786373450331
99.59225735448142
100.574900350047
98.7687359317459
102.06292051306882
102.84618315732644
102.57431087924635
100.05627967437925
101.36036976614038
104.54155069415303
105.2858701685757
102.87436734679306
103.35999723689224
100.27238564317595
101.07797379687469
100.68942658388943
99.05015099607499
101.10427499166684
98.54159487292328
102.94750785308634
102.92214146647774
104.49146726017727
106.22635963767767
103.90650955833515
103.16237128807249
104.8079619844216
103.58851829246457
103.06536156269352
102.3501207528614
103.54589811795049
102.30054533078838
102.35937638152727
100.93996982030171
100.3039539021948
97.38985025704612
99.83413863116753
99.91378395292597
100.19409749593206
105.1658774819759
104.91412091884739
104.40801538149908
102.16416130211516
104.33033905007888
108.83960738501818
108.36274514559216
108.37694707510559
107.20709794824438
105.06965842841566
104.00482466043643
103.36351151532564
101.15532227143564
99.67999030014595
98.06709841200066
98.24777191947484
95.85798084948689
96.56940721590057
95.17667928097849
96.27285663683031
98.46186644287705
96.39859157485138
97.49453039612283
98.02920797063767
99.7877511854124
100.5825144810789
101.83102581037025
105.88596892244139
108.26337112927236
109.11735329328536
106.16111826412316
110.86901519336385
111.19767343580999
112.66553683347581
108.45297872713435
109.48456258079149
107.90015691755127
107.75592023422391
109.70234659788007
108.57624149164369
104.57858867783135
104.27302694723578
100.08733441617115
101.22139202936593
103.94554508270815
104.33074802671676
104.36862038486753
102.56274604422593
101.2308166690095
100.14487490314237
98.82946133631086
97.86255403719508
99.6452652909506
96.235380669258
96.96381904393775
96.7625804022688
97.68815369379519
100.69393946930565
101.806509275121
101.02618266722422
98.26782078326329
98.77296676927787
99.0714158589023
99.79245951471697
99.23912085435195
101.99755522613911
102.77512936925939
104.13425983502927
102.74063290427773
102.8624535176896
100.67212822784181
100.88842157467825
101.7387481633566
103.04681704837738
102.51114577138
102.36640759412255
101.07314269387788
102.00892840121817
99.44705020118508
103.34796755662776
103.79139860484301
104.75330616638888
107.56436824038471
107.17962709471665
106.458810147444
104.8389524834992
101.76346810090683
98.20850042368274
98.43125321385912
96.53455292471924
97.31787460040017
99.44128261166995
98.63434580250635
97.37049914133237
96.69090266861502
96.55632482311655
98.61793423030812
98.94814064934376
98.74966298521761
98.91688616913143
98.26100611573797
96.9095186376594
95.87681411769867
98.84366390658928
95.90551960938313
95.02108213485299
96.35109707339012
101.66551655803073
99.75434682112147
99.49918320425246
97.5818177517217
97.34218877050156
99.28025406399696
97.25082356589161
94.00492534367321
98.43904021445887
99.30835131291721
102.12229667316196
105.71089708971138
104.22828503922787
105.97199104258634
105.0322791286315
101.0284789897359
99.93267064038058
99.22945914590696
99.05620603880263
103.47984995595999
101.89782917415097
103.59585407244664
101.93374353009506
100.59746207687091
98.50154261733248
99.70065780781763
98.72890194047088
97.50755007530758
98.59512354020752
98.24337341014342
96.47805357582517
96.31989849483888
93.69873481686044
96.40426079291736
97.8836922317509
98.6919475204495
95.64127097255643
98.89575931688137
96.25826486592267
96.36255048411913
94.58727739379201
94.42536665866973
99.49067434527257
99.14455408637657
100.18075786242025
101.27156803528624
98.9419754128044
102.24317685291099
100.5860978085817
103.64725595341693
100.78987472086081
104.0980654981148
104.71343631670948
104.87760649345208
106.85457682261583
108.26610846373526
109.27322724886888
107.74708729823843
109.14721131191315
106.73350548625038
107.71511650761877
105.2731119842844
106.41650061270717
106.93355139242773
105.41844552721871
106.46853572492422
107.56739637213786
108.31496563514084
110.24143897616558
107.68586286357032
107.00201758900972
104.45330343417542
101.4974433033202
98.7255046399339
100.61934465073729
99.78502035565515
99.2543024997125
98.24856892390625
98.36474671553609
98.47213282424883
97.90640844572103
100.2940295708981
100.4401117242525
98.96116420639723
100.15933529925775
101.49038151086013
97.63653815712652
97.2637062065928
96.8005804899267
98.35174877533028
96.82864396928656
99.10250889145654
98.83773920399868
97.48954164523296
97.77526935955358
93.77959514181079
96.00287138399291
94.84624176812925
95.87249566895868
97.64228915734134
97.87744650868947
96.68936206382938
95.01328938070694
93.6024196916139
93.14566588974516
91.57525695874122
91.43493059031974
96.25511859770532
98.80427204089176
96.51688633595695
95.24229610627566
95.63588243629394
94.178129134723
94.55843847538411
94.01836267525604
97.0432264230388
96.37715072760071
98.3739491415631
97.59467038486649
99.99744107413505
98.9166203469653
103.69936828484964
102.92577631360516
102.5796809305899
101.00454200626544
102.50075279986001
99.29374089281595
104.6378707950928
105.86162763181471
104.36565494093696
104.42596126318355
102.90532201255643
99.98927485238724
100.84704680058037
102.8046119322712
101.3211619978912
102.43171721314403
101.44391592138483
104.93565494895202
101.63142437056513
103.21518288171458
99.68486703314345
104.0059979832459
103.38985448904931
102.8795914096041
101.36911121727074
102.03741872080282
100.12181408545631
101.84244488884563
102.85956702789724
102.71289027088038
106.08207722144675
108.41557053911714
106.22946453880952
107.31030159050883
105.38018537799817
102.59159680505135
102.6847126513364
103.17013556828609
104.31660291105504
103.5787365644495
102.98474832957926
102.16588517412158
98.63655663380592
97.46611943031473
97.01680191479844
97.50440103207654
97.18545662055368
98.35457713522203
96.80447266511652
98.7593305320714
97.35490704671123
96.8165173409752
98.18236666512338
100.71714617137577
102.11574399599968
104.6282948323908
100.87904490984936
99.86108065922137
98.27587906479586
101.28134016749168
99.33453745849789
102.31811247812709
100.34992747897924
100.52693936501586
105.19636595735061
102.02189764349485
100.95330062037718
101.99205515000709
103.11251514066652
100.64024592179307
100.37377437105293
99.3412040276702
101.9873727346362
100.54737488279194
98.558642530429
102.52399981593288
99.91341650804053
100.29389595390955
101.02443465763741
98.74342364827886
98.75117948698635
97.73749565412088
102.17948613787372
100.5935627418264
101.33410757154714
104.31886485938033
100.82968858519367
105.05877860944997
102.81717996652812
105.04415842577998
106.73969434650505
106.19086113650094
108.48796932882294
108.4921346487933
107.19741665032096
106.65172311964115
105.06686126919124
103.01448266574046
99.58438310598581
98.08824221568581
98.32351857890893
99.13922394079042
105.07821013714087
105.71231905172985
104.51131524136159
105.32667366094233
106.05457715085994
106.8511801766975
105.2703348382126
106.72533701897002
109.38394086867278
109.39345271540675
107.02179727774151
104.82682450350556
102.88927509691324
100.38121581177548
101.28618886733629
103.1802756762858
101.37931713769176
102.70344657794963
101.16885054692
101.93960054402909
98.34897601654545
98.63043517032057
98.55167468585014
94.76672773556406
95.23533043668104
99.21144355885346
99.01619277855485
100.22271467227706
100.95943661270255
97.2654781184177
97.27987860387164
99.28904195294204
99.03707041560847
99.64614339465385
97.5499399141408
98.67037820911796
100.0665337394597
103.60139509503601
103.83039726147379
103.90598666678257
103.46236554056519
104.29734066165777
102.59079524097466
102.07874126920458
103.75453625773817
102.99202555044137
105.67068065592967
104.99560495801269
104.3563463645872
103.25394348662923
104.88411735511527
103.62544284828594
101.6646008463817
102.65922299990693
105.11119386289683
103.37017378790762
102.09838551917032
100.28827960958212
99.45752375850286
101.51159696126051
98.18392466392034
97.65665502778566
98.47631736515966
98.28735004711126
98.98121346645199
97.61482897611374
96.35954478266444
94.11315677688759
94.4990126194467
96.56049398213212
95.93225444209513
96.24475425248751
96.50451485432059
96.33043390814144
92.45694022825599
97.09014576786693
98.7126630517685
99.49708260803031
98.44439213716629
95.67085590511668
94.88732009717363
94.86516774509046
98.38956197453258
99.17982408788383
103.04270808452769
106.78920315899317
106.94225708689886
106.53839194873564
106.21059196408385
104.55927514292432
102.50947444019974
104.5207707495132
101.62525929021376
107.40933951511283
108.7890773942608
110.6077057429064
109.10281109658175
107.63518457811398
107.47123633732267
106.77024716866372
106.20800002218405
101.855948216591
101.61981645014968
98.70189801680525
98.95333944188248
97.6604797930573
96.49383243641373
97.72316208458018
98.10321443035214
98.6718987005985
100.86612944828026
104.15301783839207
105.3240680313212
105.21270040899627
103.30784427085669
103.36035629501879
103.05556837675181
104.3234285159303
106.40581880661698
104.12853039690285
100.55105536308504
98.21047202363054
96.8303238715936
96.0802281373481
97.29490526997287
95.79425271415923
95.0736391387025
94.0884099920021
96.4327847716738
100.96739285017863
98.34996764842029
98.47166786768491
101.39839823816871
102.38221012812343
106.21496119570124
105.77609641334465
103.05240994448715
102.10751243492447
101.8149996338543
102.10953369124626
104.00196137659425
104.84087936136683
106.38864904327014
106.81809434037521
105.0479392026803
106.54459885186449
107.36020661130837
107.39176819287802
104.04376082250889
105.10450146168219
104.2391622985883
103.48936155256229
102.95080067260541
98.8983965362984
98.99877437277107
99.61856867012747
102.40696900119687
103.18082065625333
106.46307271350729
107.91232085010931
107.25506849137174
108.98366355402575
109.96609154213303
109.84243407197734
106.27881058536997
106.8450472398067
106.40275410081925
104.2734196647272
104.94444356890511
102.66895499549565
104.54477957588925
102.64600053725248
102.39344039723474
102.36343041013626
104.69585272363219
101.03314852951658
102.32886346142678
101.49873652030986
103.96742113710768
103.66482243928344
106.7230336190194
106.76499796190488
107.24849043563647
107.01049441991032
104.3121030475757
103.34696003160825
101.75201881168931
100.4348918406243
99.24869855445704
101.6159705010344
102.79520464203007
101.15544844894659
100.26179188569101
98.37965305734471
98.11166961862288
99.62748046125127
97.5625283292869
97.9309666644674
97.14991647070822
97.73887833157634
100.2284811425172
101.13932703924375
103.3785329241923
105.15681546466367
107.47648547958401
104.50793749445808
104.17325966798114
102.59787274434373
99.67832908291366
103.44034615550123
107.8752332494753
110.4449885841327
105.5896679213111
105.13331292168685
102.87823395989099
101.89517923051082
100.07854885576704
101.46617848399382
99.02615296794518
100.95594904158126
102.52342636689197
102.13866438173774
101.7332943158023
99.13072419278802
97.45824027159671
98.48479405228571
98.11124201451788
100.57810081145527
97.51949011210652
100.81501298930291
101.46407307806294
102.25231239282905
105.68941546164476
104.0274861774552
102.09833040578435
102.53104316945131
102.30990378660995
99.16201632299635
100.13822942404953
100.97425461814774
100.29103130634039
103.03909635263048
104.50909645079021
102.29703284161253
103.37932551042279
102.95990438909676
100.63187028389763
103.27118345331527
101.57176840025251
100.69869401227633
101.67352562534141
99.67725734410658
99.15201897291196
97.91309429758097
95.89200505562556
96.9578335758042
95.12589787781074
94.34886867020968
93.31549308502795
93.17337501562163
90.9695100986069
95.66155854888055
96.54831638705944
97.1947706076857
95.03176246019268
100.03947468135007
99.95707079437025
101.33144847951702
103.8591603146512
101.10304025452544
101.91346383534078
100.65233693397856
100.8701217747275
102.88993457250461
106.02831277441173
105.40488225359952
106.92630162988686
104.38979311990818
101.99578287704736
101.4680446519646
100.69064427055079
98.483582686044
97.50411793530132
99.67148661304016
97.33765487370121
95.21314115620159
96.50085062555515
97.56778337914784
98.03996960736785
97.43019120379353
100.79389860680722
101.43343816983253
100.15462046440125
101.94901402018482
102.0864484373516
106.24639894317781
105.23367308969004
103.29584159443687
101.69706349102687
101.46833910187368
104.16400386207299
103.75010276838339
102.03464807483654
102.45397773277976
104.01940665279515
101.0513877643825
102.68318570827888
102.37531973413428
100.30238885765364
99.34156226169192
97.50193021521584
94.94001619385057
93.52706748732783
91.98651887524191
93.05456066602281
93.24433377008694
93.76822133169328
93.44992948271103
93.89582858544341
95.98107705118554
96.00548038523044
94.47845228902499
97.64392320200962
99.89030399605478
98.21261717260045
99.56007168904517
99.12121799943385
100.19688299563516
100.08625207472821
99.40360204444475
101.36441355885438
101.63618656373909
98.4512115393998
98.41776856575191
96.5116363593407
98.33948142758264
97.32074589768835
94.25288034826065
93.10498397638976
91.4408223733307
91.81515265850497
91.40220039477194
91.96058695705521
90.53651031069725
91.25330767634446
92.77649800001332
93.88309963708875
95.64458284206819
98.4324033677384
99.15066593920604
102.92894730503905
99.78971026460195
100.60932206448433
97.95886122295856
100.64282899549923
102.5507150894127
99.68991993210987
100.72505147727048
100.57263589046075
100.35415821352538
98.09045016533065
95.84084588016566
95.41412542264516
94.291942170842
93.22704278989386
93.48110578004243
93.50930827463583
95.42880554668267
99.42519989673741
97.25844789247255
98.25867450706046
99.7653894069507
99.693718473549
102.98550543780765
100.5708893486512
98.57793296403338
98.7469199447354
98.12524393468918
96.01431615277744
94.11911269171262
91.15074750495342
94.02717248227208
97.48835135565292
96.80476141634645
97.01514801466317
96.73492721074155
96.81888276393015
95.29828009615728
98.20996942860918
100.27254796756375
99.72182787051834
98.57962316269916
99.00242001967922
100.75883343463369
99.76081707443129
98.57552474709333
100.49377013108015
99.14469556501092
98.24920910037582
97.68110397202392
100.23682730632889
97.65857386886984
97.83291592238741
96.458961166437
95.43215651826316
96.13750145638208
96.7648074806955
94.64595287793612
94.97033090452265
93.58033877307896
95.69394263883754
98.93824506562935
97.92917763131997
98.78152414584306
97.49609693030976
97.63470811023976
95.40224870906732
98.1808832818594
100.17466950861002
95.93963655710584
96.02963599161924
93.4096013442167
95.2113576008578
94.45566988010957
97.0063067030031
100.06316332849771
100.22242668023249
105.53252145599649
105.02504798863309
103.340146481913
102.53444712925952
104.5416637308083
104.36320185486844
106.44582855846082
104.12849776854995
104.01344567093153
102.29922889639641
100.53871210876112
101.7487061906702
99.2203071331952
98.89432224288485
99.38187696645662
98.64667425062645
97.81405044137927
103.65283906593376
104.54344768059578
107.37284449342262
105.82255877631592
108.61096146029715
105.65417392719975
102.16386677320101
104.40009278227271
104.84870802152915
108.71603273145512
106.12116299533831
105.63156087805017
102.88558972846782
103.64709120569745
104.08467021570466
98.71325302774822
97.95556057982344
98.09205852262181
97.83459473312399
96.81473912491482
94.33814264804269
96.41549717852472
96.46147081821603
98.11937709054436
97.75061356604421
96.93320021370758
100.15989917377995
99.30606384488033
105.03541290326056
103.11424182373429
107.71028900124126
104.84262624962302
107.44559896102668
104.29290029325487
103.77011092466661
102.0870212718819
103.41978789489063
103.56706257042288
102.47258127281675
101.96268059294691
104.72067922541139
103.93270654697758
101.32455158181484
100.28956238632857
101.73217228147162
100.13222376742961
98.7404925772521
102.47778529910647
99.68138398198496
98.5957332326353
96.8205232677766
97.90351961294661
97.86101359249695
95.07035221925437
96.6947360501712
94.01996589201508
97.41406021985001
97.0575194605713
97.06002284464833
95.58735333497415
97.28986816014775
99.42521882751765
103.20452425249944
101.11694340875046
101.23343337929383
98.89584028890124
97.73042305517322
95.51755266496663
98.48593855006726
100.05390032736919
98.71553234588116
100.1083839054284
95.91398644249782
93.68510770866298
96.29877840689446
99.14915053405713
97.49483791577745
98.55220970424239
100.77646254468816
100.63795502821583
101.30182689016453
99.66880863854927
103.21572765762927
103.82396179592044
102.19756302280055
105.50879291798962
103.06066300019756
104.277786719567
103.04177118642107
104.98902924235585
105.70036266836662
107.11829221036012
107.52056570617994
105.14703596095002
102.97094273371512
100.9036222061453
105.39111511444727
102.41234045276396
101.80201328631267
100.07757445059761
97.16962302713885
98.77228863488745
98.63846961283234
96.89566183612503
102.48666428505206
101.82551523765913
103.67447897184869
105.56215764771623
103.75498685706128
104.3581505257438
104.98633650676499
106.34182842517819
103.26200763200877
102.9826843219318
103.03603596120956
105.54568558809578
100.89699771645557
105.80596227437115
106.3762998389581
104.55996613291563
103.60262107040472
110.92041854635688
108.15790855618113
106.38219867326904
107.949181225996
110.28423863627005
107.52669952490488
112.32633028457403
108.86054194847814
109.05519689287384
109.54372670322546
107.10858707718178
104.22177097450083
102.10250861852323
100.24073780927613
100.55026059778812
102.24515880843052
104.64523730529568
102.26852876874969
103.3669419496434
101.15889435528273
99.70071935582054
99.8948460671434
99.78131822178587
99.26229678013476
98.06046266213552
99.8107787208576
98.36890109920606
96.23278043201887
96.47037273043462
97.1975179652228
98.7383443193829
100.0270190960461
103.434193393002
107.20162705805505
106.02400597278398
105.37993080596674
102.44329861540568
101.54589958040884
104.06435970638499
105.12203370587308
106.02436262338088
105.00121246787647
102.12086074312586
102.38224143046361
99.03755657062555
100.74117452639439
102.055329022324
100.02322999536898
101.70342337490578
98.23627329683782
100.20197662499453
98.55439138156491
96.7469526298319
97.48334040870797
95.66060441430704
91.53159473163952
93.22280263520271
95.37285564511143
92.38642832163
90.99966448490521
90.59018952171675
88.4150191664344
86.45791169432546
86.7446442461227
88.13281458219181
88.41642003835358
89.26123248122747
88.52565869661696
88.01211986449381
87.85035901034612
91.61187637030145
92.75187371084363
93.57706313910178
95.128754538596
96.56222220321048
97.54251563848948
100.99895696694641
104.75394719397433
106.41666133232611
108.3743747007294
105.07993306858796
106.46282656483315
107.95557013350741
107.98542261143072
105.77043739412613
104.80798768055791
104.09975220147882
102.41021896603084
103.23106201103697
104.24620530114834
103.76407112739703
100.55436006029358
102.13481396928925
101.92291039718224
102.79388991975154
100.61507779700347
98.64801749676613
100.50570889236613
98.03906595885258
96.61342484016879
96.79643049386723
95.22985329269979
94.40490097919403
94.56765597833203
93.14015290312386
92.84890156207086
91.45789009902735
92.78468559220829
90.6504389243215
95.50198906623066
94.56588646147657
92.96721336038661
93.14096801737412
92.44863898407999
92.45738352987078
92.13315885209977
93.14763343538951
94.36281970712484
94.4894927166532
96.09969759396799
99.9889238289638
101.70381275679264
99.97323083235996
98.36274474869639
99.38898579550111
98.47587844209106
96.52014815262892
97.43794259231552
96.62140178867801
95.41381703502483
94.88680727795229
97.50523897810409
98.85935152729643
98.48515335913869
100.32964392238473
101.18510599673625
104.58556003317307
102.42297700401453
101.37138882424507
104.29662914642293
105.78672830983929
106.79238445989745
106.61602936685487
106.0561059981036
107.38933461766757
109.1826032559472
106.91535109392464
111.57527390451432
108.37345587198922
105.93707068698106
107.36258504421707
108.50919983156673
105.066507600175
103.060879982172
100.5646690064748
99.66036310163041
96.70198862462314
94.83730456119427
95.9361299105833
100.82544343820618
97.30373056690887
97.24005172759875
97.24758572074776
96.63682900687319
98.15305517197241
99.11492449675957
95.89942043647433
95.7200121192384
97.13158287641662
94.92483290765057
95.14213613450683
94.51841376127797
93.37032412857062
93.6479535021506
95.82250061997308
92.94299211786468
94.80828147928173
93.0460528259517
94.04515475710271
98.17692618256689
95.42677104774944
97.61592036226762
97.48896780431437
94.45394848918974
94.94330743977777
92.41139038801506
96.52075549816473
95.33287308309343
101.93112793584518
101.75425546471001
104.06792984698714
106.7497398456865
107.32280849679634
104.92244651879597
105.85452052528842
103.8112422009766
100.76430536146347
100.31320392894702
98.67779341546637
98.09758891979456
96.38979275033995
96.31470734888808
100.66082806690451
100.7314969836456
99.18624349340796
101.92351514209493
103.10863229495384
103.1820576116963
102.86743950191835
107.02182834652515
107.04504622750248
105.62111202292003
106.22960327720828
105.42330607661665
102.33261301147854
100.46744486206107
99.33691061002627
96.64625701502729
96.9634408304362
95.53073051943713
94.51163322114793
94.039167942219
95.71721013962346
95.67057607910465
95.67267275382876
98.59626504278276
96.60150496464998
94.3872137142165
95.58753201154167
95.98543556895127
97.5335498034296
95.75519702976796
96.44104209804567
99.38550605052794
98.22434976353154
95.96612460606613
97.01082652866825
96.87641564037143
96.65500572109607
99.0357371286215
103.30678612712956
102.08051748612661
102.67302341729366
101.87337489765754
101.63933598077902
102.42497001464939
100.50381831617146
101.43259446098438
101.17483007071795
101.05384233807003
99.73866934919558
100.24660815396821
98.59161086357862
97.66382402259246
100.4719710960733
98.86515204043694
100.5807378706535
99.5767167125171
100.37471843220774
100.89977021821169
98.91452781595054
102.15705182018158
103.01192501710734
106.13414596713194
103.33841867191065
102.58391367687742
104.4356236130657
107.28796878127527
105.8462135244893
103.21344203319761
100.58933632180559
102.64114588073598
100.6806238707325
100.63023673292308
98.13144330335959
98.0205883201867
99.73224650691449
98.87142214603294
98.24781682953659
96.66200827957857
95.90014548731052
99.58543855166994
101.77052982548172
100.27874164624019
101.78237384752667
106.49987496506849
107.16385271756131
105.19188502897765
105.94386151424678
103.89560206662281
101.71979350274532
100.29842136892456
103.74356803131656
105.35205206938257
104.4321705181068
105.79841309642806
106.14765912833792
103.9863550101396
106.63149491571158
104.73016115173654
109.01650905487767
111.3444493349932
109.15476664638369
109.15133112019727
110.6790131249365
111.56191816821237
115.68877982211967
112.86055359676256
115.64919109415595
113.94630300065191
113.37691512806128
114.8894508017215
112.90105255837706
109.65545703448349
109.62764217055414
109.40830832176893
107.09193951037545
103.5524976480862
104.08670797191064
105.43486620505274
105.33318163780952
103.74859146952676
102.96619551563057
107.5212127160962
102.96491446745247
102.49420667608945
99.96021433007121
103.65552465000872
100.68238427175207
105.39014925181526
105.78830615164924
103.83869868742751
104.93622179438552
101.66813332914779
101.57817248830617
99.18606946395359
100.03496023124495
99.3251335355548
101.90621351783477
100.93505220081376
100.66731464583737
99.97428973257016
99.81999489673478
100.30033619253551
100.6986538433117
101.8100402056037
105.31327142486188
103.24938944660946
103.87970227374426
104.89041487633212
105.63551929738178
105.36120608197021
102.40593242754707
98.97837137451302
98.53101908410184
97.75599267784044
96.31660551972045
97.18059796381225
95.40646457534112
92.91672914062009
96.9010778341851
99.00378557341627
98.96289644172079
98.20451318464234
97.1343878991708
97.34483900076977