replaySize:16
43
46.89464899501471
49.6944549595213
49.91011540924271
52.35812503122427
57.07163845484652
57.61156285574791
59.857959999126535
62.475386324031206
64.90817134983776
65.12116652666741
66.67398128466071
67.51774157406264
68.09463772926584
67.40954882290441
67.29104050824364
69.61450038563659
71.94885230625404
70.91110456592871
71.3031563248255
72.24810836588831
73.3671897920185
72.19935562260343
71.78106439124625
73.22967140075119
72.18617886976593
73.64827612380155
77.57436988921462
78.49601061474088
79.52689300786525
78.33551347351056
77.99374058318327
80.4071905951355
79.72771175301004
77.83230311951567
78.10779244084999
78.43461951810926
79.64618399626254
78.63367575149316
77.95768354371538
76.96896641698874
79.23685259595335
78.75762082350747
78.19598551445388
76.28806473671223
75.27206852840673
76.57357137572491
79.54528404343125
81.03906003134973
79.8285234921004
81.21241480420407
82.15900686355644
81.52109093784907
80.7263182146461
80.83675322625548
79.89289148466284
82.53606540939641
81.64384441303267
82.38618047974155
81.7185827797627
80.2825086861207
79.63829969362295
79.83552010699098
80.57420508237804
81.16149582498008
80.78693566920829
80.0145682235314
78.55396727644738
79.58063657907962
78.83494371474472
77.35613444733677
77.10359256475577
78.28444761138883
76.66708429034492
74.57236725631792
74.24965404523469
74.68543327493364
75.4598011680585
77.4694874686268
75.77628550571734
75.75330844363545
75.25215821299238
75.28357417700029
74.70697519057602
75.35072540957039
75.76331191898379
75.6067769175004
74.72392979236005
74.26662397703751
80.00463752072869
78.33898940273416
75.78732424618968
75.7823849971814
77.27683908622582
76.63668285805377
78.68049407461464
77.64338503718355
77.24666685043154
77.93667759685447
79.10466361526417
76.84114103600916
76.37616897520004
75.18550126204653
75.84368627071883
76.83421207597489
78.46199966707015
80.5152600803716
79.97827459617731
78.9310720590141
76.99922468616197
77.89641639118283
77.07952317683909
77.21497552207661
78.68287058222796
79.18089404736776
79.87830182010909
83.47867929425601
84.58117017497727
84.73616501198954
82.92655882317824
81.48548585700475
81.59371174778808
81.50542221532449
79.61689928685692
79.23973802657815
77.86494635907718
80.34178261936711
79.79331830573028
79.08670587253141
80.6341834510805
79.21877209663427
79.55773000510186
79.19818883534924
80.07510128487162
78.28388682871304
79.40930427447447
79.58902227330135
79.47000030520373
77.72248189182041
75.5482830950342
75.38671672304083
77.19977421337254
77.82934973411405
76.82051116601455
77.05730377444176
77.76733902408654
76.99377094475614
77.29123337727621
76.36137579174525
77.10957678190574
77.43305784262678
77.40757387933742
77.4349269523828
79.4434498004025
78.56849661856026
79.35250460108726
78.25044857060142
78.12797774202994
75.89435459262297
76.73710921882842
76.57453063501495
77.12722321151526
78.3848904287074
77.68861812802693
79.04550307959147
78.55517836373183
78.14122342583326
78.18570831867045
80.10604685862509
79.67237585785901
78.72333063472246
80.26868964260825
80.97041160467334
79.44506026231453
78.59836678465196
77.3177649036861
76.74846246905538
76.81620188318843
75.00372641337543
78.31895020378597
75.88422704723862
75.61955295167182
76.18611175734499
76.57489271011309
76.88986121394393
76.2100487005235
77.69940276186456
79.30644598042834
79.13729011064395
77.49615016558165
78.3810351658027
79.15471810102763
78.99055306983823
78.68686733539046
79.87057714144984
77.97542978808663
78.58588615203735
79.01704375549777
78.15602732560805
78.3505652901832
79.07381808615303
78.88028665568575
76.89617520194146
75.45480183652936
75.31190155292173
76.12225950643496
76.1975683670518
76.89396112685296
75.77810699904862
75.74236412534825
77.69894253532924
80.2663122384805
80.02046111197708
78.93657939786605
77.13428100417885
78.61947536562216
81.74557227556166
82.47580423617836
84.43038805768411
85.50948254889849
86.04871626207775
85.58782071516575
85.13384462978695
85.3331532830567
84.35909890485017
83.61290517144018
82.31602532963015
83.1216787570894
82.61659858812378
81.10425545899881
81.40233023443169
80.44395659948641
80.39860813237838
81.21681819656933
80.28461663830684
78.5520776043231
77.90214861346988
77.8533548896354
78.42808233694191
79.25967972601967
80.9403664849165
81.06996412203175
79.61931474446499
78.2518624954639
77.06518272469948
76.16653643430348
74.9349285862906
75.72108627135766
75.66816270102439
75.42137143043614
75.20358154709628
74.3886990848605
76.00605857147534
74.97109376472099
77.63974518267104
76.71812861534299
77.55569520753049
76.05285766456814
77.09663632241826
78.75207734772492
78.10820171040626
78.91081058347251
78.33792671426416
79.15483948295058
77.53675263182753
79.0373151731784
78.68205212198373
79.07705627868641
79.19710005527872
78.23017363367892
78.85241024707094
77.8764359334551
78.75729732268094
80.04559269234576
78.90176271510227
79.54604316413294
77.6368371519032
76.72106927006512
75.23319677513267
75.61226838372953
76.14313422933233
75.09696987704362
75.08524216676602
74.80429822174612
74.06026868151676
74.84843571545336
75.04928816793227
75.2271142946543
75.69061310324979
74.63875355609117
76.86141407098742
76.68426784453601
76.63891874610415
75.0796126219534
72.57749173418989
72.99691745702216
76.888277328376
77.28106264351524
77.75719442509474
77.56431096952707
76.89542214412047
77.64520487499273
80.45970688367186
81.63867717807983
83.09061332612796
84.27855554457238
83.7760694561046
81.49937425738175
81.07972516438048
79.7953011965078
79.34730738284456
78.30374638059213
76.82194737795649
75.46325790490204
75.26248484256097
76.6299164964334
76.00130058796128
75.25620383563464
76.45685544511487
78.42417654326218
77.26064007709248
77.35292784092496
76.43482119629017
76.22603244985973
74.47952405580591
73.53286003238577
74.38423731223367
76.01885073846236
76.00913550901613
74.63887399757286
75.21442986263212
73.61082109462485
73.98697166018684
73.01497264964824
74.11377598884846
73.81150314065715
72.09977639150672
73.26176595210376
75.2851896612108
75.04414383157297
73.29111011368859
73.253668850702
74.66113109605442
75.17847319615888
77.02807819317186
80.0023616468689
79.62348182497573
78.68220822953477
79.3948987551883
78.32370841008864
78.71406993121745
80.10300812243437
79.91062973224103
80.52661468452007
78.75358566912162
78.03622220726984
75.91985354974346
76.51410900497306
77.06269924414966
77.29946234923261
77.24393721865599
78.6899043819004
78.93563951408447
77.89942782909641
77.10585007025679
76.4341926443862
75.21841450802712
74.76293607578197
74.9667154074363
74.9060533583504
74.07353482084947
73.95109731483757
76.3330641616103
75.41565942694591
76.06982588619125
78.29833875071667
77.3945703348233
78.36589811216518
76.415531694032
76.45417260352114
74.90446417263381
76.11126416522073
78.31800555243964
78.59303118968532
77.11418766548925
77.25699285186843
77.95848193628487
78.84161446725919
77.85872975420348
78.36839522142209
80.31860400336232
79.89198880482263
77.65207104033635
78.11393935361401
79.91005414360482
77.97852645263082
78.01889406164828
77.10630909592527
78.37226280614674
78.97657976553151
78.00091270878845
77.26208572946369
76.81249578381718
77.17578733261492
78.14455733772839
78.30639898399848
78.62051376754735
76.43027877132398
77.63616952832896
80.32316975723691
78.2015708508952
80.49365629097471
80.26348818516155
80.46635579125058
79.71902211875391
81.29593849100303
83.53155685108239
82.43343444994876
83.71383402279604
81.9363433710214
81.3228686851811
82.22904416274815
83.8964046178035
83.91249958255976
83.86869226699288
84.25095405561801
85.1017919099832
85.4095443412338
85.02938501230703
86.9256754466925
86.10448073308415
85.13051079729138
86.40881050055647
84.86984476783024
86.0695749524084
85.08407479195108
84.08878152738933
85.13582961236324
83.61142135074635
83.93227158897969
83.31088471611712
80.4700299611778
79.53691176446948
79.69276451937397
78.68525740506878
78.55042218636531
77.2509790919948
75.51640644088985
77.91910075019625
81.78484601947235
80.88850556840414
83.580727405337
84.08168964769065
82.74882207143823
81.4208096066974
80.28789086866927
80.52487387819119
80.32185600649271
82.02333584705012
82.44754334906271
81.27617268908108
80.20777155417055
81.24216564800155
79.61380373246116
78.27876343729339
79.32215688844
80.67886732422188
80.98121300299233
80.06235194488949
82.02131621089104
81.29746151616742
79.96048464035012
80.16745368558328
77.19411357170783
76.08559368631066
79.43621071409365
84.15585051640936
83.04623391181342
81.60277716224662
83.39493309632421
82.97837318146152
81.03838615152294
81.43751227891391
82.01035601431727
81.62524620535949
81.79855390292903
85.26848798633857
83.57700055908106
83.04096238546171
81.56611375620565
80.4994872027859
79.77777212913695
79.20125764277303
80.61638013759807
79.59118286264207
78.38916512827917
80.27708409198114
79.12349702374043
80.4703477889294
80.35345801875607
80.86230170212495
81.2213571152675
82.13400307065488
81.53452853531797
79.94967958211
83.41813811839681
82.2674266710245
83.5442791646152
81.27765151182281
79.82687734855719
80.1607685364148
78.89834389716961
79.38161750313621
78.38563064170759
79.22431015046173
79.77870300910662
83.25676546602675
84.07787561718806
85.85552939970759
88.85622687075168
88.88746579319441
89.06523216717085
91.04046626393853
89.0076810721983
88.47083578949783
87.7690772682905
87.27537231374207
85.27391508912062
85.54568103174607
85.72262555657187
86.21924895527364
84.92562287030952
83.15311513333839
83.07490618812881
81.36477207956982
84.08279404843668
82.47367660079918
83.00717895631277
81.34197076385959
82.27270824876001
82.72860009639601
84.00361196700689
83.20949391661237
83.51658554567155
84.68021510017813
83.58709588392193
82.08521083129652
80.32876090537427
80.01577335907332
80.35437975945284
78.48961806006861
78.72814802983514
77.23621666716811
75.69013368319729
74.36925641440915
74.26999243135452
75.56592656995458
81.6757677227188
79.94058102227724
78.99639963391729
78.83213764541341
82.43024609324348
82.04824785114377
85.46504427635372
85.69822415877196
83.95931676543613
83.52877439596669
83.34063290203524
82.9844279351428
81.69515002566895
81.96570302514178
83.33645745139181
81.94558892837188
83.58987403285893
83.3562250284736
83.74664765226896
84.21218885625393
84.72304156132748
83.58905373163712
85.16903826992403
84.90834716866885
85.0349346096308
83.216272523838
84.91088286688448
84.18717375931847
85.07825815962698
83.29023175555477
83.72598314738437
82.04405831740877
79.6318858316335
82.23897658890627
82.305810804492
83.47246436623034
81.53132472350507
81.6106128037651
80.71481652564832
81.70184132563027
82.46100167805348
81.74066308174876
80.40787120960253
79.79146033818816
79.57716993482047
81.2276242674111
81.6900095758381
79.17632476903214
77.32277221339456
79.71884443567525
79.6480583440032
81.36596822659908
79.83310462760112
78.55768265580696
78.68719230199972
79.27051715054698
77.37653892223994
76.4170929055606
77.49039781034178
77.44474702983425
76.15049626545608
75.75690247920454
77.65926105202536
77.47380783421006
77.44452087186862
76.99166084178755
75.05715629516386
76.82401780595119
77.88666628387887
77.32136428754949
79.31654058574632
77.40847811038114
76.72645102777689
75.56033739670082
75.20259267329664
76.4945727891328
77.83021100918141
79.05363743848142
78.95240185376954
80.72104746947892
84.00049051172286
85.51576129100376
84.47464421033597
84.58979530529152
83.23882406893541
81.88956237154039
80.67711479432626
80.87445666693225
79.36780714088681
79.47121737558813
78.73664227660302
78.31521823553777
77.29163427173175
79.39856366582268
79.87115420842119
81.80124508768745
85.66178740365244
83.86748404130718
84.0072567683221
87.50384310311833
86.54147486218376
83.51240876571553
83.42533148894782
83.07091859902184
82.62976802676603
82.26140951179818
81.7624701707612
80.63547558539027
80.77753329503408
80.77674577333306
80.58273104321776
78.38725156008665
79.59632601827796
80.36725058276944
82.3406189956826
80.60263387722735
80.26975014039203
77.62233294909609
79.69475619086853
79.08601788645774
78.09343718357468
77.45220545365096
77.12900378866973
76.9042359593868
77.71457595502504
76.59299107428272
77.18745501088146
77.91631706795775
77.27983341997152
77.11783121843338
76.83260380730447
77.6576164437171
77.09662003730594
74.91668006145147
74.93744472193917
74.41917142397263
75.61396991373618
75.1037746191673
75.22760067874033
76.19724116133195
75.8954743830626
74.9454863012383
75.22572917930083
75.58141734441811
74.45724570832701
74.16356913549038
73.45702599323793
73.56104132790075
73.81136268229704
72.90098793395869
74.2313606664606
75.97722083137417
76.78074608808593
78.58602277993656
81.14119406037022
79.88908955745187
77.43658467102081
78.83087335140924
79.55964528355668
77.44159801924494
78.77701458980098
77.50585503894725
76.7807554186673
78.2049702733848
80.83061955085702
81.17240223646186
80.97049735696694
83.20282647248014
82.88581620712692
81.07310108227911
80.68198389797624
78.01064807636106
78.13050253881133
75.22517353612403
75.81325181921846
75.6913108520996
76.00884676942971
75.35455500742903
75.08198952124252
74.45864972105333
75.14889630368796
75.52214577001821
75.76049261370987
75.42134433961543
76.50357664643661
76.8114401465788
76.51728267879679
76.69665718850213
78.96954485238622
76.35124792567487
77.08826587133734
77.36992843064
76.68804166359509
77.55003648489239
80.16219392073263
78.97994588521568
79.38959260695121
79.7894170654159
82.53579036357421
81.67067034594032
80.91195655926022
80.74953766993652
80.04060664460329
81.52088154003226
83.95051381785112
84.54676768806455
85.57476243770036
83.94825969026475
84.34785747406458
85.34079435430564
83.96528506774888
85.77151041352391
86.16884896750258
85.36644858692243
85.1527818851861
85.34552816854985
85.85671590266854
84.57730981417198
85.12811023179977
82.19065262010848
82.29356308570007
81.42209546340254
81.31459245668435
80.2839138092819
78.25812816924503
80.3211855709523
78.1805147887996
79.74801022652758
80.17686938806743
79.70160977118063
78.51199172060129
78.75034299921695
76.83865817049673
78.51042236194573
78.41936163079993
80.26128979433234
81.18495540745299
79.15066926747848
81.81493680199472
83.3048446183501
82.43592417175785
82.52620544290497
83.13230844210676
83.46380628189758
83.53256309174469
83.84391267186113
85.12509962449863
86.30853932343543
84.3583114014197
81.48668296469687
81.11504545725313
79.13345131225539
79.76803678669206
79.06607140304689
79.10369218823364
80.2883831881987
82.21734098247771
83.87094235572381
82.34865468533916
81.71487175430397
79.97354691864595
80.76978533278289
78.90498239233548
80.47728672197155
80.27713941562695
81.23790267564387
80.00250647578943
80.52016184578636
78.90407310343393
79.24854763204557
76.89016630153667
78.47020000048602
78.98640373208391
79.20947595881032
78.06112529403495
76.2092234107901
75.03188644297978
74.81950329342759
75.03344858301233
73.30573808438446
74.79220011686989
78.40525267729521
77.05408670781544
75.76224481132608
75.74959680491153
79.31913740059514
78.14909146003154
75.76068871682577
75.19227126185548
73.30023238068448
73.46233143771182
74.10961948755867
74.29997995989656
75.07488326308172
74.71074198134082
73.98998295757609
76.08786762371103
78.98849737464253
79.35855872291619
78.89986362264487
80.83728737872347
79.3291977343605
80.15670151307599
84.0710024533205
84.3282037340868
84.21633717195427
85.79798057758971
84.63852358954827
82.85078784421015
85.30262743250815
83.53332860011659
81.04115622909681
83.61846842262028
84.86345828361756
85.42049920714565
83.93482172989485
82.402227196612
83.32420669281625
81.71434193858852
82.04551400869563
80.83305203187389
79.7144400134287
80.98222692016226
78.96094583802817
81.15681429928914
81.37846420877548
80.40471802731665
80.05598662908476
81.29668500880791
80.27305859467197
79.56694604114604
78.51281896527703
81.22731131636183
82.55674036584318
83.30587268109905
81.89244382326368
81.33947960536594
79.07556368609715
79.01783589992448
77.89494441030195
78.06030704128263
79.11342166788096
80.70149960099735
80.11821714689682
78.6737342758553
80.93021227942575
79.52880770916231
78.67374140143534
79.20443028102602
78.41766752162592
78.95831327799054
79.73590291437566
82.74124012320387
82.6087432684919
79.95153069809646
81.28010068246961
80.78382399239301
82.224664124859
82.21536882389717
81.5787786919762
82.34083901288483
81.25997257377577
82.19360173856668
81.6365902633999
78.83972202512855
78.38951028560072
81.10653225909104
82.00888331744187
81.43531867496671
84.48222571014112
86.33979723882962
86.73747584578271
85.18281436616373
87.1021621944237
86.79749339319541
86.64216512439998
85.37473904047452
83.18647959352619
84.03565818845516
83.23042225206213
81.44392963225151
81.22008578242183
80.4634794576317
80.77752295620888
80.63950513258652
79.22365904968558
80.02341049347368
79.26216593424982
79.51570827236579
78.88265595767919
82.66444114146977
80.85862458420354
81.21180105900642
83.6353745790183
82.44095806956898
82.49965894224835
83.83002375251615
85.72750934700632
87.46610337401586
86.6384353024252
83.32196479179376
82.20620841976636
83.61355198907704
82.40156974520157
81.98030185092169
81.84218349880285
81.02365144888779
79.97160657957342
79.63439872515268
81.39473828275445
82.16379124092637
82.98161621198214
81.77146305678656
79.9931549571137
81.23213349626381
78.74666115416964
80.36749153166947
78.8481528800578
78.13317299964123
75.591920149033
75.4602484707639
75.23147799064706
76.53932113396196
77.47781187681272
80.21265116517473
79.89272828378192
80.58953447431631
81.41301232536706
80.49096427730477
79.80561370848865
80.40043155196733
80.80487258020725
80.32159164034896
78.45006511465084
80.55192392844965
80.52326926574791
80.56782181761925
79.60702166028634
78.59729986714777
77.9288454752835
76.84630966272958
80.40094701462432
79.41799901576876
79.59956521067791
80.73233405620778
79.13478717933526
82.18838756560673
82.98963909618982
83.47603228244068
83.96605417321666
83.1460538082293
82.46977034038872
82.49821441259323
83.33962387345399
84.11403345874275
82.48619532530742
82.89386329420923
84.06557910762506
86.11166388471776
86.67340541089149
83.96462298283255
84.09150784562752
82.27556494383569
81.75195779236947
82.25746910716205
81.65731811463581
79.79871622260542
78.73237771321683
78.24153843626564
78.78369391686904
81.02045579127265
80.9334680860136
79.03823425698272
77.89630281461109
77.05921322176117
75.97841139781089
76.61755540381908
75.44732315947226
74.8256737002444
74.64716706643085
74.30790364524198
77.53606650186263
77.96583435264094
79.10033249765068
80.36703463876174
77.93645147821383
77.80634967800829
77.18971338362248
77.70920709881693
79.38389191989756
78.82065629315598
78.16604061101967
77.59070334792291
77.48786000534439
80.62919640547628
78.83529466834572
78.75154362226313
78.50954190931117
77.53479850700795
80.25109396599312
80.99661648976591
81.82570392406996
83.15747623086645
81.26821517202747
84.49157920044428
86.02093342246644
85.09264944991801
84.34741951379772
82.53316057684304
82.17036119142362
80.87974283982756
80.28460947030608
78.53463984011401
80.81286300647511
79.85536869792116
77.3665585748683
75.33006732084114
76.36948023085418
76.25298304566641
76.34779169912912
78.41513274957606
77.15928589219266
75.15387682147146
74.46968218278232
73.86143168813842
76.57885416805024
79.63298602251609
79.97887453764118
80.80946898732054
83.80731033416438
83.65419895715767
83.73122543297292
82.6803293461442
79.9619874972866
82.34096182439562
82.87714791720984
85.26227033075645
82.0751576395432
80.93250157523596
81.06669374687417
79.20853412818168
78.86448270995966
79.70506639676505
80.94857263617672
81.70430034357686
80.38053048400056
80.63007833259559
80.25875756393444
80.35829895596272
80.50141824628236
79.50310617614316
79.11770220647507
78.22155804017306
80.98231963542328
83.16060442931403
84.91350891096629
84.05743553951847
83.99339506284424
83.77383850222438
84.51130826572836
81.842057540356
79.961655931986
79.25784198225436
79.58681586791313
79.82451673539255
81.69613094930509
81.67797959058235
82.46417845854268
82.77115041385379
82.96118900464249
82.79438423427439
82.9541411525851
82.14398550185777
80.62574746237648
80.69183159536306
79.45616219917179
79.49759995221348
80.19892646707471
79.62961640900981
77.4640474306316
76.66506358104942
77.16216462888343
78.28235950470632
78.51868741022491
78.67121627570702
78.72888225653796
79.11101498967203
79.5306753276303
83.26437228066682
81.84853396726076
80.71028450997748
80.4026517971412
81.39605781998561
80.35190153292582
80.45193305411907
85.58717452139827
85.45369966998705
83.57550051777883
82.75736894679048
81.04830713257827
80.92982496944524
80.25743680719401
79.63219777076841
79.82099397674642
78.87129840253654
79.29174373573153
82.73016700451471
79.51482643546443
79.16285976308845
79.12021269249162
79.01782597505016
78.03184500453688
78.651172915174
78.56932026238874
78.58108025121527
80.26610746940806
78.95281516133399
80.52177428622637
79.19774795992906
79.13488839394078
77.75418212720379
77.85487508289327
81.21359612568764
83.25477919578837
81.58943047207124
82.28558777146594
80.87018139693468
80.13604360982055
81.0264803601426
83.72933849414619
81.5636753176112
80.62437075980017
79.13293605245102
77.17985187834927
79.57377106311023
79.6226846008724
79.34987192039213
82.59581280910868
82.2472573579172
83.34201640622939
82.99205251774924
82.50441401870029
80.7607550171438
81.18267025615805
80.48899651660841
79.3129909910647
78.37940171614875
80.11278661360383
79.69317493634081
80.90173940010455
80.7519618551082
79.05238170052272
77.6529015225185
77.55864539727453
77.80388107791644
79.38521594097837
77.94522888047229
77.69476603640668
78.46548247340019
77.43472145643263
77.44008314629785
77.8530383911492
78.8813996906808
78.3608249036947
79.76105871483517
78.23276929691283
78.30476473351924
76.98272072028699
77.94452843042168
79.74332053252142
79.50528755658618
79.78825328792075
81.60794929417717
80.04077088773505
79.11003199321743
78.69224762871174
79.02889134661663
80.04059077138427
80.63061559788416
79.98789960073938
80.31592633007241
81.78767327789734
81.47621598615761
80.20800759703098
80.70425882486488
79.23272249204824
78.36075463266194
76.67600477427247
78.55697680693902
83.08147734419586
82.41050131498858
80.72407356753311
80.33765297876035
81.38599274201512
78.58817718697057
81.6785888678523
81.85125682992759
81.48603660707276
81.83776264665264
82.03637817076797
80.70077406162511
82.07136829992861
82.38763710243504
81.11522510401436
80.332590879231
79.41386328208539
82.74192553296713
84.63736575624168
84.81547243711111
85.38247993071685
83.95839211848615
83.3915562491853
82.42426258994679
81.90919125139159
82.70870353922174
83.81169753323611
80.49100991960411
83.42604072707813
81.57285806471349
84.03606510409942
83.71067127462902
83.65185369481574
82.9951124576498
84.7422060162842
82.87601662080428
83.05772862366248
80.99419596385098
82.10406963953595
84.40833248555701
83.35502351862993
84.90243398177529
82.81369227152607
84.61968207696805
86.68680459037444
83.8109771847662
84.32912865141995
85.84701846520761
85.93541052589161
85.23754564595852
83.3260591043345
86.11770806043208
85.84219664764395
89.76229980459863
86.73524144067954
84.35701324400202
82.14624515548716
83.30606847506448
81.67664393421836
83.70936548593275
82.77375224833773
82.94910792509998
82.35755159014694
85.99319680964267
84.25881986223713
84.1234414990604
82.28612481859632
80.43243683678537
80.41224637834912
81.16735492646107
81.6979741624764
79.24769360196262
78.48917164419485
78.34683304682001
79.64482585567508
82.88404051685178
83.23301823599024
82.77052676053226
82.58739577690062
79.99075660701385
78.5371833041098
81.37524220571123
81.7683423331562
83.28481277127709
83.04582936113115
82.41455174204789
84.8201011131111
82.85035791293585
84.06019706784113
83.13583232257383
85.61114719262908
85.54156421394678
84.93993960476209
86.15478754970484
85.35189035294431
85.01532980952594
86.9205355682751
86.90313427578228
85.47254670618624
84.89877465148503
83.16293776472902
81.53239923010311
87.08121650349477
86.99775602892824
87.18397552185824
87.64947877304984
87.64466915021916
86.66941893331123
88.80512219767455
87.28771661823698
85.85846181044455
84.50018875238821
83.474846418642
84.08031211055344
83.51358707576036
84.37690846760391
84.75970065765515
84.60187316619279
82.94529498738508
81.32864197739508
81.23320168837127
81.95418928968513
82.11014746649874
83.80496093243262
81.70570887830613
80.40346744606681
82.04645610396024
82.06720991777009
80.34993401656241
81.12712762927582
80.91030716843396
84.2621643305633
85.20768574621152
85.5823072659488
85.5977259972094
88.58530139874553
87.48656560477974
84.9062102342389
85.38612120651274
87.73903385174131
86.68216790060359
85.52318851315701
83.75732381112586
81.93968514251385
83.34514101072155
83.47666190810504
82.69809209940252
82.51023982416626
84.06891533124792
82.23447187771498
80.94237303897621
82.14345596338171
81.03193179064911
81.88998881438943
80.34623232102686
79.60608669258414
79.72830305452459
79.37524399799236
79.4531687205107
82.25052440707573
82.95723888477765
83.27511832753368
83.20017051146566
82.2662382659874
81.70588987764441
82.99353350873889
82.02632405605829
81.49862597761246
81.8253016284738
84.05838161365378
85.63168109889773
87.1898632363763
85.5924392646106
86.76499996394523
83.48800130878271
83.12722019844215
83.6406849999533
82.25463995269548
83.26610431152857
81.47670478876637
83.55645908905667
81.46387238866316
81.00378868209133
83.51425557374296
83.29412530449392
85.72796350287554
85.36899545644022
83.77131727058418
82.98150239191258
84.465005777185
87.04710523754626
85.91926816724661
86.91351076406596
85.71788295121746
84.2946819021536
87.88340565854688
87.22583069542331
85.96266102886966
83.37915250249253
81.03722203221722
80.85722771193605
82.64512730943294
81.90740021467602
83.12395437268538
83.93047227820352
82.28938785154409
83.60964467036581
83.10951120275273
82.42100576595455
80.63056764899694
80.59862044358091
80.28378322821048
81.39115974615723
82.66357360087393
81.31264264629631
80.59312240931402
81.89412907729522
82.557105732225
81.5805185749856
83.31685634516577
84.11361143775095
82.22613719618163
86.30598561855857
86.61231728788131
86.509215580306
85.50450808013845
89.91340256139075
90.90336896349412
87.9679360531697
88.71390189428286
87.30955402803036
90.06163324301171
90.45122882780402
92.46253909623567
89.1769040956728
89.01208271773457
87.27691866683342
85.63155231155137
82.97435002266438
81.5336923702576
79.97091440710896
81.07849632913765
82.18733646959161
81.22574673338697
81.91021259342779
80.34501528927832
81.95570215633725
85.05470127964504
85.59408298260877
84.0520001211514
82.43771766450381
79.84424391998726
78.2158613415261
76.80811833530261
75.65485055421654
77.52428084132112
78.66283210129012
80.78291592339461
81.62689663181919
80.60873379238906
79.57356650692596
80.52138238049584
79.49340533410327
80.62129035000241
79.03077471835608
80.17547791173986
80.33711974324194
80.20955974929474
81.2969935328043
80.66154691262734
82.9242026507165
83.41933735943743
82.90925517967102
83.17088921376526
84.01968102100942
85.56727150028198
86.0391395823561
85.58242629853211
85.7317438981735
84.26296982759558
84.37836211718952
84.8750049169581
83.01882517193451
83.68885927709803
82.34749148403806
82.7502639288184
81.47741241591005
80.28114960623326
79.92117668669236
81.31246339650632
83.29049225525617
81.94356928573875
83.94838961960379
84.3725443325953
83.4217619531961
82.61454610043043
81.93735458733799
84.92517560625373
84.23939116333015
84.37683096590838
84.8791336592383
85.05505864643591
84.41030132194149
85.50041474304508
89.09620436080152
87.51747982590938
87.06169906436571
85.37151862917736
85.28451302877028
83.98164748657672
82.40494423244536
83.16303875086588
83.15824854405518
84.69936652366218
85.91418912904487
85.86438757592035
85.9370119377404
84.2507904873958
83.76631777378306
83.96899671887124
83.9054408086849
81.67341536411544
81.33840741233432
82.57232841777923
85.51029733657296
84.73390578965078
85.0632829011278
83.07690832410012
83.10940875767126
84.19286859666065
83.69438629961023
83.4564356121916
83.27688230890647
83.3569512616646
84.90271718881061
83.98079188363941
83.95060036797003
84.18213693786532
85.3266821260589
82.7786698766763
83.56448190813849
83.53929630557448
85.62743683245706
88.43263223681853
87.27943162450823
87.73010587132623
85.95632659165442
90.28201268658475
91.52767859761407
91.14698367399862
88.42003400652682
86.03246087788787
84.36188755706355
84.81278291402153
83.25274780176812
81.38712436770602
80.49129557320084
79.88537814068677
81.78302840790498
80.78344803932393
78.94731878208235
80.38627801986038
83.04792913400642
82.4656582122839
82.65016162654442
81.6748196002672
82.47204412518195
82.57731251100556
84.0111501029754
84.07394613510003
85.14354533324446
83.46343328195167
83.23569972586151
81.03064499785458
83.01741037537093
81.59527589356664
81.89956816887451
81.66961082703746
81.70817390791933
83.50117596855061
82.8035545233972
84.88586768977977
81.58328539520002
79.61554517766699
77.69256293699458
79.47720117475336
78.498895817171
79.82832235790238
81.38560637527408
78.93522753606227
78.34971731445388
78.83649426713606
82.82114555221077
82.55253910210105
82.01632489080458
80.72875086866692
82.45718744516142
81.85746881813928
80.65441395578313
80.97750933603162
81.69728425841372
82.50660955308864
80.28760264402497
78.55516108004642
79.24525860819982
79.50796489795724
77.94003944561307
78.9728034520072
82.10547991806078
81.53652888249931
81.27769868039695
80.72365956578628
81.18958155813576
80.38962603210705
78.98664689331287
78.74992363429352
76.86442255615759
79.54331922870105
81.82999650763975
82.73221446811593
82.96814710667459
81.02519046713503
81.78064850844092
83.52526856491362
83.1455309749866
86.45216999640823
85.88712681481314
83.99047595015864
83.56281454217574
83.59755937432801
82.45806572388352
82.11870182289724
80.54969678102043
83.35005391420582
82.73012590335439
84.58801090580855
84.03149208949921
82.41117430701271
83.7256032081108
83.44339334501721
83.23019948561421
85.86995623359338
85.34325753951545
86.4729544876281
87.59250859781842
86.31448649117371
88.25885747860922
88.67484269869239
85.5954705104491
83.30652033635309
84.25621686158415
84.85988191070557
83.7532032953509
83.51936521252007
85.52093122401087
87.27468987163006
85.41722321499246
84.53947869673112
85.99799555125072
84.14727783951865
86.62523640749937
86.10634031323629
87.05601283783506
85.7038301602751
84.76361383951593
85.06925502991143
85.45435379375589
85.35425090252016
83.78341163891598
81.9073837053779
80.14979901106729
79.54256558238563
80.18838953133056
82.48321592861119
79.99796516569864
80.7553765902894
78.23276132451598
78.1531943035696
76.60968075939283
76.24317322569733
75.56294460820381
76.19351106741621
79.72257630855175
78.52612477898701
77.70289760306564
76.56070839439576
78.2300738291258
79.85372029694597
80.00913329071346
79.24481655050973
80.9744956983016
80.53233822486811
84.1765966741484
84.01645128615074
83.46490790314517
82.1176872076828
81.94041107692532
80.1782948085333
79.93345576325213
82.20482594307279
85.85793063054116
84.9693499683361
83.50017703910514
84.94381369820287
83.78164875659073
84.29274740674221
85.47812752258396
86.38615862970832
85.60780013913674
87.17848030911625
87.09400825982651
90.22138211599375
90.05162713107481
88.80657287856714
86.0001364705045
84.68786312546038
86.03194421866888
86.18624370371869
84.55353272974482
86.01619592639655
84.6363890328622
85.46206322211921
83.61115761464943
81.33657926037256
80.8763743758794
78.93824626643878
77.48345217337173
76.4226780011606
77.07834762580104
76.3672080125204
77.28219192047692
77.33574521999095
78.18341204747647
77.79080213573626
76.90458663107826
81.84866614244379
80.73112724975752
81.32305502707113
82.86712674159843
81.1464630666961
80.02936629758476
78.74517008068192
76.7109059733657
78.38964043725197
79.55253895664514
80.72726127985585
80.85528752819528
79.97205005912308
79.8503554786689
80.29124328318262
80.69797646360415
80.45757922515406
84.43492486006643
84.38388497724162
83.75383591069688
86.6660841490364
87.3856198644961
89.40226881095231
87.37740641853377
87.0744013503534
88.20445937695581
87.18941580718067
85.1190450987861
89.07216381366797
86.05174092407184
84.14593155916837
87.08107487381616
86.0884277442057
86.71051447328183
83.4853144382159
85.10299618059773
83.60487908988638
82.79486464767496
80.72841574048253
80.25491600554093
80.82114310910397
79.7441581432464
80.50752707617089
78.99663940021124
79.6313393642216
79.28054025804178
79.43806955291463
77.257076128197
77.34087859624401
74.69648753470173
74.06247555495665
73.731207575277
73.46421525175425
73.8524499693855
74.72425081605014
74.82686640879533
75.74335279172027
76.17500691349491
75.70843649828691
77.15723063470547
76.62034345498307
76.07463675777332
74.9328787638082
75.81375723860324
75.58955942032192
75.70795397944362
75.30455675441497
73.6547346671794
74.30780015272819
77.23739218034373
75.95682584480306
75.27840596916059
75.34839425500704
75.8298209452418
77.59814666092937
75.68467482391958
75.80608864522316
77.96447770251743
81.5296862554032
80.73015326588215
83.3627796178753
83.87661831717354
82.11108556325577
80.97949616718196
82.36498988848273
87.89913293719502
87.42861232219461
86.95415456430509
87.62685252782768
89.16610283446295
90.43220910573645
89.03338981465834
88.13573079339699
90.52603803505181
87.65278426203602
84.90462836770665
84.25258826766988
84.99968435595571
83.57679598454014
82.53698978080608
85.08126863923067
85.42692930039583
85.13153499968234
88.38451566795285
90.34054143349437
92.63296243675785
91.00945077445891
90.18497555855902
86.86589524638934
84.7040004791158
84.75669045224224
85.57964245748542
86.89319012896478
86.79775954269675
86.54121629296003
86.31693175958664
83.70715017263205
87.97548355737689
90.19484042386117
88.22709417966406
88.26343985447214
89.21265405792965
89.07122119558377
89.2243035916532
87.65981412250451
85.35471275613423
85.75172116066237
84.89836024582247
84.18845900279021
83.39213791266698
84.53612690274404
82.25183778901359
84.5732150422418
86.264392128795
85.88719251360003
86.20840407448023
86.66686471088809
84.86608106779262
83.19485562233363
81.45252520117441
80.53017178840433
81.6811361515586
80.02287652172711
82.69235770884045
83.59346518867945
83.4926770144605
86.0321287597196
85.92371743221834
89.11265464435371
87.594842574547
88.6742946983724
87.77484801830514
86.45946525536941
85.81082716175126
85.37512138478276
84.25935426929499
85.92842785617187
86.45989626548617
84.44752609027053
83.13295608978656
82.60790041130912
80.98017590281823
79.65111163448853
79.10653894944201
76.28599012372254
78.96104725420712
81.0513414290694
82.61910373769034
84.69224535623162
82.08211889217976
86.46519599502535
86.26405716328125
86.57331652433645
87.62761038267077
89.33545056935304
87.83656277110947
85.24044587246185
84.46556164706693
82.41553786581497
82.73795165480375
81.25009306091567
79.63499988354421
78.69335495788286
79.13760889355625
78.93917097707853
80.2724201165496
79.17784018805119
78.6587983782632
77.23164508108225
77.42693650573176
78.36183832472238
77.54736802463374
78.67976788660991
78.28340575627865
77.8324099244898
81.57626304243486
80.7462108904414
80.58042195375181
80.02453346331076
79.4766123365425
81.42641817609008
80.46293869487651
79.98534840761405
79.72776726524997
82.90615087750382
80.84709034424326
81.60743520241411
83.90029888280208
83.15930464130707
82.13645263751863
84.53837062557838
83.73879602051915
84.66272614709989
82.61747115412743
84.23756699975733
83.65865768511425
82.45982437635672
82.8077390946398
80.76698082805707
82.31002891511753
86.02128886936433
86.10543546416292
87.03111432505729
87.96234744813079
86.94684042834511
90.77053732083706
88.70529064973364
85.60265032351164
83.4302024582355
85.46276755282108
85.68010662430855
84.08569909312372
81.88829932663168
80.51704537804152
78.28135899226797
76.99540092602847
77.62995828344661
77.00527420239662
76.98097938853327
76.13659413151461
75.29791247574481
77.95549889747498
75.89621656627928
77.40768278117285
76.3474666524046
76.81791823283187
76.5335057098405
77.38760957841585
76.67761334252197
76.25980110708707
77.77054057610141
80.31158569844357
81.20792467688818
82.0495736687836
82.97167582271784
84.15257766957296
84.54854862631399
81.9397975789143
83.25782408118006
84.52734367186679
83.09188525493308
81.93671555405935
81.59097493472876
79.90334700108404
79.84463762113943
81.93705257484702
80.4079939590303
79.34851795534318
76.89493987809583
77.14896375448376
78.29511829042684
78.30105993524957
76.83014996141561
79.08729081666819
79.28914887832445
78.33436130489396
76.89221090598242
77.92205727973956
78.87745835697686
81.80438688099524
82.05335048965625
82.32878018209873
81.35577346457171
80.51694143369183
81.44298262950348
80.83552988675706
81.04569573727015
79.99805308726793
81.31132310588791
79.4206014797788
79.43959551043532
83.4891198265117
82.2672234655725
80.550683300421
79.62307871447261
81.29100890989665
82.28362253285256
82.21350197361106
80.75721584145646
87.71444800982961
86.67112057694854
85.25775460237486
85.84707103214981
87.15442200092332
84.66594800861027
84.44722285161397
82.21122293278992
82.82992289124054
84.36215556114462
82.63970549170898
80.93949937843018
82.01676701191667
81.034695038021
79.40395985659697
79.78644859430655
78.99639882673478
78.53965178874286
76.49706577137052
77.64823411107287
81.01061052761723
80.35940917577311
79.92933005887947
79.52292491873517
79.62273937121276
81.18019909216386
79.22595913445564
79.46030609593332
81.0992823402723
82.45100961944097
84.29966371751524
84.92427885291463
85.86241994068024
88.23684384558264
87.59521583021959
86.2466599226092
85.74747761739671
85.97901965858163
86.1590869338771
85.7900308847305
87.06318238630364
87.17811537469767
87.40915460432113
86.73309987281684
85.88333811023361
87.49783717643008
85.24522854992765
87.10111817348745
85.81299949079505
84.57534095266585
83.24089734640319
83.3777783971732
83.64450091272174
80.60009197783947
80.76222710814334
82.8215797613914
82.01861898548418
83.04611304354377
82.5068820545749
81.76539109184509
81.94333691590899
83.02083479637453
84.08816844227503
82.00735340207933
82.45932689409148
82.51014240824942
85.32724385324524
85.78803734503823
84.4523192802855
81.96944203280232
82.25680863380639
83.16071315604745
83.1559497298918
81.73759809046602
81.65405557251196
80.6722711449103
80.35041951701272
79.29765430518604
79.08247201845627
78.56066214215143
80.2696427702356
79.48816019541722
79.98587410326756
80.06548760943241
77.56032915675033
76.52429327512682
79.92995280216788
81.06648180796547
81.16844860929635
80.23078686985754
80.79489201066164
79.82070062275095
84.84306524001133
84.05660033111036
81.84613321727988
83.15798013998987
82.29039542974647
82.97338215685667
83.38378581102023
86.05234853693344
85.68345150087191
85.70118607311183
83.95331148460706
82.67060366512673
83.83485579131907
81.30835232406542
80.21116787399659
81.8517030597191
80.73188689633862
81.71151975806679
84.55762283882716
83.3941282432032
83.33135889765501
83.34079715592875
84.71652085619296
84.53560700957482
86.29806681744697
85.73580971670238
87.93227489678503
87.39562739405943
85.45917624800676
82.72532137955258
83.70799142945378
85.63726500832439
84.07306179810604
83.52038050136962
84.44426824144146
83.95697299403594
84.59687079148648
82.50536057486862
82.14518340608066
83.25039991658686
87.39522486451344
86.73998305069966
86.53500142654892
85.5512796890866
86.20820450816463
86.89108383402845
84.57206611997943
88.69155097672535
88.53915955631159
88.51780800508325
92.61301585591532
92.00008525838813
91.98576178557205
89.41681500184146
87.59386789121388
85.74437450744712
86.09631777022803
84.65100800308102
83.2807624751046
82.18693045627273
82.8318659628171
84.43441542294988
86.65323072992427
86.6586353108753
84.69414901611577
84.97886043961373
83.94782336738534
86.8092636112617
84.0565947138648
87.19813520647313
86.65632862090864
87.71443799877981
88.65258343837102
87.36758941124761
84.04727933070558
82.91009744885231
80.87088735430112
81.1713299358676
80.73920413028375
80.33922591139192
79.80596083241498
80.35954063767315
79.39959988961115
83.56932431917498
85.02649545885217
86.07192825276606
85.30753713393945
87.70255112488604
88.3203314377496
90.50262245790572
88.968731284075
87.7145324704952
89.34249050498047
87.57495583290098
86.30893393117108
88.52111981190441
86.98360956630266
85.87402702173891
85.97184320009862
84.54173357685718
83.17775565012869
83.567768424096
84.47644322201349
83.51146266854641
84.14947416835884
84.59782507909836
85.62034976330816
86.93763297017702
87.53827930145127
87.77901179004999
86.81924228461514
86.75471782071715
84.94577882338326
82.34446385784132
82.83769420599685
83.50772211305754
82.28467558802777
80.32928144739789
79.81005271727611
79.83683216328166
79.85725215642397
79.2168083018139
82.6417356870084
82.68594856629859
86.52060282853637
86.01795663142663
84.0942463916133
86.23497427838679
85.97028530449818
84.43271817997581
82.34611726820675
85.58420651125937
87.61627792916006
89.20199196418586
88.27393855297046
88.13646815827437
88.32910825294115
92.37207347648561
93.25563326576889
92.26254489112233
89.87840263205028
87.5700628122655
86.7181545843221
89.72398900243141
88.53142804100824
87.6458692330892
88.02244387890728
92.07707866044561
90.45211944025179
89.2984681216295
88.67583839780144
86.50064857480876
85.16956818899833
84.92277200051859
85.32697431029366
86.61149033287164
89.80780106256105
88.46044685228114
89.84933574754291
89.91136472026801
90.1376324154669
89.824664494835
92.71888261739946
91.95725399329518
90.21049823491619
89.58500129933144
88.05527940882445
85.04401101426238
85.12431493317598
84.6398715944736
84.3470472162056
84.98688964768216
83.8671396923005
84.97351510597346
84.38311961982518
83.68186624226028
82.17245863813554
79.31460668882066
80.31960318541846
81.76950992473058
81.2563907936426
81.73595204095199
82.31030831769142
83.24279261843682
83.85235301278054
85.17475903786337
85.21132497453826
83.2925918974333
81.97209559847872
83.29457671226538
83.1073704477066
83.5701356709578
82.1664823237221
81.36316517773705
83.1403243971142
81.16593684639015
81.90759363786772
83.65860399182037
83.54615507567691
83.35975735566139
82.14803543013188
81.18632042829826
84.09328427211031
83.90774909368254
82.80400947855146
82.41699041224258
80.83793508178859
79.70905799962043
80.0423376052829
79.20173332868819
79.18623290267855
78.85251002585083
78.99688634311002
79.96186182903311
80.1249887762235
82.00701437446898
83.91035960560028
82.61492075460181
83.74783788580953
82.98641548698211
82.94775677604952
83.1179251760596
83.44317992645726
83.97385922831074
83.56016100071359
84.76622193025642
83.89983519781231
83.29866788700369
84.70649665750871
84.6165383306248
89.73124408850735
88.82955871859569
89.9437700940582
87.17746661603016
87.90408568724307
89.04427904649192
87.35471268431135
87.63515299644615
85.93388307574274
83.10347825537131
83.08964408552093
84.6329687310335
82.49373281306889
88.9556428939897
89.70965485396958
87.56110086599335
87.42851059451162
85.97282383202621
88.41442332570094
90.0767736151188
87.79240261097634
85.5101656437271
83.1536333376374
82.44460575171944
81.24263033088424
82.3442291401661
82.6645244539135
83.69908461761896
83.60238472155908
84.98653367203885
85.02010498370186
82.75242528384405
82.25027900098503
81.76632554805906
79.84237663685609
82.27889377068156
83.98264944635258
83.00549170998183
82.68371147406002
81.20789812190857
79.75543804680133
82.22405409722901
81.83006027360167
82.13021749334473
82.9648582409373
82.33403743395725
83.29309998213776
84.95909201725563
86.07466124019462
85.9607998594089
85.87708638705632
85.12152376328798
84.75487877563761
85.32238818702061
84.23174397117063
85.16150049947349
82.96564369096896
80.8983263581595
81.11193909671539
83.94509840222297
83.81469879722556
86.6377977538489
85.22262531078523
87.97434227008088
88.6453008739538
88.75767085389772
86.02520031341409
85.98488487025402
84.4270127893205
85.64699586066178
89.09025410605237
90.88000777778305
89.50268414229487
86.50379033719042
85.58156091383188
83.6318378239069
85.88461354505452
87.4087279000094
86.65810791683379
87.97101512556274
85.39967315637097
84.87522266195458
84.0207474480677
86.45462376020627
88.02571454216933
90.03232589021222
88.55017768469182
90.02739119303313
88.26790159883512
87.31907544575964
84.3792949170026
82.27843742862981
80.97225509260225
83.90550889503598
82.67192206197979
82.59376314005787
83.02546305405964
81.5840911986218
84.0660311585155
84.57659699786012
88.34785176782488
89.05115333531225
87.8782631948222
85.37517750236889
82.60366114216728
81.68164371010886
84.68814500474059
85.77687612892731
84.04061856436198
83.42698177809804
83.85354577619788
83.27362933903062
84.12301840243924
84.76028484045014
85.35012430594598
85.34387591735732
86.23416379548364
88.0202318303864
85.68969187377425
83.4435100308957
87.66723158127368
89.23399339187226
89.00041443446405
86.93182075645012
87.65508184392746
86.55955767946524
84.7834643598464
83.99071965135929
84.43699067634444
84.29940458744463
82.90529203876737
81.83373795239596
82.3840217963673
82.17488972113426
85.11016524603528
82.51362440939556
83.69150058142911
84.2306707472946
83.42922039913854
84.48002003506251
83.12936836919175
82.06839070962776
85.92013663421362
84.98784390346678
86.24126312443626
85.06688769133629
83.34336286390074
82.70082944132233
84.34394423792291
83.77562373218346
84.00729175250613
84.0343020376532
83.4195601038916
83.617289083232
84.51514905235688
84.46245652341166
82.88425392670105
81.32767068900621
82.45676359009471
80.21576136188504
80.57147894518751
81.64721651394022
80.9621720268127
80.51237926191283
83.15296756104529
84.2370564980492
85.1753599532104
83.79695021938929
83.83563720649073
82.31827336740405
81.66120239015063
81.43188469652554
84.2619514523914
87.66105079308655
84.76169577011407
87.0971148540992
85.41169390270544
86.26095956976171
84.66070260824247
86.28127457291943
85.08691265450878
85.2029722198317
82.74923394455433
83.77084437839282
83.04646129404235
80.6003115887096
83.05887601270808
83.72433166089553
83.05556931033875
84.76551147851751
85.07756063096414
84.04533268957341
82.59317813677589
82.62309806547563
82.616597847796
81.12712150358168
79.93938672847867
78.34777731986325
79.0590399122179
81.47137056790848
83.75701313746272
86.30271124662004
85.85011262847294
86.111169880863
86.1466132262873
86.01098771590166
86.86129753752688
84.5773571417959
85.83574210722885
87.25979445621985
88.61643209964235
87.70364699821896
87.82469210295073
85.78557954944849
83.72643099995015
82.93582881829819
82.84620208077166
84.65967884476687
83.76584571393147
81.54900070142656
82.18620301502781
81.28789960743643
80.78493709335825
79.7643715328864
79.7080020910781
80.71226104237556
80.51178378432378
80.99446311540169
80.88762909944543
84.45962998147999
83.66302746133849
86.94192500278558
85.3627557254875
84.75548986718331
87.0831287745923
85.97055047531359
89.47503608266145
88.85891732857151
85.64946805010366
89.15884245985603
87.73759976575234
85.79099121841139
86.40307752220164
84.5771000421842
85.92069631519394
86.43785829138234
87.3987270823274
86.98044952958422
87.81860825213987
86.15999891059839
86.68137907663395
92.44463883255784
88.78207057821879
88.76813715228474
86.97074307981485
87.47571493965513
85.81587609710971
85.14546288409312
85.94637533495488
85.75223075995146
83.87334201925107
82.58475547023012
80.49876149667176
83.12629603308636
83.53820924036519
83.11874985594804
82.13230326778753
87.49471682157139
90.40887069036636
89.06676550514416
89.05014018720196
87.19836138688623
85.5129128057127
86.71234222679456
83.80931735570141
85.16894164913344
84.93686216542547
85.03453025072923
84.62100379436873
84.30018796185863
83.81075025997555
83.3768168418696
82.33190892814201
82.31673806281738
82.935133130892
82.66443557011715
83.22931925541398
81.91880318312519
80.48052347675707
79.96991326076407
86.01380275738136
83.89054316808583
81.64727032404444
83.27778940214338
81.83103701146172
84.74569175199139
84.50601703963468
82.00056879875741
84.16566374811943
84.98886041109094
84.52983402733607
82.22744435493257
80.303555698954
79.53211142341672
83.49539743252645
83.69295521741272
83.27270231668842
82.47754209265688
81.58992221620402
81.91659940103881
83.13360199657724
83.21589900761491
85.4260352960438
85.27770751459319
85.19269554888491
86.45698435119884
87.48114793513375
85.95390372830927
88.1640489392371
88.12257926857748
89.60503193223472
92.26875120160801
93.81989096039511
92.18368450989617
93.68112404429954
91.71063828417739
93.71259974032722
92.63830399782027
94.85198034011702
94.65940078085791
96.12942911068332
98.72945845650752
94.44188464303227
92.88078197548002
92.88506220795239
92.47055544554142
91.15303953920075
88.70210658833103
88.16061517162309
87.22512305499741
90.7586445830751
90.10986468278915
88.30636005143009
91.07347365467659
89.83804372733192
89.20953458046478
89.610385978666
88.13032762068146
87.05755363117399
85.52545838033852
82.55249921182048
82.54343101661844
82.95587517432196
81.90325118897246
82.08140168527166
81.41506552280596
82.55134726465526
84.3747738929165
84.88517465765547
85.96553183448663
84.49778554815583
85.01314735016715
88.83883328201667
87.43229833109312
87.06962147671445
85.17508134502067
86.89412880996487
86.6093914912299
85.34218138760313
85.55639009047694
85.31497029684056
85.46630792363246
84.29112643110032
84.37591907962731
83.93760075080772
86.16540130965431
86.9665005258446
89.12664116593918
88.66829410108134
86.53231934275436
86.091572181695
85.21800240132845
84.95034623205423
84.80471359413826
85.07668465723991
86.69182647384937
86.69611350989027
85.02677266460263
84.28783171879118
84.1028856518135
81.94213356194867
81.713291565204
80.27575195349087
81.96976627782509
81.50148944318855
82.56934190231533
81.91225676804805
80.94482280627676
81.806800699894
79.39167866581295
80.16576150011852
78.61313861315986
78.05472908767334
84.47651739266428
84.05080244233488
83.7197104618769
83.90314325395235
87.54382976358103
86.38673130756452
87.25657022288567
88.36262508872957
88.42737899299475
87.09231362827163
84.83665150279658
83.49396519599479
83.34055342161037
85.74451954107667
87.52344494428759
86.72192745800548
85.24822476219042
85.22902085552111
85.4491680477888
83.03544812653821
82.73579649501468
83.41129508160245
80.89229487624263
80.75223250869561
79.54868930957433
80.56533695215386
78.81359973210769
80.12658426408817
77.99430214714374
79.37304324449329
80.98913028127707
83.3278957851341
84.183354211845
85.15477308951826
86.40729643173287
85.3494138924763
86.04105698102286
83.9119630876604
84.24730827259181
85.58583589993265
85.28430863775942
85.29373252970139
88.06173245137653
87.8857582374376
85.77893223351539
85.08832001948643
88.43506076823869
87.55641969716089
88.32898770005501
88.02349284565874
86.68595296346022
88.28733888326347
88.79462028658621
90.32493305523406
88.97132552507662
91.76050623741159
91.92042632380442
93.79766067249872
96.67611990926278
96.1476932695678
94.4202474856673
92.95569920330296
91.98424987930626
89.23172831524042
89.72326205482591
92.55264169791225
90.12408670218886
93.55944664769392
93.0773668076173
91.42345990369584
89.16697692401416
90.21748057316935
89.32691356331131
87.69940270614667
87.48058749741945
88.63182566895827
87.08644494385557
86.59635203455746
87.09535505878382
85.74659074209231
85.30861895628392
84.80186572193024
84.91990552833147
83.95148246516463
88.88739845326343
89.14050272931784
89.72703025192381
87.03700275818274
85.86540395488599
83.67200197550983
85.05240395069582
85.26050954271537
85.99462864185315
85.02423826123376
82.97700949823168
84.78740911449479
85.16652261918864
88.22035172329741
85.1903808191841
84.20175197826497
84.14965087976331
81.94138768274343
81.79489300536136
80.31811182320565
78.4832913435914
79.3949779464303
82.30934817269812
82.09707895410175
81.51266071331753
80.24137123094127
78.93492023675904
79.8447543823503
81.37424807793126
81.2546748017457
84.57477064213192
85.62211487147937
89.60371781221704
87.42047960890658
86.7788081569945
87.27423250586416
86.57427353115362
84.6495954149577
85.18273254478024
84.67979413150701
86.68380992429918
88.01240423436155
89.67540300866686
88.51540107792395
88.39277647822894
86.2767979926462
89.43410428078697
91.04861181003552
90.27157397382518
87.68081701664094
86.25804004366215
88.03830095030465
86.24239122183299
86.31049812658485
86.37254338541081
85.50439082359553
87.03128188519918
86.25350985263805
85.77623510070089
84.312331150908
87.03448557471621
85.0235263472205
84.75806623262037
86.89121181013698
87.0076272117521
86.58050818760374
85.2948262310529
84.30635696991521
82.86681679478352
82.08530080306025
84.02604177481543
83.79773277180486
82.65192082855327
82.32895397017381
81.48047704407557
83.82208479178685
82.17809290417769
84.81220881793365
85.1860786384968
84.45558248055568
87.04148584254445
86.27051069727091
85.68332337153028
87.20164897226127
84.79582402119782
85.17989160729805
85.37432808983432
84.72820636191487
84.14353792705049
83.4787401852303
84.60499188972082
84.6364485713714
82.89553518650757
84.18522151789273
85.80084077912998
85.1152315645019
83.67085018344942
82.14106565424926
82.41117833398805
80.27665061565429
82.67091014290759
82.17984221603888
81.82391051330887
86.69267407725836
88.51812778996148
86.12518974407428
89.01489071900725
90.41413015671925
90.18289851511669
87.32496724292425
89.25844392191681