gamma:0.9800000000000001
128
123.84758178879294
122.08127604414834
117.63723359159863
114.72437504055738
110.7276380007177
108.29482821483973
105.34620174200819
102.26477636555238
102.19616251329282
102.38660338024526
101.8392137008179
101.62161407138841
99.91045436535778
99.6900955320786
98.42470082692904
96.85320649191272
96.15108959687637
95.79445017033504
95.00286002950445
96.09314533593331
96.9899858949202
97.48068751214811
94.77501910571165
93.48332273310919
95.73470536808561
94.51417891570206
97.51036434971293
99.10194498101256
97.7928329011281
99.49588190323175
98.025838177701
96.88922012129328
97.16290953796343
99.41016911708388
98.7129011775328
102.022957380488
102.10749835901848
101.64452612339548
98.02535131986384
100.6808928778111
100.48990398895197
99.78987578861893
99.15125755929562
101.5604228209918
100.95736250447499
98.93824393449687
96.01516744303251
95.48549679607768
96.19633087251076
96.27822499221766
94.47192329650343
97.876551464997
96.83595966787182
96.34814422686063
97.9918727848111
95.30651541433848
96.54868770611539
95.82661668914832
99.77438876906747
95.80510971836412
95.96581702120663
97.40156443884149
104.500860225458
105.01783546819266
103.69597346352637
105.2837085704271
103.00014489645433
105.62089433647282
104.86208818021413
105.00017203487025
102.0963306636325
100.90972361752995
101.99271844642541
105.97629771127458
106.19219420407681
103.93932639230798
101.51921346837422
100.59847461902505
101.24243459007961
101.45748188220857
100.03658721303178
101.723271127498
104.31734983795855
105.30257692869965
108.67773240300973
109.61224343347197
111.72850708593596
112.15459406949644
110.28698366289905
110.88892087691603
110.50466803671692
111.81047327100129
113.64222797876722
113.25150344573647
114.61525018694397
111.23661746016474
108.26309029814689
108.10461273124793
106.64531367146397
104.20326670373481
102.80568031542158
100.74301350673653
102.43910121639792
98.92038128078097
99.33309436403299
96.64212343490979
97.12658343166449
97.30461241375838
95.03388580737112
98.19757823851383
96.59663326364023
98.49817780925113
99.37173168207894
100.89287402479984
102.7520137237816
101.73595180700597
101.70950520136492
102.23698432542544
101.10601500246588
103.13333885636308
100.31915868803354
98.84263143101413
99.4876750241272
99.48475922767379
100.62863331369566
99.53995270915239
100.81064209926443
101.75752499407417
103.05698096310171
106.74515242864187
107.31828587948851
107.1600050186031
105.76300146519675
104.02588521212972
106.42931132325639
105.88300332762229
106.56708068618713
107.63592239463178
105.74964564553635
106.6421298792444
110.84134542190631
109.5887222173826
108.55878982885247
107.4139721861655
106.13119475317308
106.20479930270842
104.05170172729898
101.44391816794506
104.7656659437619
104.84060932576762
106.11858791866429
104.46650774058133
102.82745662257851
104.33241018732839
103.86481455323462
103.30882724386453
101.71853130694045
102.9936924369254
102.55929141791256
102.17682458564575
100.70076516978021
100.74127485319163
100.50268102995268
98.39092344749504
98.81968452070744
98.24329407514018
97.44270150820928
98.6324110732356
102.49539800159044
104.60334831113106
107.1013974982354
106.64490295735422
107.9229241972066
104.14911230401039
104.55361567810485
104.30980425892258
103.03251396769961
101.79112437148406
102.49779384055867
104.78474219472102
104.23056554353737
106.46711566436582
105.31963701770384
108.34113829103444
106.69015154285755
107.8250418384163
105.72519481169289
106.22691369826377
106.04374170148662
105.59376082675503
106.44555375299088
107.47576929654285
106.74379629071922
108.94652686264135
107.41038771053887
110.05364370113044
109.77524436260298
108.36621172271396
108.8606437708109
109.7168295497399
110.6374467316183
109.24596342984898
110.38925100736984
113.67479648781736
113.82057733648473
113.72545311033086
112.59498957940869
110.40341457519028
110.69249492391333
109.54330170281813
110.88244920811167
112.62833335298198
110.70144909681761
110.6778644633228
111.89270804287901
111.38468222481657
111.10224895906939
110.73446536281031
109.44371747468449
110.01411378077582
106.05954896487731
109.0323559682956
106.68448593429983
105.28606896573108
107.71649802618465
108.39551158325204
108.14239328768839
108.48462467444037
106.6253125873277
104.17850617470164
105.44279133260184
105.54718123163153
106.80717400780081
104.19762118104954
103.21441768452955
105.6357352446219
107.03851560377653
106.21932719664274
107.81394261642777
107.609436374709
107.64876433309837
107.00257739077001
107.31811478093498
112.56320964858988
110.31169799725726
111.40592335789786
117.76046757454709
116.97650228300527
118.02642398520318
113.93784547658396
112.26482619028394
114.12998761781961
118.52891680399246
119.49888798223107
121.45717767397451
124.30524502291446
120.79845810985243
122.28623553392437
120.56267494479434
119.78787412409157
116.57406989786796
114.92366512091581
112.79092562587675
114.24873989712387
117.03240659292928
116.45430830577895
118.29043910186721
119.2840349500085
116.37589275138266
116.5621323235391
116.83197341097973
114.2508376636501
114.03440395247931
111.98357922405894
112.01609344195987
114.40233812385479
113.48616654339743
113.05950463787337
112.89076090285377
111.75214599357763
109.01273358223962
107.96942686254262
106.30662097515558
105.53120568295219
103.20323817504718
101.15362560032806
101.91689034262808
101.08899004987715
102.63949038352183
101.03493013286878
102.93018989789047
101.64089326832975
102.08528235335534
100.90399965581554
97.54931538256494
97.03447699138084
97.42298084334168
95.71660513629469
99.67156602892702
102.0779071120563
100.98831908025872
104.68165754249655
107.03027476469586
104.89214814365496
104.86030715466923
105.10972318021687
106.96793997304611
109.10694038822331
110.38931696137747
113.10261530485533
113.07053160167571
111.2768501833299
113.63245391718212
118.54772946022211
115.07793889625523
113.98305966455014
113.37867342851995
110.94064168133231
115.14534974338675
115.49854731039575
116.42657795411527
114.64570525320424
117.02428153918328
113.83697655665877
112.71403489415036
111.96213382402156
111.10515919496916
110.50192047791583
110.42129238510769
112.75698581884541
111.84799329639354
112.3102912571197
110.84273369648173
111.94166176495457
114.21803059901097
112.2366245791736
112.72921543880148
112.52239780326767
113.93293519303342
114.18264674989847
111.56442299341177
111.09249131204133
109.52666592614472
108.2262157235657
110.57388319630749
108.75755771731288
108.66061318888866
109.47201267319208
108.12642745908897
112.67994180151533
111.04736756264657
110.94078622935011
111.65522518388435
114.19397580084113
114.9532824940066
113.49609396835382
116.01095456744754
113.97072921444894
114.49162757713152
114.90386982263519
111.82037966223625
110.0154678318789
107.3046979202243
109.8552206500979
112.5311206082646
112.16522216002942
113.06898672028134
112.94787396959671
111.08257419292232
108.79688268562212
110.28067202722148
114.5769585010688
114.15457389080704
110.24030270250101
108.9369537450397
105.64073388987853
101.86186049955157
103.1099144363224
101.71312028871392
100.1083019802944
98.59716835213625
100.88093261775674
102.55841897533652
102.659635482908
105.26526588137996
107.09819272194187
106.7204945456949
105.8300479978936
105.77405378625083
111.37835069060128
113.93207449751432
116.20990329429567
119.24729732122914
115.73778018277312
115.04640721325238
113.35104096980359
110.4183082909952
108.82280193594623
112.81180968516637
109.98299867574006
110.61811236139025
107.9268927349796
106.80105199426953
107.77674476174488
110.23379944708947
110.4330559827943
113.60612497081047
115.93888537838222
118.4035415535979
115.88106999338623
115.40486201305482
113.0190086129424
109.69387946132417
109.72458076497678
108.94337182543153
110.20065584373877
109.569150637935
112.54743048396057
111.68678255082801
113.62162167450681
111.42605049376628
111.15971371310779
112.07966609092458
110.34703807433677
109.90793867196494
108.93127085570745
107.1186334952957
106.97645274456265
106.5708928294137
105.84742649439777
105.1938026233151
105.52026920853682
107.08873494191813
111.15024729476426
111.05349931737354
110.88601647108483
108.72208645757063
107.98359956128904
110.66468764631394
112.0648410733461
110.77504762158071
111.24822924424446
115.63252069897936
112.40751889672842
110.89673608875808
112.0199806090234
113.60365723089816
113.8941647388258
112.02279594321844
109.93808457523424
112.1127626250967
110.04443071887619
107.86246595391155
108.32880522677708
109.94627558681937
108.95206332949097
107.87854140436981
109.63946348420068
108.80835261096371
109.7860538809198
109.42784558289836
110.82873762405556
113.36439200079951
113.0357529048869
115.1590062607758
114.96049047970665
115.76986524086202
114.21786270578245
114.11407975883593
113.35245589544417
115.48745200708075
116.73140108129981
114.87654471506372
113.86229434529106
113.45760486638673
114.37810019074695
114.38220441212809
113.59415171914277
115.39971736843978
114.47591926652665
114.99387942319028
113.93463054289909
121.72894198060838
120.80163168911291
120.45450233159195
119.36584129003464
118.28056771070487
117.45284786816599
118.65707231157818
117.24591113243808
119.09381729257065
119.16929142379159
118.41269037509234
116.74242246919759
117.0081277873928
117.3201336432146
118.10271039661617
118.4775936098727
114.28939491487726
112.94436706667578
111.29773799812124
113.68202083117087
112.76829711651324
113.34368435371148
112.21050449773587
116.18778216006716
114.75981097490362
117.19370554616548
117.9803501923328
114.61011665023958
112.73486987267565
112.07953867683192
111.68584740123306
110.84468377529353
111.84920864395127
112.00132607029083
111.11554773888898
111.87429917783568
109.98687118443623
109.13832547687358
110.74077818530677
110.9241374202185
110.66409309738619
112.12439950476252
113.93486203887748
112.56079679203663
113.4850688534464
112.78712579564315
111.50843202490653
113.98869918420716
113.84274217086606
113.63177336466465
117.11141949858883
116.10199779667317
113.0371489324825
116.4283014250688
113.79165476983414
111.56855160832559
109.83582228997582
111.40771318194408
111.41843118502076
108.97386257865443
110.38882759596262
110.18839961886695
109.55384753664794
105.9268247425782
103.16593099088054
104.97959517487683
105.57719100345
105.27257365710038
105.29147808098905
104.94438109539142
103.65712330382321
103.88663504431992
104.58994267933036
104.63484182680492
108.14411760386326
105.88390364629316
107.44718729216257
110.44763822836686
112.89653499414068
113.906045327315
112.90095371628958
111.62032145015141
113.49121608762606
112.07229450095278
111.91624724137665
112.18819356901368
112.07020880179749
113.8953955286577
112.5403153165083
115.65631929172527
112.86688432246282
110.60911160271696
107.99618710909533
108.33021364800797
108.16605748557257
107.44850538211068
107.27362207780246
107.90246780631749
108.44431316420182
106.8648757198426
108.14410529236733
107.44520457324484
106.41261036875459
108.26984895179682
106.67957477570502
104.20575129043343
104.47023142014461
103.55815953796598
102.10692203663405
101.32722246381104
99.06450659308229
99.91437604498165
101.94327397279712
102.35600324733709
106.94977242548242
106.1987203917426
104.50955280969927
109.04260639125646
110.27147331471774
106.86105334289846
106.28365158551983
108.41253579299102
109.95581371699
110.38771650681723
114.36325581383441
115.61125309623085
118.61472571097782
118.3214435640411
121.5440408814508
125.15931487638198
127.16434918264149
126.67916336871896
125.9751613414251
124.62992336796441
122.02614233826868
122.90102637712437
120.17911270107848
123.60486994807229
122.37616338661476
120.65892033615266
118.89709115877078
119.41291373994132
120.57554217715786
117.71526434610531
118.94458058551218
118.08286352000744
123.13754648447427
120.94450875306869
119.94045791496241
117.08681236054046
115.12144833097875
113.9368824539551
111.0798937104997
108.85319907981672
112.93209616659635
113.10591203655557
110.88378127003318
112.43261756249734
110.67753360372562
114.8642611100327
114.75155015843035
115.03612513225215
117.50226553971429
114.42153642072832
115.80241091138595
116.72019839867595
115.74522515459292
119.02443784968176
117.48568136341983
117.06405383205895
115.65489023767988
118.39941178409126
120.45997501273996
117.2978126761725
119.47896463235607
123.0195426446575
120.36252452620921
119.97474340641594
119.58141771023386
121.38010733628998
120.21866539605959
116.78009190652526
118.18305714943587
116.90580382303352
116.77264449679329
115.0272783280242
116.32236039209145
118.55254607684061
116.84637194375135
114.74600262165923
115.01919806888903
114.88285874605347
116.17922421243398
113.3675824246647
113.68063939593179
112.68347533054869
110.13714696268906
106.18794150262235
106.1255863577093
105.38625187543417
105.2854191216766
105.99836495146114
104.47735874977165
106.6164692980876
107.88731042255905
105.85502341235895
105.48813181470118
105.83415623717262
110.86469207628743
117.88641466318049
117.99248839441346
118.53271364263625
116.45159980488202
114.30186761735983
116.59426881023734
118.04488013225597
115.99177716112757
115.03638072262889
113.25070791696554
112.94956228367072
112.85767209719717
112.56709329533129
114.91637264015449
115.27616836448695
118.26261396538635
119.80291232408199
117.29155380322958
120.70297787244972
120.15799234573407
124.19333155488849
121.91893450305264
121.0587561156215
121.46063947133267
124.97287719912836
127.40538799821323
124.85147281979887
123.29747638800369
123.44661903172508
122.62012700879096
123.26441967243397
120.75938434664702
119.9403534731324
118.02242365079658
117.48625304406104
117.15784483410702
118.96157017242774
118.98641322958069
117.87305471994104
115.15202025385872
116.43632977127096
118.06758378021993
118.00237955722739
118.88248497557109
119.33623370640134
120.5373813218933
118.72379270000762
119.83676347323066
123.18443586432846
121.1336898908285
123.41435546949704
124.41798165870736
121.24185646908819
119.87737347974969
120.96403773490351
119.29002044043148
116.42074984770395
119.73391882428476
121.25019838369595
123.3856989347161
124.26054841248477
122.65374206370879
122.09769066104975
119.7310179616835
117.95855936415457
117.53576278409065
118.02055067154659
119.21242543559597
117.75623091177053
119.46922637246796
122.72302501351085
119.96998874983879
120.17986347564889
118.31764890306162
118.31113055224088
117.81183686097128
120.70630597753932
122.76129533487234
120.42496786182382
119.44341880913115
117.17087009763746
115.0264073666807
115.16724588003562
113.48398045309825
111.52949698433758
115.23929636378747
113.60730895115864
114.7322929905753
116.13527892014247
116.75271036036854
118.49093783833844
118.74570745580886
116.38736831513096
114.18696578354887
113.41960723769901
111.62225102101
110.34144262150272
117.92038113687197
120.2321340948056
120.8635783561286
119.58400581435822
121.33337790340437
122.6853871118414
121.41903306951676
121.22962798889468
122.45307455404851
122.27452550753974
120.58121945921012
122.7666494549459
118.94790996013829
117.2255602747784
117.55328692372173
117.27215724009433
117.24025698009838
116.73664992561075
114.4074728739988
114.79429943834506
117.36185698201092
124.33077697151298
126.4132765925859
122.30319921688496
127.44457072786442
127.7736480720265
128.6219194143617
126.51935929012673
128.18268136927685
126.26365310894504
126.31469960572656
126.70434496236659
124.49964444817557
123.22061023328313
128.5611422855387
128.49731300431745
128.1577297298023
128.0199356846386
130.04122493482117
126.85657750904826
122.92727872609065
123.30600010478987
122.03621418847081
119.52729093426993
118.7792653023668
116.98617786588122
114.77793816859092
114.07450688755172
115.05376639757105
112.68736572208931
113.27919092204318
113.19749593113575
111.38570220083456
113.30287778023003
114.14844894363013
116.36134808281231
117.09104718581605
117.63121490436505
118.94017746418403
117.39916192311156
122.12725965677643
126.46711399081128
122.86638085465574
128.66923263175352
124.72412991193534
122.94487003463058
120.55493974953043
117.07658166862196
115.00887694241608
113.03303330074529
112.17300484823453
111.51250116276591
113.01673262590803
112.31402002023516
113.93866242246392
113.75935254052604
112.90920665046768
112.103314354299
113.63868029753024
114.31045270240156
113.68584530611263
114.81630221842337
116.67238869210686
113.9933905373135
115.38181701038238
115.47446838629598
114.81692729459236
110.4830963042938
111.69324627171804
111.44780134740087
114.28193496969574
114.59606686633465
112.59358468815707
111.83115892795331
108.87129686854755
110.36260208559129
110.87958243563486
112.74142315786548
112.750517003539
111.67917017856782
113.01009569135645
110.58624749407561
108.60746839632324
108.50058930267157
106.67983021731814
111.13406069988062
112.00049792193539
110.42402898218397
110.3706399110937
110.40256186288711
110.53554465736565
115.6400930770066
114.75378711620495
114.57360073751939
115.72072386695744
113.89382089756413
114.60283868383658
113.15117304801647
114.43189843005378
116.41755191171075
114.95075614088539
115.43681071975294
116.09493498063352
114.03295853988148
114.41983744924548
114.076592730477
112.63208072949529
110.5533619961499
111.1787635274997
115.44519142713466
115.70866594838046
116.48644198093959
114.57162419706997
113.99543350891406
114.65373000498359
115.5693730996652
120.96474660667545
120.04956638091402
120.63354759922102
120.28129032208493
118.69964501318083
115.36170051775329
113.79049481159238
116.32935042423362
114.5577618636342
114.31790709860718
114.88303749530269
111.72680340358302
114.7425209046331
117.55424071328024
115.3053596667472
112.95402339418979
116.44006013740113
115.57771059794051
120.62762697844623
119.42308795360087
124.74323239523967
128.3918583058581
127.6045319536802
130.36055226174315
128.640312046946
125.44131266704454
124.42603735216449
124.29636161086162
122.24801506554154
123.19251776325248
130.86122855918595
129.55529833642953
132.63707273801128
130.898926234835
128.79210371967469
126.24287040828268
125.68485268587017
127.56577738612049
126.44016366643129
124.22686270994373
123.95078858909038
123.17715837719622
124.6319496375382
122.15001801820628
124.8556310804958
127.02896191499461
122.73045341195511
120.01200625325693
120.37047196364034
116.11968396532076
116.26823402562168
116.51074140907645
116.34294137874883
116.09595684161134
115.0312073327049
117.46579138620258
119.38999741226597
118.83240220385154
119.84852596058995
117.4350126158828
117.8232535776235
122.10134754840016
119.76048967814033
118.65476849510635
117.32426055754792
117.21091240692681
118.93935791204368
115.60429361661055
118.48089531248621
116.16367697570715
116.02759522460241
115.199450451662
117.27501644121271
116.56723186721457
115.08153081675746
111.99190766173514
112.55608906395159
110.09511682716408
113.15726204395428
114.35575663495779
111.82495789430445
111.80603809175238
110.19264381390018
111.75018818602932
110.1498253062972
113.27368826984022
113.1776477123182
116.70929529249275
115.12183675145027
116.67057443154363
115.29691415469439
113.39674312246838
113.07599677658813
112.14279092899437
113.2143295535279
116.51623776405587
118.09656178903153
121.68202777975382
121.1685958707926
118.03066696627731
115.88652305629616
118.02388824205222
120.58728086616021
120.06421577805482
121.44115242924369
122.92914567707615
121.55372784635169
121.60806855474112
120.06486003417176
122.43323242422592
120.97593457075384
118.72869977522312
121.27321477212202
119.92807110611493
122.79605778687227
119.65728192094963
118.48932356613865
114.86498318329228
115.11210576191802
114.31744270758446
116.12600510991227
118.23301970528364
119.74140330228305
117.54148444315
118.16539930001355
119.81339945866165
119.99345088484054
122.09277368942722
122.6896427172561
123.31167364688929
123.34014734525496
125.96392937519381
128.22837101951097
124.6208046533833
123.66499122453652
124.52000824165957
121.93249572446555
122.55020788555227
121.84658600698252
126.4344677463917
127.00799902139858
128.3756506064561
126.42580989096004
123.31878553955724
122.6464377625753
124.87628064749663
124.59266796959523
126.18006942148145
124.07674363324425
127.74570355946179
129.9856270011524
126.79653417266765
126.7068703330422
126.75821364397889
126.02165116417896
127.62092596737482
124.6228345233146
124.30663068548564
123.28909414262576
123.42871087374871
120.84809953277404
121.49294394285342
121.08703982108322
121.2814288462768
122.1001253186949
121.4956435537658
120.44850460168426
123.03814141450641
121.8311476876212
121.64526992422707
121.37024469703726
122.4851962457645
121.54457619933655
119.75646024422419
120.70740887820243
122.49930740639776
123.38815076960329
123.76721246459145
121.22571299386746
122.1497125486298
123.27322340819626
124.71596744862438
126.76149365206237
125.95880744129805
125.12109920137641
127.78229374736853
125.50027493308458
124.69968885717303
123.93262192624589
125.23075401025778
123.10110606659897
123.73952659425156
123.92166390907734
126.23138254796906
128.74198200953325
128.06846925641682
124.67834248793427
122.14221366993425
121.15624165627965
121.23762108256649
120.7796586665016
121.03741317183444
124.44241876950655
127.29832653359523
130.73450447511635
134.59316405390916
132.50927861190962
130.2812978741712
126.49253205040918
134.8451149924792
131.1065118577327
130.3628187427597
128.46873205644934
126.87168095650206
124.1149250602284
125.2891227021369
125.25300784207656
124.23440009145342
122.90255048410583
125.77938491433281
121.74291045816985
120.5737788455799
125.48525222909875
128.56644805606192
128.2369344767425
129.9532179982932
127.13094095513932
126.15622953317968
126.0576372411246
128.22526192777693
125.73398389042431
123.34168881449936
124.54805686892878
126.40685301213753
124.88552952797676
125.99601012110072
126.75407549673714
126.7574202865553
125.56146266925579
123.88423931448395
121.25326617898553
123.23789856139071
123.19137821589581
125.92574220372238
123.56994991136187
122.70970862031741
120.7265070781657
124.2033313928158
121.24321306501315
119.1452611844013
122.0564433954016
122.40678284382994
120.29668853040455
117.03923927345954
119.2618942196736
119.07967593866601
117.68009563638002
121.18588629084469
121.70473626820902
118.62463310921977
122.75932577027876
120.80370844251584
119.01009100853089
117.55933917302622
117.21096001432089
113.04817940664378
116.27871876674921
115.13503485966184
112.83295023070254
111.60175867652701
111.9746719665765
114.82981570109473
115.89920840634205
115.95135173696806
114.16555854298667
114.64209579163803
115.26309141169573
115.7731971937077
116.65092566649614
116.06562165871422
116.94323032328666
118.87213119000195
121.40999546748493
120.4556968540541
120.0432122650311
120.59695534935342
116.8309098817018
117.66447857922473
117.13187281313058
121.41567802882028
123.5587483218967
127.11738484148623
124.02872843977059
122.8542225472249
122.21108571668265
126.81912493061378
126.80773928776433
130.18004292419147
135.90768247111896
135.16503018115972
131.72864037915232
130.31307752229833
126.50973943536198
126.24425329211172
123.02047995253183
123.33942618131834
125.27454142503058
124.77501090820324
124.79726421333018
125.22417716134295
128.74782210935123
131.27278859304099
129.45432637359082
129.12369729973338
128.33745189986803
125.5091532084468
124.13025480210692
123.69621340552085
122.411762850191
122.60961543350028
123.0777976407255
120.02082728045428
119.75499848049644
119.8930080973031
124.55701979611345
125.71258188485973
128.5110993143597
127.5576513469645
126.64442661280033
125.31996666271817
124.3562952295924
122.7047475381789
124.07020647467502
122.39142360221041
123.47257045525163
121.30266334199591
122.24088016115472
125.4331854533683
124.78628017987539
127.85531109983101
128.23889321807727
125.59552649039817
124.64876744522002
122.43612439139807
122.79916549230417
125.33471791613663
123.46314220556208
123.10399769999289
121.20791214560886
121.44119878413044
123.56014882061102
125.51941492565038
123.73848740803163
123.59637287994674
122.68822286273864
121.46700180310712
120.38936193565027
122.92971922672628
124.8056056459438
123.34221502554463
122.08153952335773
122.54775855176767
123.3054845162781
122.97266088829755
120.90943127877388
122.82761109328573
125.39183977916376
125.5734265425336
128.53242176298488
128.4383899983149
124.56006013779084
129.59964777371482
126.70568554696669
125.34524651219938
122.5391771796659
118.98371483101934
119.19817057306258
118.62447089657535
115.2853294788531
113.20356655093376
114.775949629552
112.99732742059132
111.9824660981326
115.18578111663942
117.22526283182543
116.97306017665
114.33488139919864
114.07062427381261
113.99100457224017
113.68601537191466
112.93708482179939
110.71987090216854
114.45484279885183
116.19347231734596
116.27422383803739
117.54160253600273
116.99656126086302
119.12149294052973
121.88154978417501
119.93868711367787
123.59867998162342
123.84517636558047
126.90357158470148
130.1746391333695
129.54518638468346
133.89264301506003
133.10336283869788
133.1152776443113
134.0950857350169
132.29775571928442
130.03585544373715
126.02216262915451
127.89551476842112
127.24144550682396
132.338919481333
129.75723271810296
126.85086933662141
130.20522992138442
128.85525360081945
129.37957320694994
125.05225001262251
126.16148634696286
128.19870040436155
128.55047517163592
128.52966112161494
129.1581951685927
128.93203236365682
126.98702077766917
125.99999994785132
127.2657086605486
127.37839764081208
125.64797952330328
122.41658278428046
124.41763403004215
124.58401299357956
125.9532092873393
132.43924881972168
128.6351825620067
128.29272035297024
124.94251394913668
125.62441861835329
125.90357368719579
125.69751833941504
124.50647578278833
121.85040202557676
120.04551723446373
121.79058483571228
123.25792663567195
118.3263031525234
122.42094979072873
123.1015675340012
123.46389366518865
122.9633574319043
123.46894058843301
124.79305692766867
123.83936172901394
130.210589349075
131.41157189752875
135.71438392748368
132.4869694644028
132.9910224651622
131.0505678103573
127.29135409161583
125.81564632947439
124.32856379158275
123.71278341254126
125.82259613822292
122.5721858224453
124.50057844725364
124.70399143631649
123.37021090829161
124.6032184143137
123.73706721337948
122.13436468377542
122.14473725953627
121.9309319990511
122.47969816487947
122.7525715574661
121.33124541736264
121.86094536524918
120.4549384549365
117.27412979818699
118.06441576518228
117.61557869941294
116.32743562924368
113.67368310885846
112.87149003645926
119.24322124192088
123.71020562105721
122.49014992816471
126.19366151890057
123.79641136980783
121.41838015873356
120.18674019974948
119.82571660313153
124.73853840473454
120.6234933777685
118.6022995397208
118.81718949669163
117.98985676784078
115.92789336245018
114.29647524565172
117.90930556028
116.15552438552994
116.26160500244582
115.56613081859112
114.57132833396008
114.65087757239152
113.80350960849434
113.358564630388
115.00529815702635
114.3388077534225
115.55289511559766
115.70259539747131
114.78336681866593
111.51398508938436
109.48323824705336
109.39645527388326
110.81882640874773
111.63119220921006
113.11896544343611
112.27830182411311
113.72796190046182
112.10467167527334
113.14826391857653
114.96260947496914
116.22185610714408
115.90953426557806
113.44064790100765
113.87075039902028
113.04372833884239
110.50571327705495
112.33973016913457
111.71472175827816
108.86356113016475
109.8567187591293
111.51357560360216
115.5014884970441
119.70814309373976
121.26211495360636
120.15864192797997
118.77074576402794
116.47718432201755
117.31689966093708
118.88888913883062
121.53575588881985
120.47778529542332
125.57146766971655
129.8559291068864
134.78841700766702
138.16122425116794
140.84042446086517
139.11547617078017
136.1576242893049
136.28760490872023
133.5431279487753
133.0401317640939
135.51217659098836
135.93273367564274
137.48633323325
136.60699070963207
134.4135978684246
131.158467718334
128.096485049063
129.03799085112
128.10251469236923
129.22552649964936
133.15902053813184
131.9595742362024
129.44352704376718
127.03076508054392
125.8130793977272
122.96388591348969
121.83156081604912
121.1989997317236
123.22948487920033
124.82731274064207
124.27350727216661
124.996076734579
128.44524025331572
129.58877008768116
128.74377286837188
133.65597642404236
133.30515753275486
133.62796828717873
133.92805368195735
134.62866436995174
133.30759015677899
135.79095676453943
134.7336487209677
134.78945557721102
132.3288168559357
134.07094352002954
135.7442042299118
133.01522277422603
135.63675471389388
132.27909621766375
129.98745693491207
131.6766119388314
130.86582644192944
133.09005034631298
134.13713423084818
130.56086314420884
128.16596369779646
128.47538301538074
129.11050617038475
128.07508381076664
134.44680981749858
132.36760156692813
130.74377204961743
130.04828016378215
127.86173011434757
128.9440140788208
126.71755051212813
126.83758726728448
130.09384280742736
131.14126910080932
131.6641338955123
131.86059193119772
128.8364818078368
130.37665320145635
129.97700079891416
129.16878519907493
130.38824123847394
127.72271648289937
124.97049236850116
126.77954288029757
132.24394606634635
132.81965181461737
134.4084417761991
130.44057960659566
128.84948011447594
127.80195602286581
124.73305482402832
125.32291660481583
129.7468592657724
126.42247647997786
126.33241825742934
123.42957775305067
123.66836490613245
127.47723391927566
128.05792624639435
126.77779045905869
127.6030104611697
127.83162354078412
126.32162587480998
127.28937362211673
126.4223792782567
126.34603099838351
126.25865699802418
130.26334948121496
129.9362519953115
129.363164969931
128.5731200500092
129.92639574259695
128.90735601752738
125.52538463693993
124.11860859035194
125.32107226781508
128.91689731090236
129.22931654761837
127.22151118087172
129.2463080561496
131.0868634121861
128.88446632390472
129.40510184068637
125.92808408064347
126.33069626095654
128.12645636657788
126.36182028057456
128.87809231590444
127.48172623113588
126.02333132798319
124.40367759070404
125.92823010273169
123.67150823246153
122.52768948683338
120.03943991537491
116.67132805660586
115.36114221921888
119.2480951721672
119.95842111467321
119.47598586195046
120.54215693232693
122.14531115937342
124.64271708206445
122.8381500502426
123.79205989674662
123.41428531446437
121.90839222953092
127.1506573272629
127.94133739585948
128.1618854593062
128.0218981643825
132.14570620827038
130.65130093750727
135.27129505025863
134.65657523958632
134.41166595839402
134.86600480830077
134.94782701905072
131.2555559091637
129.33911417516651
130.5724472609467
131.2985733523555
130.91737217518724
129.37787861406136
128.19239879984224
132.31653020706847
128.92189395745132
130.48009361500257
129.95660794969916
129.89356851470004
132.24666292663343
132.42627179549035
130.67055969191563
128.875446192952
129.33805507442761
131.34574275365432
130.69814534584782
132.62885918855764
131.62871247225394
129.23704292158524
131.6308962103479
129.5038699232837
128.07679205790438
126.86775379202714
124.96101359623843
123.27640532502045
125.07559547900682
126.08052895744237
124.78526328813781
129.33615119969187
129.50972702930432
126.8755643297464
125.37045203990884
122.77885531479863
126.54624524182684
128.39380675980513
125.94640449322192
126.33297358916317
125.77906891256659
129.73886116288105
125.97917093908714
127.77360031789455
126.98497683152277
126.54549406387953
126.60223595334207
127.77300146793084
125.93431563100908
125.35379614800395
122.4999387535361
122.62960319105504
121.66068050219684
122.26987454698258
126.14066620142162
125.0717266415025
127.467394832043
124.92368682105028
121.83130079766765
122.8036623911411
124.05322764302785
128.9726215964077
128.32208023210873
128.2301449023572
126.42597861438125
124.28726782862798
124.07238697798488
125.29063305400317
123.53006396847282
124.65160927880656
123.55981001097923
123.88444020432372
121.93156818102243
126.13377849774875
125.35959572219565
125.98422287511997
126.92350853693532
123.78470505228222
124.152178703639
123.72320968530995
122.49921246932726
125.09775254196128
123.69801651745813
122.3806511209341
124.47561563824445
126.69408781109958
126.93644028305404
127.13476049622939
128.43558810079986
126.7970483508504
123.47699993048198
120.68734839603584
122.08816145317157
124.204804608558
126.52531874405797
130.98699864818678
132.187181958619
130.38798991836052
127.5626773237125
129.45187375309015
130.09382038223032
130.71168819064061
129.23722891357158
131.14704975799822
134.27190033718622
132.6532484696959
135.16949102316684
135.47800134994355
132.87081009846364
128.57340876178137
125.81236727872616
126.20149901333134
124.93636318395586
126.33516840198989
123.53509422166152
122.40786117871322
124.43834757360868
128.03241088694054
127.57915475402737
129.03550920999876
128.77310177187405
124.19621220182154
123.26559961637355
125.63602212203062
124.52155618935046
124.57641901992683
127.73454790057592
128.06803599823024
126.77123500051184
123.40412733643501
122.05926364150416
123.56075955874218
121.3995139257029
121.11642749430135
122.90379704023393
122.10758725970311
121.47592762648114
124.3091098324008
123.7184823790569
125.74912148802464
128.08884550716525
131.94117676384948
130.18273163917644
130.2572848741678
131.61047508127356
129.19270295882686
133.83280083023845
134.33654143088773
135.59678384049798
135.12532428142637
134.14317518030413
133.2502897658353
131.75321221480516
129.31350557643393
126.00632227803547
127.6873097168441
124.4960837375232
129.047124795787
126.94943458092511
128.72171235532971
126.01223664926701
124.12907327634304
122.40835304047106
122.39774318935625
122.91556838393004
123.74685996095918
127.65518066098916
131.08100534773604
128.74011347898823
130.64626683043775
133.2528826453015
131.68311671019504
134.5109705202583
137.22709659705112
139.205993500906
137.37249371067898
136.9151174858235
135.38995332855197
136.1823646519435
135.45408842025114
135.03046593712
134.69602560532715
134.82624153171508
136.3984299148892
134.69349524037037
138.72259761599335
137.14315671559964
136.1006691732053
135.64236614446247
134.0460213143841
129.72922326555158
132.10370817188107
131.14187493873146
129.56342711283284
128.8976639869453
126.74085709833153
128.49732125624794
130.18830431645478
135.4528839511295
137.00056338730047
135.4444365008719
133.76719915355082
131.91886707816707
131.33451130712788
131.33988618713428
132.41148575224003
132.612561439755
132.72288317935462
134.62590531972984
134.75515118752253
136.21153378797794
133.69599045534775
131.11687743946396
131.041680129973
133.9067826419636
133.89976015305925
134.66992066924297
134.7129129247204
132.51665585154333
135.31711360584507
133.29715837039072
133.73314897089236
133.49222104272485
131.99300009130073
133.64019831326306
132.82348646927068
133.63592061121957
133.1769646255746
131.9882470856099
129.92422991283655
128.79706634659726
129.6275420733683
127.63175590229407
125.02779248142154
127.525784619859
124.99867018767445
129.92204661092757
129.1342076285336
127.57231739084705
129.7595195590455
129.0444602046735
127.06643042490322
126.6657832122729
127.02356636540559
126.00520440171925
126.1323362501328
127.15889191116159
124.65297930023627
123.32025122543193
125.12481577848311
126.28731169796453
125.43463758606596
124.17804020504855
125.71017997416914
122.56074199689074
122.34243297674233
123.90367719047075
124.32747194192827
125.17607552153272
131.42640260087984
131.36066728167694
134.68199853419904
134.15699882506132
132.0818430773656
131.7424691693247
131.06302180669607
134.38314498005155
137.28081207036266
135.89584648042023
136.25322960011766
138.16542389407587
134.7811628534911
133.89404180337837
134.84641699789597
133.95814136633658
133.62732216969394
134.53086923618824
129.91683416485924
130.05447961662415
130.32057886773418
129.16616545493886
128.93475242934846
127.89827090614412
129.37053165245794
128.09580053916545
130.19492752220305
130.03687559296182
130.08434862756127
126.74105563783823
128.55323212778276
130.04719755629066
128.90054830190573
125.849626473482
123.7299760617961
122.19467960157228
122.70276854537848
126.65289719153968
124.1539175881152
124.59734817783321
126.90686267199904
124.27043472520212
124.209646406566
123.91931175020524
122.09439717971189
123.94073998759677
124.81545084897188
126.53698558152725
126.73365791142145
122.70973245531682
129.16510409808262
134.33429065278122
131.8971125019194
127.62502784034756
125.49139825096705
123.83098658818675
123.64857636035242
123.20548788464544
121.2857111586324
122.2454558109985
122.83970023320643
130.14809923468238
129.7835906693255
128.0647932602655
126.20157021434386
128.75586241353346
131.05061952540825
135.31827033518076
136.938779491647
139.36305917911423
138.2477683317662
138.87523990635776
137.3313126501604
139.39445802739652
140.9674067619888
140.695753452425
136.9031537174877
136.3905409000102
135.70128761599398
139.18987707183035
138.39480513898877
135.8569234227674
132.34468770244956
130.20574086966545
128.49376380304696
129.94911152398015
131.07342209615203
132.97685776011414
132.31398713992598
130.89643581829532
129.48017734092272
129.31276974408146
129.05201067811743
127.18346001524093
128.84741197377068
125.82504786793177
124.86460117332112
122.53259364416314
121.1803601797981
120.95014197700407
121.86702264542919
124.22282021526526
122.73665409990916
122.88333690070941
125.7779471269365
122.35276790211283
121.28250448739698
123.02879075823225
126.90898740968635
125.814511777024
135.22827839316693
134.79201166832883
135.8599226757319
139.58037279644788
138.70079799546033
139.73456128013723
139.50184203046115
135.9900917188411
132.99546107899252
131.43504505676967
131.80954848861037
131.9876292948741
134.04487555410404
130.65084388474907
129.7026278139351
131.1219738590171
128.84419311458143
129.01620396815565
132.0415125716211
132.61768441738448
132.89153677898582
132.09970747433817
130.4216047379328
131.3496382247222
129.39486078823165
135.9306926217003
138.32770532774268
137.37573218300278
142.16969365562673
144.45793745137956
141.07427082720702
138.4694460609069
135.299705163839
135.2580166714919
133.22530633873515
131.86002745337606
136.77256877016242
133.6609044994776
132.7638380278237
131.56244911096698
127.92730197656876
126.48250605858074
125.58654407234452
130.12315034444185
129.97238657691912
130.36221678367122
127.77637566607284
131.4597981878245
128.1192595670359
126.2980956072707
127.58748954545528
128.8820035944942
128.27273033023363
130.82388265299343
137.2668626927426
136.23841303643897
134.978074425682
134.75915516779287
136.48442910933156
138.05245852134058
143.94598981459532
145.39831313407322
145.86648638674097
149.1424308662494
147.89190679288797
143.4546220186747
140.14532524212123
138.46822546397277
136.34631564702235
135.9651879118598
135.26767949693928
133.12151760331244
134.05739692320014
132.74914103686427
132.45608352559037
129.89715214624556
133.78588942460354
133.7655138244797
135.27307390397814
138.5871905694998
134.88472886302884
133.98596281963262
132.80625859862698
133.24665562075313
129.24540386677424
133.02535813453096
135.41353387395904
135.8447261850042
133.02168722742533
131.02202658950608
128.6993097172319
130.414279919136
130.38098137160995
128.1574708150572
128.59198073051357
127.25783421072452
131.00420228844584
129.14061432782464
128.1986294562497
132.12437844881185
133.07919401206752
132.17865763447494
133.0121034167862
130.67426509658682
130.60469231319814
128.96735351362378
125.01507664689919
125.35564207130972
125.06653699944692
124.79332392462082
127.49339971582785
127.04506270382608
127.32277139965028
133.0877879326093
135.54962704608084
136.15190116246688
132.61940357796257
130.51811439723593
131.81130551116345
134.22700487682857
133.38402466893888
133.26063287670752
135.13694282465704
133.84851560630057
130.61811851994847
129.76900372474898
133.7309109995409
132.94972993656006
132.49399086020844
131.7712390303281
128.98679726560871
128.51423699250378
127.67869421990228
131.31099379623276
127.7418164918573
125.76025743950765
127.16571179712567
125.36145753997155
129.38541717220684
126.80275973942558
123.93038552292141
121.24598807665436
122.94053182609208
123.06622241771132
125.54740961045482
123.74871900001997
126.82285424993327
123.45804720234199
125.36012268729236
124.98949915639666
124.30686821035151
124.8965812931315
124.03809163790072
125.27399855970705
127.436351060097
130.05357604386245
128.3993591265977
129.2423088419054
130.62600334910843
127.50295684737719
127.8812535556667
127.7772127652809
129.24403095672344
131.98505576871352
127.52933626906363
124.45731143688566
123.38444859354266
124.25518510633864
125.28726656661878
124.32096223973234
125.71049414105549
124.4895511980981
125.17681937754963
129.46533356616516
128.74771366537553
129.27049485303223
128.87486315967186
129.2893648091887
126.95670088834653
127.23731772288372
126.24550768138948
131.28499365498453
135.88106282125779
139.33098807114197
136.3462176353941
133.16468386028896
138.32218044472077
137.0337356148403
133.43126908801966
136.19624371288887
135.5100482031582
139.00109937533253
137.0194242849952
138.50709730419933
138.95600022735564
139.62492086561892
137.9100042731586
137.1173167480294
137.84224371179425
133.5002170621376
132.6621914468666
134.82539121379742
136.3165263137581
134.91888905502316
136.1580186873713
134.5646753308573
130.8592221650818
127.49676350783783
126.86094004180218
125.20916643807416
123.77594332839627
121.36068400718304
121.46307496795426
120.51581004390574
121.95267927643056
124.82767823426776
126.43240831263883
125.06920078535462
122.0876592555193
120.94706837413915
119.98159244169601
121.41530386105707
126.54454240109114
129.60813973124985
127.31240877004295
127.98948559167115
128.22755351173845
132.64014714182952
130.5163550343027
127.8321915972865
125.40431623225969
126.9330286702742
125.59099839670978
126.79958454733689
125.28987585024817
129.0689989047235
127.24392923201053
128.83452078964788
130.87779981758118
132.39412155331462
128.45538134165054
127.15725815288017
127.90337335460401
131.49141596868833
128.05407358740223
131.75862514541544
130.19430392682247
133.7631112995204
135.1078392881062
134.54881511225898
137.0933652020074
137.56457589120458
141.63123225717513
141.18477700950686
139.80425233654506
136.08858989887466
137.46014845474727
136.9085925464857
140.85898551460397
139.57675692057504
141.65794294008472
138.3502443208737
137.51643344749527
135.05626495279003
134.89376190775863
137.94284144939442
133.77580362334908
134.01277754294173
135.83332507323885
135.6893570835365
136.45555300775072
137.04227143900505
135.57354532915656
144.59519998941784
141.41655770543323
144.18100161517197
143.03393042122818
140.31218374532486
144.33549260048736
143.54494129091174
143.25806845006568
142.7640226579195
146.8057166943092
146.27059250191968
144.65635095751568
143.2564091855733
144.57781009179286
143.4583844827821
145.0965191049088
147.86522485643818
148.12524541575434
148.38503924345568
146.35449083539837
144.11624250940918
141.46013768663798
141.74645929554111
140.49149187205197
140.48412009426804
141.6944845470122
137.5926321440007
141.74503592298788
141.6652094596994
138.1804368108589
137.70072910637134
135.09607120764215
134.59570250085466
133.04082690509583
132.49920353262297
130.67679215817856
129.48803066996808
132.4621653251656
136.39516885628427
138.55841748202747
135.11079670788672
133.56594415408543
134.24743069203427
134.5263452602212
133.47583761005131
131.95546141812545
135.70036908007594
135.61851025983225
134.44116096251472
137.36000470563206
135.1233996947843
133.63449960716048
134.95195821328875
140.11942446419377
137.77508440378767
136.8522284014042
134.34109120076175
134.78055729419404
135.0237868595044
135.27020703818923
133.4881993014968
132.71058759934127
131.18735941612297
127.63275843563297
126.35681568155486
130.3663672631446
131.1047347116819
128.2616196451404
129.1175533880513
132.26809135096127
133.1209399784874
131.8851316761904
131.5855817397014
129.48508883494736
127.7623108078606
129.11584266480966
131.32652946958092
130.53734013840653
130.90124820892612
130.98780483138182
132.23201898113157
131.2472010871785
129.27676875944874
135.75355074350202
145.2367375038732
140.14031895864858
135.98235193578662
141.650248272164
137.582593002267
136.28505362324216
134.8231168401347
134.92713400912274
136.09110258011293
137.16936833366427
134.23601319633073
133.68176941005203
136.6978000420932
134.58388044721013
135.78339864346773
135.39881686111957
137.01336533726322
134.84534890596265
137.27614545623834
138.3197724733474
140.70607704875619
137.77760103132053
139.17660948445737
140.93058317499194
142.00221336369793
140.75671171614601
143.78038789458316
143.69246694460244
142.02707125998504
140.77244494288797
143.46874865746915
144.1403876940462
141.55266373991697
139.48989109763974
138.7537022237054
137.8928787472585
135.2481948699886
133.68834666302067
135.85192777197605
135.06208538030333
131.89126285866445
130.87964225741806
134.7216073181302
134.49333245529093
133.20664281136763
131.7671489862919
133.78673246830547
132.66863466086664
131.20939200688284
129.7882316349937
126.8938680781489
128.6321257026595
127.91628750583449
130.16695994390196
130.21596422098256
136.73925632189523
137.68320347452715
139.62544317993104
140.43500335072073
140.06212614020967
137.95456805989755
140.549780338004
143.28940480256455
145.37967388012495
145.97442632851744
142.7278990781572
138.1842048005324
139.2336034653687
137.44761892949347
137.19876124808255
135.39442521511876
134.52037633944377
132.96682212745932
139.4910944697029
137.84466798336703
137.8568759539656
138.4265939989019
137.95338942443385
133.97371286714068
133.39972464564138
133.54118160180178
137.64425270249794
138.2495042786983
135.93652468616688
135.57629384718388
137.5563959354425
134.5183834002832
135.70371968040956
133.03949787019317
135.002619257142
134.42156157501785
135.0827306681796
133.52796807806308
135.844690568799
138.00237738911383
141.78316187128624
145.00557221626678
143.30766158189329
141.33268221037252
139.5021174977762
140.24577861170212
137.1323084229301
135.3495508486765
134.45655594285265
129.88145789427114
129.55729310741606
128.91389207758013
130.2865128001827
131.01517325934833
133.8840443815002
133.89658995187884
134.22815933596593
131.83616628250903
130.48969212454395
133.77050080905443
136.10692816066208
132.94699020621297
129.92586509875025
128.79719013718167
133.11603696445204
134.78757718445019
131.87932434285239
130.05090146450644
129.4847877107315
133.72454155990604
137.78907875577437
138.14991935909123
138.00303998220917
136.0593949996131
135.8548090957336
133.75730416516254
131.05527019429323
134.62652809435767
136.08834161744414
138.29675925983247
141.25563957250296
137.728806070948
138.18114921514206
141.33034449460376
139.17866311736086
144.4809201650638
148.16028832272676
147.21216087602983
144.5545742059806
144.27835871943412
145.15593150178316
143.2954465001798
146.46107161338577
143.51845990639458
146.72181053494484
147.79631106537587
148.1797650361382
146.09889523584334
142.28778133434062
138.1209658236084
139.28307835524342
134.0867165473848
134.14454797239614
135.9186618688959
132.59565213878395
131.69147363800627
132.35406618513304
133.73509488595093
135.78014195405012
137.05826725025932
134.9849652459146
135.4391430573044
135.91381499715263
138.89461081584406
134.96697434512757
140.81084906159973
141.45610511456744
141.44570973920145
141.3947013703382
138.25331764818932
136.68880346927054
136.6206553018617
134.7710629060475
133.98967460980575
133.98511320652835
131.66766669378677
132.0993066167031
132.37232059509358
132.0701406457011
136.14175306114612
135.11188533671557
133.1872960351315
139.80158038537536
137.44515518040055
139.82274343757456
137.64523629984558
135.59589064773056
139.73932939380052
141.71707813783922
141.3238144402448
143.2631206280269
140.1741183698661
138.9617152929822
139.74038525230063
137.4153467922029
140.6954893564133
146.13271840717883
141.8647631361158
144.49832000507803
146.90937021251256
147.8152091091766
146.28878887955955
146.29523022053863
144.8314248365884
144.44873586505784
141.66413641202263
141.26267635997038
140.2632526861578
139.9133016216815
139.20047210123798
143.34053432957597
145.64968714872643
142.76464158983777
139.69509134865982
142.28839085841014
147.89878880177426
148.53386813615518
145.12416558482454
143.52935003859227
142.23087278569213
146.04494000318945
145.58808163111885
143.39890523242894
140.27709719837634
140.66088057107274
137.51397903081218
140.68904058721503
141.38376416021225
139.33467196826777
137.5265789195087
136.54937817805086
135.8698887056425
140.86897347511143
142.40611911792814
141.07279119957255
139.06051346703376
140.19834970308932
139.99567520095346
140.56912156525604
140.40936158285226
146.61925528186848
143.53881857554813
141.41928724365857
137.5632697125863
136.42477258241746
135.990082910706
135.31034266021453
140.13920099579548
139.2723063467576
140.889893256554
142.70046396880232
147.18054350212498
147.56548032787657
147.38693320112583
150.0698139966401
148.66589077825378
145.74526950133958
148.9713762547534
147.22031511015703
145.9159070589901
147.67326605156217
145.61702957399476
144.47678743990238
146.69934459274518
145.2287663904987
146.90715173267193
147.84989120412047
148.1739983271047
147.75238753022066
151.90142720095406
151.06677515988423
147.93695733054895
148.66598362311228
146.4189767040211
148.28106023839914
146.8323376540351
152.58590652033757
151.45525929648483
150.6702942772811
153.90927529143158
155.20125762747674
155.1755885234725
151.7829471407994
148.26169425977884
150.40485231819753
149.3460367718332
148.82071760553427
149.63078853324436
146.20717366222843
140.55217568037534
139.9151183448268
144.2472716585682
143.54308551127988
143.7641342385306
149.42195989809832
148.34104851225362
149.40364180194078
153.00104742168105
153.1504042994754
153.88132624475193
162.43381257034653
160.50408089616636
158.69022912162126
154.7112353848897
149.92916735066999
147.45394295621824
144.01530278942136
142.15334314013356
139.4277449374481
136.10796047943708
137.03893288592766
138.23647170978288
136.29085110150095
137.11854911722284
137.54534657382933
132.4155293800219
131.5708086513214
129.57831537579605
130.90721723010924
128.43060742376278
126.89004055366034
127.50464670333109
131.225636278615
132.8253261145421
134.74662210752993
132.94682604073867
133.00845263521083
130.28004162733782
130.1393880975073
130.392182262159
128.76308578571692
128.30508465647065
128.31363128073215
132.60185006430575
132.36382291914194
133.41049500696832
136.33103692274713
139.63006218930855
138.81925524524885
140.46014266795078
138.59906767434393
142.1856770943132
139.9392680837455
137.24975101941217
138.65477540255262
139.79411230721792
139.10871136596768
138.4694749704225
140.19999042250507
141.4061583963238
139.25458175027043
138.4353592508839
137.20006161081628
135.04845546382367
133.08446634532663
135.97036258788356
140.51529608007436
140.44964262252012
141.79131793677502
140.00070691084875
145.38138807902482
142.80497137282464
140.00366670577537
147.55165539336053
146.32681713338954
143.3763190107492
141.8080429668711
143.672853106541
142.2073060808367
141.5859101907012
140.7222781809826
139.81917552016031
139.06097955751935
136.22151657639023
132.3646422406036
133.90063214517514
135.191365157216
140.57511086492244
139.25006912903083
144.64447321499676
143.19611062897516
146.19191898976638
147.1163936000763
143.06265621976874
142.670603646324
139.71351985041508
140.15538227022793
139.52158290426632
138.77047374541507
140.20497902981126
144.49723212779057
150.48766653614175
151.98296367836582
148.41596343134253
147.44809572432382
153.71333679609907
148.41781292551784
146.32299127126652
146.9209409989787
147.47969850295857
142.54475959945978
142.1356106724523
140.66973838442945
143.33924371647956
144.22429393509395
151.57449576910003
148.9840484241256
146.45676247991497
146.35143810982257
143.66616941543083
146.84466101143647
146.44866696993284
145.98197555203245
144.9966208634511
146.89249840176484
144.59468502796926
148.06471925359978
149.60525383475635
154.51797084037347
153.31869152287769
156.6848374483964
155.4448744682746
153.92922001597967
151.57785337079068
151.95786773771005
146.92928487457215
147.19717597296565
146.23673573200438
147.44576817898144
149.8916401956626
153.5821873796876
155.73172837883672
155.30409980350785
154.78138158488957
156.90974142311293
157.60971750635957
163.13199306751815
159.4056294482662
154.97540756618764
154.70108941198785
155.14867944814233
157.79781984137395
157.10342241151432
154.24789398338143
153.02389057095266
149.3945093933404
147.20637649088852
142.0300976619464
139.92433127313913
136.4049676180726
138.82742715019333
134.2791295796074
131.16291056497454
131.56802236323662
131.96029478850122
132.5750278076383
133.2700162109013
131.13864333488297
129.6168134775908
127.90262788005387
126.79720904305232
124.98810024297663
126.32471236348802
127.44466429646916
127.35009603752378
128.5966215012284
127.6126838080365
131.24219833190287
133.41966344083238
130.9789287174439
130.29465044349908
130.41796806229212
129.5264671544171
127.7513956769321
133.59644746629485
134.99463113448482
135.22560471966798
135.83484827045183
138.75736078421696
137.0783341103948
135.84945231515906
137.34457303674134
136.3024121999928
134.77168305724902
139.10678471543804
139.99398057432217
138.25691438920109
142.9024335852658
144.77124617184876
144.41584046488
144.40855690094614
140.33264222206887
139.77418257199662
139.2127178888214
136.66119713120855
136.37000248253483
133.8734260775569
134.64272923318904
138.05657207153627
135.35562665406115
141.981073796571
149.98009882023192
145.3081840239988
145.19955531486156
143.580335884902
144.3272409828093
139.7399232619917
136.31023264675483
135.49412804705528
133.43276538343105
139.19453312222643
137.6376239592295
139.03933814223072
139.35998230564005
143.1455164434234
140.12891151019684
140.42771578477655
143.09884578904538
140.42698791204316
142.15583108689208
142.1721028055976
143.2076176644077
142.35665756895978
140.75658327041924
140.46669372610143
145.40823193208607
143.494326323942
150.43979851958537
146.56207669796234
146.67175997499217
146.11457303791232
144.16738326919278
142.72980325259894
142.40828752190586
139.65960288878398
143.70433835204594
143.09563539981434
145.95437184177393
147.94222625411987
148.65753270492897
152.36463738036807
151.26824363626451
149.13588407464326
150.93976326044725
159.38643271757712
155.64901712802103
158.13785029983583
155.8011853521671
155.152094930795
152.8393575289957
152.79501500327783
150.35518310747284
147.6134466537231
151.36196598716867
153.70364601660964
153.2091285521256
151.4434569371464
148.17011803065927
146.19743880248367
150.9465453252657
150.91846161137025
152.75780210640488
151.38426126852457
151.73183499634484
151.93246369716402
154.95871682557598
154.94331408136392
157.57619012828263
161.43115831948566
160.65217966914173
162.44219457258504
160.64649738647572
158.32316790873867
160.8818874822561
160.77897273514859
158.68608974753204
155.78327371470897
154.54578832992615
157.75869270945455
155.3951081610242
154.13034212860344
152.03094760834384
151.43990292049074
153.2351376618073
154.6220774667049
155.045450098289
152.98282916813577
152.34076544034014
154.04603991878963
154.61714977537133
150.6943834880667
152.98795711281704
150.77407178457506
149.3481329489324
149.99425340781022
148.20267541886818
148.13467791655307
149.03979574794866
147.5157655156797
144.0550655187542
142.3386421063777
146.7802940203738
142.68150187009945
143.6006259611936
146.58664964359377
144.92584439680024
143.67219358021856
139.21330865079537
138.6709181042607
143.63563825544125
147.64335085646678
148.17496544875752
143.453524133272
139.87836012184948
138.2947622863482
139.14784286851514
140.45861642170956
140.47615153332399
143.0616474104246
142.48798658511126
144.69392519258395
141.3760805839521
140.49913508174654
137.28784390368463
140.0053272865027
144.09722222230096
144.64041623996187
141.05913590465823
139.9530632952153
143.77865296715697
143.15459826539094
141.0037748515897
136.98641083382236
137.7089911762473
140.9991579137666
141.99168035785252
140.80049170862614
138.77488077151247
134.98991595345052
132.05882560391748
128.7113327177607
130.72437843009433
132.27514449180188