gamma:0.93
51
52.01133283177345
53.27118557595547
55.30758669377997
56.7332219188852
58.5556068100726
61.60384560871888
64.68765653516323
68.06394507986582
70.72733176386052
71.85074823370816
73.77967253664367
74.78225808393339
77.9658994956566
78.23621807173839
78.88631040859516
79.0534249704024
79.29257705788622
82.45659644689691
83.87052046803885
83.59106536656797
85.74623151205877
87.11508123735771
86.61520097788573
86.68021326154422
85.56359595507531
85.72609154486885
84.87645148820005
83.90603748951423
85.76528261545776
87.90757061792966
88.35888934874251
88.46025267732267
88.93452842314588
90.96466333034496
91.78811539596141
92.5115989474997
93.94897543705119
92.79340298830562
93.82939043937502
98.13356250332319
99.00805743699573
98.1286951300939
96.358582216484
94.70860503766644
91.03659621952052
94.42946796242128
93.08763939445697
91.41805370087408
92.16152439864703
95.88833153063517
96.02433377109736
95.395274956327
97.20030778290827
97.10308236515664
99.16772784613654
97.25842461651393
96.85184674716825
98.05453192845953
94.77191368497687
94.07861444727524
94.66437800733046
96.52906758104686
98.8438045904287
96.77033764218884
96.48198200128203
95.64140408886229
96.05285422679371
94.74345769802248
97.10444615542924
99.47263006165393
106.20950510936187
104.38031994857867
103.69446093328915
102.12308613606277
101.41946559216277
103.10979328949092
104.77374554218368
103.99678219002169
103.10234788872
104.98083651175655
104.85468998481186
104.39220587895602
104.7318679684547
105.63428627832306
106.35484276471752
104.76030537507147
107.26765770640792
108.66508532791985
109.19361793953574
111.42849101274211
109.69901202522459
112.93845850987654
115.39537595227388
114.76205381137115
113.79662846425926
117.689087887761
114.61320089200399
115.9486764579153
113.7705004001671
113.21516659273595
110.0714717005497
110.66654873124452
106.12554572769396
104.56721689144082
106.57042108923643
104.42244222625035
105.63809937108152
104.9635151449317
103.02351005041209
101.41187570064034
100.02137139020338
99.06641502790778
99.99564656446387
97.4787234052929
99.82037837127368
99.48805757475397
98.22450372766613
98.98655466925572
96.64255105492398
95.47865655706919
97.06317585093392
100.718460724068
102.1110099793196
100.82907998136686
99.6030755637788
97.15158512266615
100.59365141800086
100.45113629037269
99.26484930609014
98.10203974065205
99.74361556043851
98.40195272027339
99.80208745447575
101.19633486949749
99.66005143818866
98.94425288522102
100.74958919597242
101.41359012990861
101.09815328091007
98.77098727696387
100.74271866306309
97.15040315719187
98.67762436847612
99.85433340898274
98.07101158581271
96.90670896075459
100.93003325522558
102.58121637259197
103.6845299909238
102.09020081882531
100.83502067833227
100.49772050972308
102.20908054867539
101.88294143010508
103.51521594486604
104.12577521501255
104.16909235826506
106.14303818569702
105.70057624210288
104.6407661774234
102.87449475103571
100.90913742906692
101.37855242234659
98.98931249943435
98.31746411294817
96.06875960392605
94.67964171568232
95.56665293659057
95.23254064054308
96.63922769690258
97.5282744089766
96.87783522338282
97.79780301824282
96.53081539137128
96.41746632202747
94.64839875506861
101.02778653462909
102.53106884871399
104.5957563355869
107.03284589038921
108.78825136285721
107.46445261354272
105.24760909012083
107.95967644072805
109.24192502093591
108.873344563494
108.41742253582751
107.36223618274248
111.21852496771733
109.89574184475295
109.61344791506208
108.26988928982654
107.86448104285915
104.60869857531958
102.52239071787352
102.40477096831498
100.6736332147372
99.07273360202215
98.50643681670367
99.55241284060125
100.20590947001652
100.41891516219725
100.02961041119369
98.5462521323878
99.28291021297589
100.10470112853264
98.24798297600003
102.41890979204065
102.76819681279717
100.31072829947382
97.05908012161328
95.69774001158136
99.95156724521583
101.69520053509767
99.16312514280462
98.25308472440868
97.10669979067927
96.41438609176059
98.07408627725478
96.56397739663154
99.09984431936743
102.51503277054279
101.74735488755834
101.01719481699497
98.82407062976567
98.93643952001658
97.53897190509501
98.19377591440814
98.775240097585
99.42197909840408
98.58952841845154
99.37517645777675
98.31822325705237
99.57106151562454
98.11193954854326
99.21312512930818
96.70581025537587
97.79889982195681
96.92161199120316
98.90846686617422
99.20764956498807
98.80929058013706
95.72912216410157
95.10103970758725
95.1164917561777
97.4979334044105
100.3054421971819
99.52456048237534
101.52955269926137
101.25810725007435
98.90416372913295
99.47929031185274
99.96959416552454
99.93571556557272
100.44543047103387
106.79136467605548
107.08540097493695
105.30810515336714
105.87637498087274
103.76418568247927
100.0777593611668
100.17221957313478
100.17071732794659
101.81647859026758
99.77491235541962
98.54834927816093
97.09302392573169
97.03645708943509
95.84307258152995
93.51073291387905
91.72846261442743
94.51813022743424
92.16210884870014
93.1552495826883
95.03464386398507
94.11713839110661
92.49638087409181
95.39079631828619
93.83904484736416
93.42534737516498
94.78557440404145
93.93561877651011
94.76034500557817
95.23283391320219
94.62981499340766
95.11767288080176
96.02518088307
94.10150392181392
93.60175876318144
93.97486310847032
93.04053914122001
93.08084109233492
96.22455281650552
97.83303063327766
94.66621631616812
97.77559153795602
95.02026804442168
95.75742591923171
95.89091335003596
98.48073766117085
96.63847904575147
97.58324501780369
97.49690573064917
96.98196074814419
97.32716407589932
97.07093332233534
96.59606698697651
96.73357751513691
94.0186728808513
95.15295562819709
93.74711757572715
94.85989098112283
94.02910230370782
93.1295624482999
91.49615168423196
93.53674813429532
93.63057780391134
95.62175275824441
96.32780199532405
96.90480732437973
98.76762750254548
96.93472861070572
98.86333156439336
97.72472666097235
97.25383283087636
96.07899134468371
96.61243485575544
94.47084761467532
95.01706420151862
92.21858183593233
92.8511386583836
92.77805477378548
96.88908946754081
95.15366395078345
97.10431880606642
99.23766420257519
98.70138011326766
99.30272598893787
97.08554725901891
101.55212417393307
105.3957355922907
103.94692264368936
102.99974660922769
104.96265804495296
105.88728877868756
103.9925958755962
104.40736455147045
103.25089733848219
100.67148271233278
99.73568710961447
97.94458436604103
100.95662007609046
103.56275436175433
101.37335874855673
100.07359237942545
99.58227349583372
97.98696808371648
97.59883952115486
98.08436676850141
100.27367794127191
102.46681611040907
104.05098269701348
100.72340294295698
100.22256303837734
101.17898868545377
100.05412045480763
101.7574289996227
103.3755292154291
102.65286432125713
102.96495254642858
104.6368555538159
102.49099622166145
101.49745793025453
101.1951142709954
98.96772717780831
95.62631552075743
94.00021242927404
91.06678541527448
90.72955651272768
93.41925917754955
95.24452450790677
93.8113909345466
92.75903890639741
92.97524374925781
94.36229693273165
94.86193935822362
93.9493636451478
93.76105213960157
94.5768348773463
96.48950278193409
96.58412203449588
99.40155393524405
97.9521270667215
98.00483193710666
97.48249461713628
96.23674423966419
94.41652166829341
93.27843814333099
92.65652985557733
95.88843608838418
98.00224879542648
95.07638814496238
93.26113549180305
93.50509965788164
95.03547520619409
94.46990706972214
96.00469424935496
95.63665426835274
95.78880810896295
95.56972635796389
97.02084416230488
96.34664745927606
95.95218832891803
94.23575453377663
94.65792489460269
95.30819334422232
94.30384459122257
92.430551932152
91.40465517834213
93.35920829354822
93.0120941268433
94.75237898228526
95.52887592270092
96.71317788776668
97.34659796705337
97.52599258993163
96.49115721303716
97.20792681877471
99.83899878488263
97.96898307304926
97.83795393735389
99.82640639350227
98.3201125461383
97.92808717817313
96.82047797565478
97.20819098780278
96.12938186992344
94.43082688236103
95.81917949903243
98.39920827056525
96.85897306462203
101.01196716153771
102.6131673693458
103.17264166678014
101.22564388094514
101.37119080482745
98.69218887165427
99.58784198072293
96.59444635725109
95.88582187303868
93.7186449847974
94.07384345916077
95.33844512054587
93.25960691020832
93.20912790478727
91.16663005062634
92.41152909684307
97.51855951327886
101.53967077562771
99.96523531537507
99.70386326224185
99.36232881286661
97.797291864046
101.55105787114468
100.19169746030207
101.46855461435658
100.92663636037543
101.63944516602827
99.54001110743926
101.46616460275543
103.56646056343627
104.5840127808014
104.89593010054473
103.8380558467855
105.36073381569902
102.07970029331106
104.33225041230956
105.87018098894916
104.24983747862125
104.15836074711233
103.32249198395895
99.67585155274391
98.47480940108066
98.97117610836808
96.06978501522958
96.80283927240436
97.51119827414195
95.89069857249129
94.50154986471664
95.46622398644831
96.56246605913095
97.61580225202975
98.77325110294754
96.84466856048611
99.3571951043994
101.19275345611284
98.3633851138787
99.77606674151342
98.12840531825935
97.86773385756258
99.24283173741142
97.28241064922112
93.95513844664836
91.7138281424084
90.95570457111177
90.70731048740645
91.60900007920284
93.95845013922576
96.19896677954226
96.52244962114185
101.58461900577049
99.61675384741537
99.2996625952443
99.56809917092397
98.33127482105644
97.92598068865271
97.78236564484934
97.20238298877618
95.83611903163114
96.04378463515344
95.45378419762837
94.14271204244154
92.0373598914806
89.71843101391903
92.96519730353566
93.40180231677405
90.21910783086192
94.58530322977371
96.16827362734439
99.7297216515173
100.51135569500794
103.04732606629527
103.26600331574565
103.7632040458195
103.11343210019899
108.25916596816448
105.87292815966903
110.06556596020019
107.09690173604217
108.68366602138256
106.6632527467671
105.15946915546634
104.06950273107088
102.04710092407376
100.86070677161752
98.31796788540586
96.88533618855372
97.80195161548184
97.05499799328499
99.11951847253023
97.33574173861446
99.20965592459132
99.50395558721016
97.51773589717345
95.27675163130526
92.5094496180418
92.09289615182776
96.54504054425028
97.7325795816379
100.66429800066852
103.48615149450667
103.92196382138296
102.12029662196099
101.88059064663962
100.7320405180918
99.6299045132233
101.02398123159291
99.48631658932808
99.46960034226694
97.18193801685528
96.34682003070058
95.627387268449
95.86903099347097
93.91636103638263
96.01185250859325
98.76938049434573
100.17854491320931
98.06254523941479
97.2928009701153
98.16545326778433
100.34287793036427
100.37218344665008
101.7210330842309
99.95674954381401
98.05049877936413
96.30871521958926
96.01337805691132
98.26308427620002
97.05859905285799
96.06045228977085
94.29540737280071
94.09388249490777
93.85321494329342
92.57960601839498
94.64385716585005
95.53658080789624
97.53400800032384
96.36721559586394
96.75996993552457
93.26423212957867
93.93934844255841
96.0164069952011
95.05436096082745
94.27689226741875
94.13101408247668
96.21664921832857
98.2386338084812
97.55973664988535
96.73870777360781
96.7490510280101
96.85717527110538
98.54348510603769
101.73102942074036
103.36496243420095
104.20860049077005
102.51892830633898
107.01225024837136
107.00828214937708
105.14976223760922
103.5490830979267
105.78970880213312
101.46778165895141
99.1742664059731
99.99119237901266
98.3448418886486
97.36418971751513
95.20511186097858
96.45037427112202
98.93299837560879
98.60080835907573
98.44568336517928
104.05888555763052
103.08975590014566
102.17619019608264
100.46375456287885
97.92073384658721
100.81667824276674
100.67861233856306
101.05712934075227
99.78982293033498
101.04093822710415
100.85175761646862
104.03368537603811
102.14819715939305
103.42577283027298
104.67643075972144
104.29807279076167
108.56390901153378
106.08573029102965
104.77477835598546
104.50147289545998
104.64490959084658
103.30993685626095
103.53747053808024
104.71736806221979
104.83975807664883
105.00027346517544
101.4376982302137
101.93068072126052
99.55881999796264
100.04533849338289
104.10191298565003
107.42203772449847
108.0672386118392
105.62894913600516
103.46830376089814
103.23486755091905
110.64214030252634
109.57388273938385
106.53012641487258
104.76096969218582
102.65944828002355
102.18590680907415
102.11148146846864
104.74823285330083
104.03062186567867
104.67404230688936
107.0394662193407
106.53218987335465
103.8697125915482
101.40306069570387
101.23462346888566
101.38951146456108
100.55702717702212
100.91241380343638
101.76969522612325
100.37713551822671
98.7249771056838
101.02720740015405
100.1533839612967
99.25661266878284
104.65430323596901
103.75066137170741
103.69345496895666
105.4356035969413
106.0195193397566
104.26469308257057
99.70987411647523
103.51348218542523
105.0040350826894
103.57910070973796
104.33713184704075
104.15148011217546
99.94821021124805
104.06648064900807
108.89524165188448
114.7032167044878
115.3415337250197
112.45253032957129
112.07115226801868
111.47878800071909
109.06518138517168
108.17289504125613
108.34028385805698
110.20330593392912
107.93397689470206
108.50718315480924
107.00446555352505
103.28599207326913
103.7280619573121
107.17413459484071
107.66563709838368
106.76063724410871
105.77896873021969
104.89608578020312
103.60524731110443
110.14152027776242
108.49042956883197
107.79067231434284
107.3956487227809
107.71553962390493
106.1905956213244
105.12427962394183
103.08298281168481
104.47883090305295
105.99748690743205
105.56563365086461
105.17129328772064
103.2899043878289
107.82122860816268
107.70311669352414
105.21014327327913
109.5272809916871
114.53292749830263
110.76154145610461
108.16502446576501
107.98453745579398
105.9923349089443
104.74010335091579
102.71254722320032
100.08719782075018
101.42832320063557
99.98417444106799
99.5272926400317
100.10536812564936
100.69666533408936
98.76427137330376
103.25610328402371
101.10896076690294
101.58113877005404
101.6057171794728
99.36100887340805
99.16758616670322
98.82470144021165
99.48190801688264
98.59950110476808
100.28934197451214
98.1372572822072
96.78844310348651
96.46793489363931
99.87293514724686
103.1640596950029
103.05161352914685
103.07333849710074
104.20693755744125
103.6820987016598
105.67297252334687
105.18631788950984
102.89119212326287
99.9339980477731
101.61757411296178
101.93580784109096
103.1060818093322
102.55521655883649
103.93163118068342
104.22337067482091
100.6155738223147
99.46501958153272
99.20235925399271
101.10888083808968
101.1466604030028
101.76098347057777
102.31351740500028
101.63495468033851
101.08021762876521
102.26849986869935
100.92293839956253
99.44201178032704
97.80232754755941
97.38924010699527
98.30635981730767
95.68461043786617
94.90435101569743
96.5839417001317
96.10898807055679
95.67586178150007
96.70475907110527
94.17281441557094
92.35057741161478
97.63912300074276
96.74390541283347
97.20613423830379
99.16353291876291
99.45044617365994
99.37040049062155
99.5718034136301
97.39037340481211
94.89648703686647
96.13378373380279
96.51696429893394
95.75572821255712
97.7157094728141
97.50646479233455
101.47303551503259
103.02902189485872
105.40372863564114
104.91077136114706
101.99407112810678
102.95158262904411
104.50244947114376
104.42547147560957
105.8257639589149
106.81874938602346
105.67591149267159
104.64887970796411
103.97692619655584
105.14461927906467
105.75365463475732
106.90311543341083
107.38303553615293
106.59068694753422
107.7482940052057
110.74732534361247
108.30909758836381
105.78167543693417
104.93823908527328
102.33839289971242
102.90476014025687
99.16498960150032
96.37929330889824
95.64952074080253
94.55327508684141
97.66393268363879
96.93801627730429
95.1632522436403
96.8627652265806
97.34503707669339
97.5595556652944
95.77587687024035
94.64837813300085
92.54151645147927
93.2468034019769
91.45428135670421
96.33563742940979
96.52614122750269
96.9514549322624
96.81902376147413
98.94555022738726
103.42797488565304
101.19383113914442
98.9995476055067
103.21797238630342
100.51540704129405
96.8629048868326
97.40590285579049
100.38246227519413
101.41543912082228
106.08803009964203
108.94273677373337
107.69713148932419
108.73900910072877
106.53932198076866
106.9361456420107
106.14449463379029
103.12418215885111
103.16265335561502
100.99497571286962
100.79723771410012
99.41522443732126
101.59965596116068
105.40919838134319
104.9205164509113
104.21814342229155
109.79621234464146
108.50152462018893
107.48170828334975
109.69285492809045
108.32660662673688
108.18735201340986
112.95311470543824
114.15283147950696
111.89710010180494
110.14293405077123
108.539943683463
113.50319964515826
113.76931813108318
114.09151733541465
111.66037777416129
109.27330349569957
108.66958785624902
104.26114811303653
106.02004635421143
107.34540128369191
104.94917582513017
108.17746323685738
106.97042163087731
106.18345680804073
107.30465826924603
105.27891934809428
105.23524275963277
104.51277990588302
102.75669267275376
106.10743641703796
102.89148957122903
107.82620789094909
105.3517765612144
105.5384924341162
102.47810596557693
109.89404175399257
106.71952661811525
106.91370662955876
107.62145339846684
109.25937837123757
105.39731107061392
104.3564517453693
102.30083369324694
103.2223191588512
106.23530774253231
107.96103659753578
113.4554152858654
113.96713059550906
111.86429407236609
111.70484042139857
113.02843031733974
113.95753554599764
111.13889665537484
114.72639013989242
114.31109028194376
112.55158070869764
110.58974252058435
112.51288574988726
115.11822258750597
113.76011738445663
114.30884721865024
112.56531299302222
111.47104372725859
111.84678762543086
113.31524850609469
109.88200708870076
108.68442426157699
109.4792122065244
112.44592283172271
108.82604123330128
107.28789106204832
107.6305027934034
107.16989376776118
103.76355552226696
103.24133142070299
103.68894928771782
102.95001060671683
106.69418261649186
108.40809230752029
109.79194857379908
110.842196960319
112.60161085289293
115.95658038781083
113.03777103785052
111.92714586335723
114.75003974388895
112.14040859285139
113.52893396386521
114.79917849686733
113.72152095056131
114.32296514596939
117.42012895711943
115.22899884416985
115.23586468218747
114.64436904325888
112.73907007313348
110.69012437124873
111.0863818336318
109.7419649456644
107.00705467770415
109.01675852825471
106.97325590422754
109.75750257345808
105.40892210144814
107.10957889823537
104.15739228687254
105.41769906909872
101.94045752529458
99.94267712173007
99.23121580802518
102.23191505188414
98.33176064153942
97.35301173733315
95.9956149836931
97.54196042014483
101.3925021600364
102.69123472647705
104.77206208617486
106.68217120231104
103.85411334764312
104.30601640355643
105.51623273416389
104.31221527029503
104.73138832197893
104.81927816668431
103.90242977999687
104.92763305069373
105.80402493022271
103.57779226526077
102.1726980315573
103.39988024071951
99.81539785147808
99.65938204017999
99.98666466362751
99.3885791517095
100.75658201502989
103.40094775023427
103.70996711909565
104.08260981784804
103.138225496459
102.22825777880928
105.95785016107055
103.61909887536997
104.81745621475403
102.19502865610939
105.18073489413854
105.36973737191309
105.56330506751665
105.55896087827558
105.16703046005134
104.2506885590185
107.5366718157587
109.72092270180279
109.93092754299828
107.08193292205647
103.53597818988996
104.20137432571772
103.6528977639553
107.83058464881448
107.40326083746926
105.01787650344173
108.5058091026627
109.38266997359467
107.89621760348845
106.44726992828413
104.78785945125477
105.86924347063493
104.62104195183186
101.92902506286765
101.92134480622961
105.41280082204169
106.70307300143148
105.81606662297075
106.33981895686881
104.46313444826195
103.23166278843888
103.12317282581373
104.1761486305432
103.29517379262013
102.67690836610704
103.57927785343949
102.18238377439707
98.52343259638982
98.07864017833218
96.8876070965005
97.7040670476047
97.23933100912255
96.7837536405939
98.35182302725961
97.37426463951091
93.82511203327802
97.18921946204502
100.4145882877358
101.42515803063341
98.62422822210542
97.56324784870877
97.70815154959674
97.0620766959363
100.56687074215527
98.90502163055203
101.77079776302624
100.67394516170404
102.46122452480617
101.14085649751051
100.10890649200219
101.72315646285666
102.76348187817729
103.03208355608763
105.13596032584039
109.63140840144708
112.05071662897325
109.25832065189152
105.62443760671297
105.37693948171852
106.86363967499074
107.22426038925306
109.2460831471213
109.8990078005554
106.48761249514271
108.60510311300082
112.37814702775776
110.27056878801685
106.93250770699983
111.40423236631506
110.17628273690842
109.09511973189402
107.9936197896265
102.98356709425039
105.59456939913983
105.16468533888221
106.82199046759231
107.69617857107323
105.78760621187875
104.16885467238006
104.04270743840203
105.43785556637162
102.70616185228265
101.06470679296427
102.62577976163999
106.21521869692849
105.6606113615861
103.56765610106441
104.69152580619966
107.14451773155487
106.14928891243794
102.49386051819913
100.59495661991181
105.09979074502085
104.07192725215027
103.80305288044251
105.5637896496654
105.75967743016069
105.88401354687207
106.82503127086432
107.70467190386853
105.99335412848362
107.00672567557405
106.87143850840722
105.86523135080743
104.94773900517191
105.57427453852841
104.73445153032382
103.66794951337982
101.94583648258629
102.61745791640742
101.43164482168747
101.0134003771514
105.3822363857417
104.48845619848758
103.4774808826131
104.28090874515978
102.39803215168462
103.21772876135427
103.30381282269866
103.77132375130215
103.9947692830596
104.8133010956045
107.98403076043542
109.81758759653577
106.71712921623313
104.7572337772687
103.69622358012577
102.24275503433265
98.95222683973631
101.87206137470268
101.11671468106053
98.89572228248744
100.58813722122564
100.7993345195037
102.36273245387348
100.90669502789046
101.34050888016304
104.65970181187694
104.866232610369
104.5439792568487
103.54236633888955
100.83638296197807
100.94220923493128
100.74545324478896
101.26619354054174
100.12441612593943
102.69917636708321
102.86995858755289
100.50585389780295
105.4276276575848
107.1689472230078
108.11550751436728
106.40438700437069
102.40407120278248
106.17244081717837
109.28760186456743
106.26826002474209
108.58514389043098
111.50064501197895
112.1834935381485
111.88878182937746
108.99687953029267
109.22471522421269
109.64843852055482
108.12431445736532
109.61298579964934
111.24593516928644
108.110932555556
106.84810196095782
108.98359861269273
112.41436762402994
113.76899940149696
111.60225514477803
113.14260879190483
114.35205485368262
115.1146695115587
115.04913021589232
115.60228910869803
114.49479739341018
113.00770059594535
112.00784066347525
112.57927961439837
108.038063172693
108.24532193843991
107.15902334482828
110.76105332151357
110.75102733214223
110.57408237546582
106.71450328644852
105.96394579930148
104.76763023449159
104.50876460353169
103.79937777798739
104.35535483746932
105.17243356095558
105.19318643916954
105.88902642046043
104.60828257010341
103.8313997546439
102.75359980239715
105.50490484614137
106.0490454972682
103.90077774896729
103.50733401286152
107.22486341912
103.98381883765065
107.8866481710158
108.95851726937882
109.28125330851111
111.8627110131309
112.6298781021082
111.2670502102518
114.3704112383542
112.12925397832842
111.75619533986246
113.87466750414728
111.98971664444946
110.24825112799005
106.59522441288641
109.34182625834552
108.56794992263825
110.5361677568625
111.43499504764935
109.26365918720333
108.75135927206976
109.20710912402647
104.61276907062152
103.93969486424805
102.11771644217967
103.36927868280677
101.97096985298445
101.72919714819099
101.23156686150057
100.60658428981318
103.12230564766085
102.07378536168372
105.11755294399431
105.55183607815336
105.86426449260739
103.90953944225349
105.60838236928302
103.96669154372567
101.42531674351478
103.48349207732801
103.74589068250621
104.3381293745045
103.46026259803439
101.01344065209264
99.13282866998593
99.5910296178283
98.8268921099041
97.19812474430836
97.95998953343069
96.57053738409931
98.12003358248302
96.82068123000681
97.914703730796
102.17582467150856
103.39429458201519
102.38730693024928
107.65167340347739
108.11339519984642
106.33296337244498
105.53522022655906
106.3831649179457
107.79472261270962
105.68949132204926
104.36532533647305
102.99956152535744
101.70224310282636
99.94574936032487
100.98616786001746
102.29214170457401
105.36018107999485
106.44656487221175
107.94328992472641
108.69943638222034
105.95894492488183
108.93174227638151
112.25918015384897
109.84020984972459
109.4630907031093
109.06976639403167
109.75699321134742
113.02006488091558
112.87526137781406
116.35092059996477
118.17826090283293
119.31264216824964
118.82266362562939
118.3098224049274
116.02102216725605
111.70303290288697
109.45605205804706
109.07267006653379
107.89727317425921
109.07402759166747
113.166257057805
112.39975427953983
113.3695441056289
116.18306415386918
112.72245004828352
113.77507739126071
112.97188775028991
111.51958434461359
108.68099392620542
106.64398743218472
106.49999883728178
105.4354876896268
105.30572433270254
105.01849898640145
103.8047936497365
109.353977821649
107.77794074725787
107.58822390698552
107.90980124486967
106.7425488151212
108.56892380334877
109.50790431536522
109.70119968716195
110.48335309726829
108.79662302030799
107.4162840638159
108.83240565338475
106.42003046538136
110.67210448780392
110.09733226840832
108.89870256604715
108.8247764120396
110.26732359559708
112.53597285417678
112.29114682306924
114.95675281713669
116.502802531995
117.19446621439307
114.84993033575142
115.76058478338946
116.79479514232966
115.41642069265039
116.6464990546548
113.11164120556664
116.85785065673292
113.221199572565
113.62366449370417
113.44630422758321
113.65284324834644
112.4878832095674
110.07868692539355
113.97708424877337
113.9808764167593
112.42570507749008
114.09897670217161
113.47912146946102
112.93710618472889
113.75384500945388
110.59238901228812
110.31021574611958
107.97681009179306
104.71760418026854
102.79326197142136
105.5572542950711
105.36808350831774
101.09286943287164
99.86039769304274
100.7717855750153
100.38935953212047
104.20234177906356
104.09910808742835
103.90646079176194
102.16815294249389
101.96669685085519
100.41706671824132
101.23017468466273
99.88347152198799
98.84377053713871
97.27154137067072
97.70889749746125
100.10037588281261
104.29000733363426
102.66778905498366
103.00067446501299
105.4827248812562
104.0305081782005
101.46145644131303
102.82234121132768
103.84300485507667
106.54483879834085
109.55412087385706
107.3267539261529
105.38194045579925
103.16321912438268
104.86766114931761
104.00145120718308
105.1394196137529
106.80638301829521
104.00001063066824
102.88461688655768
107.55335064830443
107.83775525628957
107.89997456017196
107.53529914681546
104.88624754831544
103.46003047614263
106.53807715733852
107.5647372185871
111.59510922061463
112.08950775201892
111.2271132532972
109.52900196935364
111.91424652479672
114.11112377185552
109.88317705567
108.03448689697
109.6889844811222
112.92642373395782
111.82189616795297
110.59986008621594
109.91047457845407
109.16984201957585
110.01776121795817
109.16994277269636
108.50023373764718
105.63826096760359
103.85390772142384
106.22786996265984
108.49869250229419
110.48260158405213
109.51125480051698
108.10277540484219
107.75103276403203
107.13832908194307
107.71798416273694
109.23256953174723
107.27924592468445
106.9323472383634
104.10956073486847
103.16907577155708
103.87843266137784
100.60476060605583
98.883557697826
96.57222552352982
96.22225921325061
98.07780910129483
100.33939234899421
100.21125760908635
100.08896892290564
103.06395424505328
100.14210196060188
103.47987594054565
103.54563952750131
104.78085491968707
102.51323853716842
104.29042714618
109.90698624521919
111.00679635433383
111.3357206750694
113.12289221033087
110.96417003005342
112.42078207433883
110.14848276802603
109.55499553030653
106.51166135004556
108.33771713720895
107.17372550679269
104.8280629613119
104.3913792614897
104.00687381632551
105.40329848379913
102.16244118036582
103.41742295170117
105.49888279107631
104.67989232455518
103.1807803498822
108.81257167051577
107.21710184702447
111.14274084545426
113.5065493973693
111.62137677457893
111.73133079169432
110.72282867583462
110.57141783733587
110.82018875660356
113.2288798884519
113.63379516635844
112.13157590542728
114.27353997007549
111.45543175487342
111.5388225270771
112.48735691707682
112.01116924914758
111.01056987315903
115.99692413145875
112.20790454439488
108.6789229665804
108.40945353396882
107.86086766962654
108.65015995246674
106.01765365780055
109.10917791746107
109.34049392384367
111.7627648292651
112.38309329043409
111.32838005586845
109.29741249805188
108.0875808758149
111.87152585044085
112.48257699056924
112.22959381337498
114.06016840645898
110.24832215059348
111.50622109331047
113.57715733706728
115.5160819094225
116.08685650084391
112.94646065920297
116.15181863770458
115.48955642905295
115.09104812219418
115.96647479063381
120.26192992584006
117.96258430750686
117.4440956050183
114.26044649448102
112.32113857497363
111.20007110448508
112.00363487619684
111.35232253280009
111.2158503379741
108.87518418227322
104.1496882440327
105.76537336558455
105.18234120112001
105.84363818346262
104.19430038852917
103.28411033015738
100.46147533356144
99.52049381946946
98.675637713206
99.29218096691376
101.26492339686058
98.71485726147749
98.55653401990257
99.62042759850685
101.89416409775646
102.60834007095417
105.23300353851482
104.85593429997473
107.43241290384658
106.28029091461592
105.24219483805308
103.63595547709956
103.98597354803607
100.55641449978718
99.15612580019146
100.09790815065098
98.12870806938125
98.60717243864848
98.3179890997681
97.70949956768742
100.0156488267214
100.06403254574323
101.38863750165773
99.58502028953926
100.76855025651702
101.20789387281525
101.81352046892766
102.8633581802805
105.15129658106729
104.9734264543324
103.656587943054
104.53479856684245
104.04597466608976
100.73765066901692
101.22842345580939
101.66551145033685
103.36142854044225
106.59863089034802
107.81628740046004
108.30676078858531
112.3985534197409
114.2985079697634
114.97592155608486
118.4611415345178
119.43135062112111
119.2083117288933
119.86518973348298
119.17440325884692
117.61476590281531
118.36013536379126
118.51520676493153
116.29332219604
111.12932209188493
112.17746875218144
108.38406579078448
108.50414384472468
111.84739730996696
108.64789819339563
112.47610309221896
110.86497730462821
112.92528895116443
114.46039515630274
116.26651194811593
115.9265587020213
120.09417870086487
116.64546819401338
115.95939736397689
115.92484790964394
116.38982990227842
117.05350734700848
113.81987189030261
111.96438248336936
110.5749645577311
107.41550921087328
108.40530128230809
107.70731162772563
106.71675801397664
106.42606225978246
104.1090253829926
108.7371958326462
109.47016758989918
110.24653764867624
114.69552444327388
114.64304038952356
111.89575066631984
112.48658463033594
113.5018475979336
112.8063102696849
111.28619338177373
109.72198946555022
109.94514343465927
111.22622488717145
109.51516599388886
111.77649309885689
111.30197243249447
109.94545018148449
109.99555509209054
111.9217010949015
111.52646585609152
111.37379203756053
109.1950569864317
111.54754061898741
108.46700545663077
110.93125669267626
109.51436038103614
111.52886434022098
110.09190877778946
108.87824650458136
109.3302862946919
107.74474071741588
104.30365311600542
104.66390801299312
102.5531116920507
104.114638884714
104.97357449546698
104.78202776820171
102.69294284618512
103.90336837139088
104.85318668447691
101.30393643851183
103.06745610926943
101.90930823341792
103.89783147717297
106.39779850429811
107.6860620028746
106.69117543070425
108.74554480961378
112.78328493590686
112.85716824113271
110.97366605203737
114.11594487348964
115.96411709766707
116.27473652845381
113.26916945092565
112.89485535411772
116.5167266474574
115.09451870145003
114.069094515572
112.09659351368822
109.34521433370034
108.39727607023998
106.36935343605835
107.91177932564737
103.44143558628787
103.44127072507344
103.43769629997715
103.94453097601448
103.59250480651144
102.19645431644496
100.98936388260773
103.45301131135892
103.38492876573024
102.88731649905078
104.56144152480663
106.41231122115228
109.70008003520732
109.77373712123854
106.20856774208669
108.06329750675475
113.32450267102298
110.55732293840232
110.16254907867054
111.4525297025138
110.81990527423322
111.80161600859087
109.95423803647718
109.2034192896856
110.53323388771696
108.97770111376268
106.86146746847986
107.8146090883009
107.34929616273311
108.54831915406928
111.27303336546821
112.88392676306559
112.635552376396
113.89890209926214
110.02665776737098
110.40113922450405
110.51162229522912
109.28549080935312
107.43122882314962
105.57631697592049
106.63422466116428
105.05499081659784
105.83241927343227
107.4665500003161
108.06744029307578
107.04347567263089
106.86918854694322
107.55849989016473
106.86863381307953
107.93723187670682
111.24579555509702
109.5838684777782
109.25715692365117
111.89595723307508
112.89611228852513
110.96561318353284
113.5389119557496
112.29618092932317
110.37614358164305
110.3471454570474
107.2350496131309
107.38310742822075
106.29125469697928
104.64326942050918
104.320817738942
102.65362658284761
103.65282049363276
106.46920895255353
107.64078683084628
107.80738929925694
106.99219837223376
107.01608063922498
103.61433614904861
103.04601401142372
106.27304353592274
105.42477085588506
105.97059773349558
103.42613803912299
107.03460858484692
109.78545629598902
106.82090482641283
107.2078046704854
105.30809842995441
101.91266192396019
99.938049430562
97.53756124420613
96.2340153429005
95.7997332961268
95.76526825931944
97.35265247376493
99.66577198783685
98.87962434459276
95.93295183016626
95.64146540523645
94.07838852527138
92.71943981140957
95.31597091866412
96.5906825006501
101.73884662145397
97.94631513462294
101.13864893005048
102.55533767063093
101.08068670413657
101.30069278820243
102.34298159559957
99.85162133666991
101.00825121277965
104.58340753341903
103.52429706781541
101.5506239950847
106.4811354783998
104.58405513926796
103.58474210864672
106.36234215384418
106.4511155485737
105.78971467118402
106.18997996115823
104.65142487736242
106.27497745488999
109.71244211095079
109.8186888156719
106.17876626284641
105.81193514184423
108.00145492217713
103.81294859583265
103.05178436815164
106.08241866755486
102.95851976479882
102.2881020097085
100.9458111776845
102.52806214806309
105.80601790533552
103.00916946802369
107.52001773940441
110.51682383387423
113.00145234817789
113.01579217380356
112.60572941258715
116.13276159365786
118.210749782621
115.65768651412095
114.08398421169373
110.92555852475947
108.8734271170349
105.54216977015157
109.93676821380987
111.33025053792166
110.5385877316747
112.19700910746766
108.00516283193363
110.78690782096744
109.54483545551032
109.83620627334108
111.23814354156352
111.98469140626358
113.99396091193556
114.53725948886394
112.98400272743186
112.89702306422853
109.49456660862378
109.9862204156804
106.79035136944755
107.19350395924872
107.49668494311086
109.20103566994301
112.16206710092784
111.84487158530509
110.73826323473686
114.2067368368344
116.41884215544042
116.27920302296292
116.31675784308464
114.78729513027538
114.45538555082413
113.6296945277348
116.82044731626601
116.23624566752723
113.86369435109171
113.36606152830619
114.32336533469227
113.65565880890522
116.24563985851854
117.06085306851301
116.54505222252422
118.4287664050523
120.881263190171
120.89789007691415
120.706010615152
121.24317529572171
121.00380541229745
119.5031005721622
120.394390320394
117.12680069838696
114.54757029479389
114.4368056911663
116.59278536709293
115.00315970159015
113.88692948978003
112.802413582483
112.22515938772696
113.26625452186114
114.48689817792358
112.87474020400771
113.66259117527763
114.948667053108
112.71903108056469
110.97683850575754
111.59635044655029
110.04135640410195
114.0363288196155
119.12168350040623
119.08302247629872
117.6742949154966
116.85289985554711
116.24516716173571
115.93804165994246
114.03677832879985
113.41375412912964
110.7159629150886
107.21213744515288
104.09630242495825
105.24651094345904
108.30465908547603
108.84074289693466
108.33696518701733
111.20177263953818
109.88737343626852
108.9299553550431
106.69754995002602
111.33937504106886
115.01434303230275
117.31404475708436
116.81634404645426
116.07168392761577
117.65470290261567
114.85803968536075
116.43822768187333
113.44719077214458
114.5004117217909
115.16565619641929
112.64036297872887
112.37949553483185
112.31836981067569
113.65772318808905
116.23762239729092
115.48670354314001
114.21522315096475
113.68741093724255
110.84210905926592
108.87620047573218
107.47041209500253
106.0305537329962
104.86497076807498
106.45448989100716
106.37778542811992
104.60136502130989
105.2320775633033
107.69737908226554
111.31220014073875
112.76550055714749
112.61822264071772
113.26502424078038
113.01920107848876
111.4763980008194
109.98751488737118
110.22352690159934
109.98271225373968
113.2418885540168
113.11886441492024
112.00629083111187
112.11691839638813
110.98766287229928
110.8163772248823
107.82502309320218
107.56806692353244
104.30539887549413
106.94306984506873
107.12968671489182
108.86180584127963
109.70781618075655
109.44889590121207
108.37161050355388
109.09699284951279
111.35194227948783
111.55160867676402
110.23917007134857
110.05733494572581
108.44681646695314
108.36328988150598
105.9747819763803
107.03939051647153
104.57699244471159
103.01493446731098
103.71609637638979
102.79000037147075
102.14000651616716
100.35437343494348
99.02532348318019
96.80409311097759
95.03169595823796
94.4237941251537
92.1844663662512
93.27194858005487
92.96511187530476
94.40228662898156
95.67990633827299
98.8408649503682
99.5340799826628
99.18627774466862
100.22142649171445
104.44667854143051
102.21146651288564
102.56119068742316
102.58797538243564
102.7518212149336
102.48851906350637
101.69671590515833
99.85333956077869
99.92454395020421
99.59825220767439
99.53725218038447
100.1116346135063
100.79133218019723
103.27411183567072
101.97573640537533
103.92471934787045
100.88915490116047
102.17266770818276
98.93102983711186
99.51465254637536
101.42911716754016
101.15898524917102
103.80103723936233
106.90890534607433
105.86837530280346
109.30246475246865
109.76638564925545
107.05338221038289
107.27233379974636
107.6780764728201
107.2254374622013
106.32936257349743
108.03938670442122
110.36368141834403
108.61159026519988
109.09982015593782
107.5197586692947
107.8302732176063
109.45840650664701
113.46604006647928
113.84231628419838
111.84573954947064
114.3315386156349
110.73807557700727
111.82017633371703
111.7539209314057
110.32309392347474
108.48490835825606
108.07226535796086
110.53788741521726
105.92877104352391
109.75263117256752
113.00345849223888
108.36026177765586
106.98067524598716
107.54048508721355
106.88856554890492
110.04635125204032
107.82266605695258
105.50615155484282
106.5110472693112
104.84372918575272
102.82903627791238
101.25306789924088
103.39607366404836
102.81186841759609
105.17560515809178
105.7119019379806
106.86107345202738
106.36487560612446
107.7690460212493
109.30246863180061
106.26186211569784
105.06984897907772
104.37603456422832
101.9258843270416
100.88596302121502
99.40486357441195
101.2236888212586
103.22307159177547
102.69526372525074
101.13797456307992
102.99208231905796
104.01159125066816
105.16230002470509
106.30438368884194
105.47046139889781
105.65910922938204
104.51257302924387
102.8433429228234
102.41819090967374
104.1905967241218
105.00741795398683
103.88233350165004
104.5635148492352
102.61117560035471
102.86982973791036
106.46896789077738
104.6777197855189
107.89996252414181
104.98464973368033
109.45855326015418
108.32281952780319
107.70402606486611
106.23228369506462
107.47616668262042
107.15630723206735
105.21637987185653
105.07254804298071
104.55791571127894
105.21641671777947
104.5306446609507
106.13199782556136
103.14360573079118
101.29367162641901
100.41729592287001
98.57014359383679
96.86316924553431
100.22167287956228
99.26495836484604
98.81284373743664
97.60097385441179
95.45697450666619
95.60406006842021
97.77935933723697
98.66101525859142
97.43191982105223
96.25353008513082
98.34842765029651
98.19496738340024
98.77432544461955
102.9181090174903
101.37504146015961
100.61335651703361
101.92564650676165
98.86605639291842
98.14543895710636
97.65169557756131
96.45926777409736
97.16405297020397
95.7834315914922
97.24557221740334
97.8808539047961
98.96294233453996
98.15568867969439
97.02021464509684
96.78675869532778
97.8863975372452
99.10481554142338
99.79560729275381
98.28454826538228
95.38111981931804
93.69845255534854
96.15906783826738
96.35960331830493
100.2425551123449
101.03510791554812
102.38308064627483
101.39992057264783
102.92763977720105
106.30626289892632
104.43200826948383
105.32183084555773
105.36876708596292
103.33246188255163
102.10648492410336
103.28524265088677
102.1320513594423
102.2019346748536
103.72751158215871
102.37905222646665
101.3120380599287
104.51178317001738
106.96127619086884
107.10314372680193
107.87829075990128
109.36495236454157
107.87560480590071
106.91958639257217
104.5573665323562
104.63995590306929
104.45398279222643
101.88671348976823
104.67573414769015
104.14090852072523
105.29167131721427
106.03468383481265
106.93082776379609
107.907440999455
108.03012300528742
106.79594161944834
103.78326321218137
104.7506564328496
107.2653337307913
108.36645944557999
108.6549892417116
107.85140494171232
104.54433238510332
104.29858734100799
106.89918949935003
106.53272822861432
104.27902157180857
108.20902371864693
105.0277203436719
103.27934549460117
104.67372133289187
103.5728794462008
104.71950169218354
106.51897411304924
105.94099218579053
108.16406784868357
107.19677157841616
108.17091458612462
107.01224564932099
106.40719813322838
109.64881622427689
107.10519175718211
108.84578002046972
110.94821200211362
110.19546184075634
108.30219855063511
108.33792566100949
108.46712068210105
109.09548780507912
108.60026286691699
109.23786953582471
106.34569578511041
106.9772028838558
106.75282175218528
107.44985683332533
109.29165651077473
108.65437640480638
110.92592864169997
113.12366226598283
113.0147320260059
114.60557774896215
114.32141058991563
113.62694028762743
111.74031343085822
110.73353164933788
110.32463916681176
111.23358972322569
108.31287997095829
106.8753292335664
105.31259182125454
106.90586682876948
103.75605590763405
105.59187551538203
105.26557242379712
107.85867612143318
106.82813818805269
107.85392583710494
108.78262033189658
108.50190421977501
110.37307580331691
109.87375462604892
110.62485492288381
110.29815950552742
109.79411122702378
111.11354962050984
109.60708140020422
110.23153287236589
116.06495932908746
117.42440431445121
115.77425291620467
113.67487679455564
115.11454989298805
110.95916913258364
108.08517878257531
106.45662369758735
104.24068698371153
102.83615489576098
103.28006765875057
103.61181081543491
104.58114663315871
104.82904967606578
104.68507454993427
104.14908698061798
106.13465817632476
108.32019457357693
109.0220514188942
110.8753357893606
112.65330663337615
114.81669636958155
113.5627873702747
111.94057670839447
112.04937707715767
108.31498958366582
107.67906575178121
107.43180734211525
107.42698761407924
104.80172280354692
105.514250119093
104.45993527934546
103.43179298622589
101.15848568026152
102.78028382553066
101.52905440805108
104.05280823136466
103.64920072685473
104.51834059604923
103.10887971211157
102.63625182020952
103.3514764371733
105.41821573023432
103.19920855296729
103.97732824486458
103.03397020714443
103.6768036602077
107.60520662592741
104.33956186004382
101.0334991068056
101.91185540774049
103.0756355105123
99.43687095407421
98.58412190326416
97.72671267401093
98.21766876432189
98.83196129678655
100.48105268271149
100.03894560301221
99.43620098902177
99.37713282831326
98.56496284795527
97.09972289349948
99.2826139382646
99.5428574319118
99.02408073361289
101.11148494309906
102.52339938776494
101.838837247286
102.66984261167575
108.50964612563185
105.2622466751635
104.79675786365527
102.67908778369024
104.28176525780447
106.48614725812742
106.42225647809907
106.69602675185767
107.08426600413127
106.25355978537118
104.75159318376623
106.89177609994744
106.33472874866449
107.82010876841969
109.02628409133663
107.27041431742866
103.92537725215472
103.41277710438334
101.80095578973953
104.25438800608525
106.9043723587147
106.3298320618593
109.64467209781408
107.44602984825576
105.64176689783991
106.57787717294467
104.65694753720841
105.121305548941
103.71349290712934
100.85208377034185
100.5903243553739
101.22102878860966
98.14480010393859
100.32546588469644
102.29429928565156
101.27503771755612
100.37665785682367
99.2255203339885
98.54997968527188
103.02062047971255
100.58669298710085
99.13171988974304
98.0944192038827
96.67956781293974
96.42227286404525
94.7934206083658
94.82503139878672
97.70215080508027
99.236365589954
99.55880630438104
99.59080298836115
99.03582168394335
100.49317448093095
101.96951952346893
100.59348771982592
100.1508963370602
100.5080377690376
98.15077668601957
101.50697248168822
100.18126356777185
103.7393922463858
105.11667107176501
109.47893093335664
110.40161472290502
114.0310109162554
116.01433568866479
113.98591894157626
111.40105125303923
110.34323804599184
110.6591458663783
111.27588294593463
109.95230547788609
108.20581578560397
107.25236684028339
109.58221642562958
107.8058631120453
110.6011377344549
112.28614441305292
116.42529913483024
116.71824834288793
114.87087269228535
114.87704883624448
116.87591662918973
120.34511525698025
117.64198963033401
116.14891878386408
113.52757554154545
114.18999186987337
113.89576691024963
112.88793540212394
115.38436889242381
113.90967917161805
110.72391952450947
113.01912008287529
111.96094634014489
116.62840625992251
115.15805543003991
115.06237283679891
115.80952148419027
113.52104090706464
113.70447113111916
113.87250161165457
112.83405882040583
110.24029831733152
109.62775435053933
106.20671169103854
108.89701750452616
109.7313301796694
109.34761989695743
110.78544189999606
111.00565556500902
110.60774947631793
109.43311484509707
110.65852602409849
109.47301945124515
112.16176466466464
110.76281844553793
111.97451615896821
114.54381527090003
115.74925109402936
113.08121240816762
112.73286964812165
112.54717860040469
114.00068480414602
113.261275421492
113.43624875409014
111.53475686831207
111.41566918475564
109.29697623507157
108.81955638745153
109.50797973417804
111.45460726729293
109.85369949989916
108.81377352460392
106.37988093704668
105.44594399881919
101.9084431527593
100.46110050361486
97.83008519572724
102.46519409414167
103.01789770860823
103.17871856523753
101.4445874735
103.54543825398419
103.29819382641125
104.17803088341566
104.31807524706417
105.54350120998727
106.33245137848947
103.95749786676997
101.10981403528598
102.88517161729682
101.88433192187756
103.96532594922434
104.00455113861443
102.3069882684335
103.01606061288913
102.10039946767483
101.93590936799455
99.85953515369856
98.14950983342918
102.51049351128833
98.94810041387036
99.56293984344114
101.44367806487847
102.93194776024556
100.19473310855376
101.36378995295817
100.27863921411733
104.38270566169174
102.71627315905475
101.22050374657142
104.40350000705773
106.00612027276745
104.03428877765991
103.39602805515698
105.01585619016427
107.41207924080857
105.10579858481266
104.59966132121133
107.07665796526433
107.82812803220537
107.49496684368918
108.5696389595938
104.59403319254923
104.12014477465094
105.96176667483903
104.76844554800046
103.37202154488321
106.98005213076871
109.37495682075516
108.98189382013179
109.82416492438976
107.54202055571895
108.6596112752458
108.1132078105101
108.58000164988003
108.08797574079105
104.52509366271828
107.4513540943354
105.15163194735543
104.140061190753
106.30530798309802
105.47056061617668
104.53904961184493
104.61136915043662
106.79938310443524
107.05302647183886
106.62406071706657
107.19362154005101
108.70681864612614
110.54094487364573
109.60380794389985
111.13280054044287
111.56123783164288
113.32482095227218
111.78530033256291
112.68632995671457
112.75302999983502
115.76945374819871
118.52602650413897
118.69488036540035
117.39852595098974
115.95140652447321
118.26825422276796
116.36595385088312
116.94587976601368
116.92307627710291
117.37024681296796
115.13729032917607
112.63784992408573
111.17661062599976
110.92887979413594
109.72684416885565
112.78309391867276
109.27249937504705
107.18870519986982
105.35964012855568
105.00664107818591
102.61484110005156
102.28002672735644
104.44254124177424
107.133505731127
107.24485606552037
107.49504774184517
108.2443900596897
106.69429157464408
104.61306568119272
103.35255772205349
102.34197283407009
99.42201809658617
100.5491767567612
100.10263211120788
99.53167558049529
99.4323273728137
98.60409689527015
97.87915174444258
96.95206613756646
99.27826429116458
98.68757850023708
101.250874167843
99.8776123047707
99.78634923726206
99.77442528408822
101.33763721310609
102.52259611784281
103.39382248919475
106.14748458324553
104.92331191766385
104.00003196363534
101.90781733075657
100.05271202268105
97.95417731886413
96.98412488995933
97.81306087128553
99.71895974936221
99.7344752992001
99.10255215626565
102.39894047363711
100.99444574694118
102.01275243290145
99.49638583666686
99.18566432209538
101.66797184615787
100.26850650225377
98.30028268174856
96.71254212632567
96.73085451520063
96.57913102150255
95.12321794233414
95.50044253657677
93.6607067687261
95.87692358418242
100.9607261971987
98.99662296656057
104.45040455245552
107.76770284993496
113.77683409979262
113.69568217003045
109.34079837525698
109.04829264452931
107.83243792253518
107.4491899910274
105.58077818262032
106.20461125202749
105.61563550016909
102.68121231087221
99.61942024635086
96.78374877042863
100.2234143597871
100.00544115274401
100.80811059121542
100.95814459736096
100.61951482625332
102.54820951346451
99.79517208563591
99.35770666082793
102.60776870042376
101.03164569705308
100.86054539688291
103.18464568996927
104.02808236134035
104.07466186498405
104.17312776666232
109.15729422805755
107.69809680587255
107.06921738591902
111.46426886317589
112.00946701988515
111.95302988533079
113.98949867332851
111.71103584235276
110.1875344094846
108.81623951120453
107.9531019618327
107.4990514024252
108.04951469106786
107.8699958529176
106.90695134431932
108.50908398608954
109.33624114956528
106.9915005513749
107.15725922791626
106.64086318530576
107.4832319702234
105.30925397102148
107.99039010594161
110.55726024705038
108.5615099965175
108.47146281040037
106.91911668338496
107.81131379875033
108.65244572267575
107.08532081204439
107.20426549046256
103.91847030722623
103.82858067573365
103.17619856657713
104.81821599625061
104.68761181408108
103.37794757533518
103.69382809223791
102.59759845079748
102.94115517594562
99.91832077971718
100.83158519218523
101.63652499589313
98.03610274291205
94.9872433493666
94.42742314315463
92.4102306928349
94.15416059500352
94.46159896427422
93.88035483488042
95.29207386275074
94.52127833529552
94.63064249334664
93.86524959065461
91.9086005675964
92.15002526337699
91.14693751549622
91.2760138900436
92.34230348399203
91.64813596144447
92.67626743021385
95.07368472177775
94.71374530104238
93.11533970783772
96.42964353660126
96.02979638427162
97.15679174570995
97.23524645031982
98.34027378799455
97.63224991979173
100.26814801982809
100.85458911530483
101.13565186094316
101.72105368675425
102.67992674179885
100.82508961687111
100.77551271451446
104.50332596251711
103.83599923049853
103.95366377283585
108.02779411888342
109.32348335313576
108.64435856738679
110.03261941675888
107.70022010371686
110.33080637946496
112.76844527226584
112.43882678744995
114.9232232566986
115.22511081477347
112.50933637027444
109.87475270614294
110.65196029569783
112.48342139525938
111.92789157443437
109.82375550678194
112.13812286468288
109.869936860294
108.76427526091335
106.41178511511536
107.77211061494133
107.09648181909299
107.17457715551397
107.85542426749282
111.35641351093926
109.429546194903
110.7391467253367
109.75382576764703
108.51857284144657
107.61738620150608
104.9042587169879
108.242232377103
107.62798890248986
105.92060057185292
103.07353053427715
102.01209632564935
103.50202549489356
101.83051037621317
100.03849811562151
99.60426355884536
100.43317842933116
101.72992253544585
100.85690376105198
103.50171425817133
104.17134584491029
103.68216106154318
101.7415119983267
101.80291685619744
102.86886532184688
102.714332710488
110.96301210503677
109.46368138677316
107.8351983799263
106.79080334712145
106.2585014482685
106.41806445996215
105.14911971281909
101.52474215117034
99.92648600592483
104.41441814297455
106.4928530710147
108.63415679907528
109.22988726408022
107.99318169843755
106.56008479994895
108.00135603800067
112.04176271285317
108.72128964457798
108.34045338793904
106.20325927044013
104.04453488595682
105.05408093876349
104.51877672656367
103.52015479427985
103.15618666986052
106.39868935871168
106.72811994744379
106.56611983538278
109.2696800161473
112.33582451311237
110.47336770170055
107.05700108255992
107.28035113882818
106.825297520596
108.50289767822653
109.49384195150785
106.82546979930525
108.5414542240775
108.60991247734319
109.78798809162743
110.0247782742601
111.88632161295835
113.81815295885688
111.81136701782661
111.50865056679464
110.18303839267058
111.82491167599183
110.00903554361811
111.57511387163196
108.32695233302009
108.21690659871909
106.8814396197027
106.76680857007106
105.0802617078902
103.9553801285479
103.89067207222678
103.40657233149955
106.80704305876189
104.8356738028462
103.08882654000658
103.0053981024799
105.53036774900197
106.76186349242712
104.91462944597443
104.41596625318928
101.15815723182374
101.39752649554393
101.83681597389509
98.8382725242108
97.85226289486451
99.39972053654449
96.80514586101746
97.19046609508494
96.87531085260353
99.41298017099717
100.59877637173574
101.578768970524
101.31767124626685
103.26293694171032
101.666500454634
104.45673848246263
104.93652400673939
101.3192280692297
100.63516315362826
101.17587538410574
102.46354337560275
102.03286689598609
101.45295319709149
102.54263918067203
100.96939169640001
104.20996287951128
101.27170664170097
101.10322231014442
100.7914959799768
98.1536161046137
101.39587543277396
101.1467743949429
100.32832778932442
103.4198465749024
103.816663841677
103.54951414569318
100.36792304480224
99.54024919188328
100.2117655166647
100.45843317640197
101.53044656042505
99.14485423162793
100.73080946797936
100.51612010799393
103.70461405425553
103.91200628119084
103.21944483809808
101.8593205907464
103.74372603260467
101.28958089353694
104.01810173091744
101.36964889753172
101.05405548786727
99.81995760032603
101.29657694829811
101.31975295612742
100.56043393498904
97.43348937745631
97.3669226082527
98.76213187917698
95.75272395623529
97.34652607553859
99.24378406249501
98.88223194219114
100.48144319333367
102.37597238761451
101.09643290562684
103.96337319942677
104.5003341549034
102.10828641168321
101.07186850024038
103.3218855087214
103.68108490718647
103.27992717080632
103.44627038445599
108.24435275948944
107.93676362513314
104.35986490902667
103.0906812266117
103.05594568470507
104.6118159798947
101.16388523575057
103.72449825210981
101.35082726894996
101.98485446767721
102.94216135050108
101.65036646437889
104.26843043483707
106.41312190876083
104.94491629424789
103.13138577158881
102.00543206085516
99.69152695304595
101.21752761841984
99.45495808350601
98.8297599315542
102.663658604344
100.88457020992774
99.57165595599879
99.9300560570946
101.79756833825826
100.27782481649344
102.9821959838073
103.90419609545269
104.5339280237567
102.17319429364537
103.20600760527442
102.13408285641152