gamma:0.9900000000000001
115
110.66304973460608
105.89809739761445
102.10761124875624
99.19521284680853
97.64499174462672
95.94552134145196
92.91611327973618
89.44696577437607
90.40415056670496
88.82507648749537
88.56555738229669
87.326959534
84.85034753690188
85.11676780298987
86.67492838284952
86.2332851560283
85.02289939059278
86.8005098645086
86.36436597931406
86.1692223716185
84.11038207183317
83.04882170045269
83.07791151157485
83.57231135475797
82.61177162679175
83.3816504359607
84.68827737347301
85.40574986560429
84.82434794858312
82.62458520377665
84.06398095066355
84.6645407535342
84.50713581640123
85.54699884368998
86.10953107614726
84.42373556396566
86.97388753477279
87.75781507668223
90.15280156935216
87.17169338470046
85.84000000867702
87.99751043740018
86.55091292888847
89.58189754835864
98.24661923180437
98.09978702970153
95.62720733415064
93.66338122313957
96.32717844945589
95.1664029967244
96.33556425300385
94.62205746907202
98.95111918950565
100.65815059011581
101.00522230323635
102.09006425541533
98.08031152908076
96.51207060734615
98.71293415822741
98.51455157573925
98.975537538854
99.00922479857722
99.22684020784297
99.08009758750637
100.32349989590445
99.89628338147766
98.40964850139578
98.03867139564977
97.97540656772698
99.66797696533735
97.55649125783124
101.07734948535274
100.25265626947699
100.13318596427355
103.66059467750856
102.7655436528888
103.22440674519538
99.86807019454722
99.35020365722792
97.55785810005828
96.5445383932574
97.78781516747954
95.68384388209881
101.16931114754958
101.05086639539657
102.20561536541442
104.06943307340532
106.74357248297305
107.60732895013105
109.69373099465217
110.11008271682415
108.62712312693235
105.68340656857764
103.5795407567876
104.50054536599875
106.35251621457853
107.991609188952
106.19656648660082
107.94342607900637
105.27102204926474
106.29366844601545
104.81936112666821
101.34208041307778
102.3562140738722
103.91598002491324
104.21592258765148
105.58770737361722
107.45677060104768
106.42309190801245
109.47105654498479
109.9993932514244
109.0389263372636
107.91927024978362
108.44973882836926
109.52450885541154
110.91592439729367
108.54472470963803
111.6399467565287
115.79166378133307
115.11555186067473
119.7176945750464
123.799993803436
123.21906353277433
123.46248126294216
120.58512109936578
118.01717688875449
115.33063749109576
113.2851841349079
110.03296863203389
109.30779292974871
109.9278378189548
106.9825440032144
106.18220497567263
108.50282647954432
110.73342756077548
109.43526073034278
108.56650774865398
107.12370265066005
109.52892056391983
110.07884956909264
109.77143369061652
109.59521909264222
109.54656265411887
114.91240541264729
113.65010955743271
112.47330977421684
109.97937071777486
110.47171116177691
110.13600234514894
108.6821877356828
111.28911358542025
111.797735609905
111.87372636224681
108.63227726648658
108.29638820288835
108.96711269778864
108.99480419248381
108.69640119905597
108.64975283144729
112.13025038521478
112.98248275662219
114.84706382542579
113.56965459974691
116.14188738939681
115.14732061192593
113.86789496973665
116.31841170947274
116.26603762830041
111.95442606832974
115.52960188223003
114.2182078115915
113.84749103898312
115.89366851563916
114.5945394154319
114.85037453569223
120.84064593444675
120.56132818910312
122.06505637575147
121.70148885237361
125.71898230244544
124.17225063109532
128.68644060902454
129.43041355166517
126.33275282172886
125.9703473923899
125.15008530481838
125.47468608928038
123.51158428079859
120.84581268616563
120.78966815914448
121.3164580697769
122.26586851415257
120.531506867873
117.1136600333138
115.57478938493567
118.0216650032572
117.8661212348663
115.59757853870414
112.94313712062079
110.77591584763523
108.8078969412287
107.30694474184924
108.06771361429307
108.04048920100921
107.46272937686311
112.25970731190489
111.99232331245142
117.49314790075505
116.49474386306923
116.80801839667873
119.34688685286245
122.23732763270233
121.10200825459106
123.95915179170522
123.46642985632911
125.49849695078966
125.54460293814539
124.11495524110481
125.72628097740758
130.62723300515512
129.65644705182493
127.62713183214372
124.80822787765499
124.30268409633983
122.30429369083468
119.4577906668824
118.90732121100422
116.70887081610942
113.43352174814875
113.57432578336521
116.48803085707152
114.84831115992083
114.94471421394918
113.5467949003085
116.55413736141992
116.10434645047319
118.01874856917325
118.13219968971131
117.09871274919718
117.76182427772693
116.2810575688726
114.09092867298972
116.52214571571216
119.85234976876652
118.79858651662111
121.57340835732685
119.26343476132467
122.1145002613581
121.54674436727286
124.35923546653206
125.09528713840423
125.8674732016112
122.14088647652393
120.57434541822276
123.19196148865964
120.98211851772423
120.48921129016765
119.36746338743565
119.55642567205061
123.21374863053052
121.74945840515123
120.14784769303601
119.07176514396023
118.76198292488307
116.92691115420013
117.87665032077457
116.59148410281433
121.65378879100452
123.25975578683368
122.45907240678311
123.26645373958708
122.28220378765951
123.42607802673128
123.48121132010564
121.70952938552314
126.32914219409331
122.87932143988328
121.55532083179074
119.93954099941097
119.68923674221104
117.81179002174973
117.90796358213869
117.12806680519833
116.15660610969665
119.62354750714753
119.63164634971552
122.11237054323308
123.7655141801582
123.11007140626624
120.7027277691261
117.98687027344731
121.92481501531698
119.49299855715104
122.04947064230039
122.6443471826921
119.69133098408592
120.50391721082869
122.8367546230605
125.270687286028
127.89801589316171
127.45070272372139
125.4002947770049
126.16319722354825
125.29989685082144
122.57280843934882
121.98923825729813
123.32275110973933
123.39604617111034
121.76175463353668
120.35526589005379
120.44859965065102
123.9621076640552
127.54458169931127
126.09459691093961
123.92111202826601
125.44105390975466
125.18439632703796
122.9695189005679
123.31182563230072
125.42321598166897
124.52166310542984
124.9375006194584
125.52928793474018
128.24255465361585
130.4357001572749
130.2543028571903
128.34197414154136
132.0301470271103
129.97904102712346
128.82031652320072
129.52483305753876
128.19912001539421
127.12287237796416
123.04731347094787
118.50931109021228
121.29155882408989
119.8973451749733
125.32046832820805
123.65910514170827
123.93688390005383
125.1785667541522
127.81213425416564
125.49272153074931
125.83227050909608
124.63202743879702
124.16545309748328
125.14038731434175
124.63343018612422
123.4014959806669
120.13944230504546
119.84798467638223
119.53042235357314
122.83188612456856
123.10910577652574
125.87799027519411
128.19681452074528
128.3398652807168
125.43397758725382
128.0130713372702
131.8688599947104
128.83554270892884
125.90836757103474
125.5718206807006
122.53751121480765
122.96441240087697
121.56764646268574
119.55663131181258
118.52626881201284
123.04260498250882
124.4862419267836
119.14048202449946
116.54487165483502
117.79429731638278
115.99306591440639
117.2212551707977
117.72931910748643
121.72056872920656
122.08085450440275
121.75304562343429
118.49628121123806
120.76421955697847
118.18983924912962
116.22183578090039
114.70342305460251
115.24394645715356
113.16378121410202
113.29105178552518
114.881714879913
115.02972556634465
111.6406442654249
112.5152764106785
112.08663277920641
113.84336679359582
116.8038629604827
118.25423798909206
117.32000044233776
116.6466512049381
118.69360924761538
117.08088714053062
116.55570907551913
120.12087913680269
116.20186547857882
119.15100453152951
126.55584548983131
126.92622569420514
124.63053068788282
124.37644826279212
122.99644064850473
123.25613581687492
122.28999544401906
121.1651267816972
123.2511745429202
123.42208442783209
129.55599166480107
135.87855716218226
132.7989232805167
130.8598335598294
129.41499365694594
126.19682051047143
122.98894529713962
125.9205958222867
130.35663098038611
127.8709443263805
128.19114492878134
130.04090600982602
130.31497199912596
131.61566540618364
129.16156865006732
133.0036101332049
135.98789157966587
133.52822451692992
133.64897293737533
132.56077544468988
130.32036300747671
129.467090753107
126.90024275589099
127.41149621236191
127.5726125049635
130.60233372983458
129.6640403323701
127.86946218447895
128.28514900869112
126.67348386610776
124.2103585106658
123.27719231067087
122.27183401732731
123.88260506368715
124.35362338312486
126.75682703362693
128.93131089878796
127.94702278194308
126.65218054953377
125.57047842066275
122.0399840205807
118.98642722133329
119.11764177729039
123.42574459996688
121.78542642200179
120.67982666300652
124.12771141039276
120.17868722566637
118.52064718086673
121.25628020981378
119.31808809301558
119.59854757003248
119.69207431462016
118.27883879961978
120.42594638830508
122.11801860315494
122.53155061920003
125.88951828242261
128.02840178922406
128.27735602435845
127.30165322730824
132.55285224684206
134.6581680804813
132.86715461975342
131.620736313197
129.73506236730796
131.94216852542846
133.266420943209
129.97532723275265
127.6500607814914
125.03733410000716
122.99659388316863
121.95014655189857
121.06284853207877
119.63680223803755
118.57468254978764
117.62952584303837
114.73094532335216
114.59092859637873
116.26435906300222
121.28683076848458
120.66615055712695
122.93227670139969
125.69846907905331
126.27065007318276
126.14168690440297
128.12567089072738
126.8850234663029
126.69830290466055
129.43536198375307
127.37871761201643
126.70160541888215
124.44616036009218
122.28722400960883
125.05425629978093
121.84078618184166
119.54706989445806
116.45397226751818
113.79465132433688
122.04340619798033
127.32048545444081
125.35838256037445
126.24189293538836
130.65220266140346
130.8971141286041
127.2020934977397
128.0498916814518
126.49502594718597
125.57608712261631
126.09336001414655
121.15313960644714
119.96123524230573
120.71215242771866
120.03009014589729
122.23529158777502
121.93037444495667
124.49460658351813
122.69298294408449
125.38456813275563
121.24606552388965
120.18279430687662
124.56650364499922
124.52706648953063
122.1647596532993
121.71789251988443
121.88964239013714
121.86391366685426
123.6920755581558
121.96124063297779
119.14109552904809
116.77835741549143
115.49318955873942
117.67602774771589
117.38527371061126
115.61416149396254
116.55179716040213
117.91155645424749
117.42888932144369
117.4400370876238
119.24891902591855
120.29608145616683
123.01838210950554
125.689455977258
125.10880249987441
134.54717126914966
136.37615299753668
132.39348497724617
135.5914739287979
135.22286514281072
132.70402585770762
130.26704009487221
132.03129186024836
130.6691770180413
131.1672895635108
127.19998071418125
129.47033913095171
131.45225494851798
132.0179470240135
135.66134631800682
137.9198387070106
137.79305668963457
136.99314221082602
137.63525569749504
138.87829563931425
136.3438314194934
136.6324968516394
132.58383888567113
129.0456254547017
136.08348548825737
131.76301430134836
129.03581331637295
128.6998809934385
127.30690113414208
127.0547799189885
122.67989488274351
123.26356047520953
124.12861564971028
122.99493721457337
123.13771192756792
123.8949689503003
124.86263781525028
127.34131504115246
123.51622575690206
126.38123075539029
125.27039231386776
126.39836825272708
125.09837382781151
126.93640750723975
123.96820119052927
127.40014711137152
128.16672424799833
126.1455670164808
127.81148563664179
127.52303073301374
130.46561682790994
131.94323726437153
134.58703534814185
137.46808376859843
135.73080772152355
131.42145244142102
129.40899178601265
130.9639976952912
128.63958854798807
126.97289951620527
126.85404798746939
124.76685718877496
122.55190979995399
122.58256766623428
123.25071086286584
123.44940934922353
122.49668699009743
121.64559060358957
123.60311647650221
125.85432464342755
122.96486128591107
118.80211204150785
116.87949140148781
115.09879962086409
113.00528919041429
113.86543275498134
113.43795735761175
116.69052127258466
117.37296759580695
115.99026443492693
118.55142257279783
121.48367043599596
121.1966512333581
121.888590335062
123.20782070227044
121.53813649771612
122.63959477111409
125.76208898316807
125.18791184404013
123.70259596693089
122.73992832284995
125.82417826291692
126.9173683145387
133.78207375384034
134.5000919359888
130.9012936391639
128.12092835955198
129.0256041820677
130.74315335818352
127.05693834196742
130.09199502603556
127.19072606249466
126.11165246787667
124.33155290758344
125.78666170435324
121.70203916413229
119.87306699637567
124.25564829267512
120.98787702427839
122.48359679009673
125.17948252041057
127.3576152120351
123.86489251547835
121.60086096006003
119.4878885235618
125.22209027952933
128.17814498934257
129.10624118469894
127.31727564421497
125.93773441859122
125.48522371165744
121.74799006184428
120.92749436788287
120.93132296064334
119.48461004499026
118.082672539041
113.86199942672896
110.80894270968399
107.4173755986129
103.18814293760772
100.46676186264656
100.88316942702306
102.71543951736528
109.63182690707538
107.74289112819199
110.67801556261574
110.62262003519135
113.82561804116031
112.6176022365509
117.8859706016466
119.984049160177
120.75415821745854
121.08904503255008
118.76597520125544
120.13964099060804
118.81596505421413
121.32168761977239
121.70207680603755
123.78883462005142
125.56416506089838
126.1833204971219
128.68698323243183
128.92823732281812
125.40049199482702
126.10340558708187
126.24859357766597
127.45364485575202
126.05406609043258
125.80913339230258
124.22252752055483
123.21913290377611
127.52916338170166
127.59275751381921
124.96712817955061
124.51296810843999
125.61236958098355
132.50417816576677
133.42048142216308
129.19404434674658
126.75270667155955
125.75903308519807
121.58608077335028
122.88053537312258
118.96526224479447
121.48020484281065
120.64069175548549
118.38851358444809
120.0006267748267
124.4359623875198
122.62890773110794
126.11312504732297
125.1797402032689
130.71229961877913
128.40946354546992
127.21160646830046
126.55199378490401
126.48932277237657
123.53653311934738
122.78596338155792
128.75647452637784
130.30663180553023
129.11953086232177
129.92886061707748
127.29537055115142
129.10807996882016
127.60909846717038
126.49514515209589
123.13976152720338
125.91704561819495
122.87184778757265
123.66996509273959
126.35790413734298
127.563110841528
126.86182149715144
127.7436636145721
125.84134839526968
130.41576893317537
130.16959350622045
131.98718499130558
133.70996073487694
135.15645680129208
135.1661422410468
132.46677754070816
131.6035452036788
128.07297982850832
125.7089222189064
126.3136787879228
125.75418497658556
123.95126547778148
119.96218400302602
119.43556365042416
118.52012915194406
119.31709190016787
118.30400412482035
117.11227917637923
116.86105252854883
122.22678874336464
123.20364849204394
123.47395124110265
127.18468825174205
128.61969315557198
128.28272761617612
126.23338518650102
123.1063884070985
121.13133635659108
123.11499115645817
125.57345440729598
122.27806029135029
123.12087352649931
123.34857401497578
127.3597787113329
125.91841631779914
130.32452487870512
130.34111826815263
127.9879824684067
125.42153210851183
126.17644790480014
127.97344422518219
126.59682047952997
130.68754695541418
133.46266305034501
132.61710093881052
129.51483130218438
127.90332328158337
128.80008287578443
127.78028932550224
126.43194059622084
127.80713197234294
126.06197004420746
128.5799575457632
126.83248058310157
130.37491594848873
133.1272297490604
133.53100666187808
130.3126550344969
128.11797203112016
129.16802067487527
128.86739757382614
124.62983249524362
124.56451980846379
122.8389729854182
123.10438085555215
122.89875693194229
122.254259026729
121.46799123163107
120.62808564107222
120.59746965428327
123.49948128079077
122.31045717415972
119.73417506867919
127.04182275894026
128.09050674590821
127.55706066146011
128.9275997971826
129.33425628522758
125.471373079501
127.26858994845749
127.17076933640955
126.87258073207298
126.95244728724383
125.30507045031828
123.77161447866249
121.87031644064682
122.33155393258032
123.59328256185813
128.56291957237482
126.16484720729893
124.40836527811427
122.46258676168836
121.40196253260461
128.3878124160853
130.69626826110942
130.29694587399385
127.19053960769449
124.96894633756274
122.02248193652683
122.60840535394952
119.97611868341353
118.04861666464319
117.890004316116
118.70179715017801
120.30374077230017
121.67217747578074
121.32857032018948
125.00605254347379
123.96694840795368
125.79997701618369
129.28388443772897
132.34391639958238
134.34589892445786
136.5753599036204
139.39259734905787
134.9614994388131
131.25162169768748
131.6826459156901
129.9771565617092
127.88255085762366
127.66256225542699
131.69918255327437
131.77702987198975
130.9547592193641
128.14297130699472
123.98061935800015
121.73913985878855
117.9438765605717
115.0070110318538
113.4392333221396
114.56963425050185
118.92034239990798
115.58291852930118
114.03583516965008
119.88306191274869
129.27881539196633
127.47845417753118
127.51461968558006
125.58816638689532
131.71636845743492
126.06306473653943
124.60434307975355
128.1482614322819
129.58850440530122
131.1497502001337
133.0405059045909
130.2550052032185
133.08350722300082
133.97770882354013
133.23913275966504
132.18342078029687
132.94867407526752
130.99624974401016
127.6152546655985
123.13418051601161
120.06577095286092
118.76444002179277
116.54979745422575
119.78700902519975
118.921108210418
119.13641659008879
116.39003283067854
118.606393828037
122.66017760333476
124.03982159864158
128.37658426055023
131.18053105161044
130.90817338992684
130.06231518557271
132.5548356929903
129.9430810165209
129.1853461866628
133.02671376586756
135.89102084390538
132.06371060542085
132.6658586569458
135.4314695475261
133.73999534915848
132.845342491276
133.01697655515
132.84132379625842
135.06316226667664
133.5372830448699
129.96114565364624
127.27132952033523
135.81536470907108
133.81372233111918
133.61301610839033
129.7619692645587
129.72420622794957
132.09504065636773
134.0493629991308
137.1542162804177
135.40713288208138
134.3393539511236
138.48636703408047
140.3990988374239
138.75850839378097
140.39267258601888
141.21515111708524
143.2691302786175
141.32085533499733
139.41579609701208
135.80906538210758
132.15174772617033
129.26617213551046
128.68949064361186
130.0367792385974
128.39055154812124
130.82441480197627
128.53626467066493
126.89856727834831
127.44033436349315
125.08023839663831
125.69573463527904
125.2298642497962
124.74345803798548
123.43742980056605
124.48533243062836
122.69828920369802
127.14589482697677
126.30287601449024
126.68893286214886
128.57670091750475
133.36289446265545
134.82383748182454
132.73884607717667
130.97914313961252
130.80933020325645
129.62611630740204
130.5983465033307
127.94810994792765
124.40925247498511
123.46177498416021
122.03868186535236
119.85255364202116
125.5038650705133
127.20441007420376
129.47647518666278
128.97354572234437
128.78340864916947
124.67002795512491
124.70183224805919
127.8833894403305
126.74562610714861
124.69825075528789
128.30710375991933
130.51615627758113
128.66871163343973
126.77906849186002
131.89147045077019
134.18316038628402
136.90464667609393
136.6082103029521
134.7179682992787
131.45035819188502
128.4651397001042
126.23468731140376
127.10563368103632
127.53240633209933
124.8234494578985
122.96685672020244
123.14706218958679
122.78984855441844
123.10949850340053
123.63969420722107
123.5766952497934
121.66460780443423
120.70636412373834
121.70334664820686
125.63599128605298
129.08096186471215
129.2131593231641
128.1438851570128
125.85470156973007
132.90763705993845
131.99043941574993
129.26314470245748
127.04965464828754
126.2498112666081
127.24305714348701
127.34011774781055
123.980898472403
122.5119793499635
120.20111776909468
122.03158730000193
125.03292810162866
126.5390415608333
126.54171513021512
126.53245079881235
126.55249809459168
123.96791896284877
121.93412412815051
120.59672519055624
117.86644266925695
115.4593442067163
113.61709677160052
118.4419513441062
118.75600446431284
118.2743879033548
118.5730888019935
123.16046152512114
121.05278059504613
120.86217288202954
118.86938574411853
117.13584802463764
115.98200017705894
113.3581159168853
112.19749623593376
108.87422419695523
106.23299675387759
103.11605497909672
101.6728621685805
103.95220720063227
100.16951532194275
98.64812113483679
95.75200405387676
100.1171240501286
100.40649921579161
101.31153961079605
103.73303644672929
107.78116308273592
110.50171705214153
114.64372820592138
112.81484983780186
117.45911588184032
116.85573082827473
116.15612459672472
117.86513508490063
116.8732487380772
119.10778665366703
123.43739477941459
123.0923474204413
123.91656216367359
124.79091061467103
123.25493271519083
123.50176847198163
125.74205104617691
125.20436235627147
127.7415562831574
127.58083203325654
130.9267200288951
134.17098573589672
129.04272537518935
131.65927066949916
128.69603935684768
131.4406338875907
132.2513022928343
132.6671536941804
133.2119651192735
133.26382980841473
131.8827267234006
130.48966355610173
129.62851735822397
129.97352831458588
130.95425502989576
134.29634157749422
133.0610263789495
135.25252702539538
130.4908734536217
127.42727771983918
127.71272500697776
132.23030609719382
134.2107037306671
130.6431768320304
132.50686817132265
130.16723582000932
133.479459239574
131.8313152939558
130.7146091977795
132.0167503322953
133.4820867005794
128.95306598842845
127.52360937048357
127.67751447616527
127.72235611312425
126.01976438147736
130.6328678315404
130.52201547235677
129.35241179068552
130.1738856935291
127.87843189782075
129.41056358427147
126.99715736857323
128.5654148180711
126.51560464556212
123.33933392061952
121.9923824806736
120.00430032103264
123.24668424719411
121.73554758424022
120.60622642439498
118.8683934329829
120.52309230987979
122.31637056011166
123.25128112143119
128.25692485890343
134.16101078434983
138.52096501761525
140.79327881047735
141.47239354938785
136.56827594404106
134.53916354449308
131.24293877915494
129.69884557604507
135.6696700065174
134.2521333713965
138.25673528276374
141.05310192069737
139.43032421844265
136.71810086532219
137.15494044011942
134.72922457059664
131.94865386252684
132.0811131843616
133.05094721968644
132.55638016169058
131.54833836122359
128.99704410216094
133.72366378519257
130.51842245577006
128.6714836773216
125.96013639942029
124.2744847785833
123.66667091776908
127.52480844985361
130.17892938678034
129.50077642531141
128.16904911654262
129.5250329272343
128.7943727114333
127.96745386176029
125.62775532383709
126.07273156941852
123.88707614483378
124.10769752053191
120.57497557128578
118.44685479167126
115.75279048630824
115.97367561503195
115.77199281331862
115.3444311698349
121.10045040544883
122.81298069311632
122.19916667488415
123.29818038194986
121.12387479243533
123.97650982067496
123.03247427754842
130.14760586867953
129.14292841553763
129.0330050062046
133.18196442916323
133.16956102467068
131.52662175660836
130.39604694067387
127.99992974415288
128.13671047823127
126.96942263648306
125.63456892726093
124.1401700626505
122.56942484597108
122.96187626278835
120.94474848424997
118.89554015761293
116.59260218013067
118.64452643596806
115.65662843046944
118.14196943704874
116.41885335627805
113.15174312411489
110.86132794244445
111.65773248900152
115.02143347731648
116.61422833739239
119.28566929409102
117.76998602397387
118.71042276438456
120.17218381062595
119.52425044971729
121.42968276997924
119.8380124783624
118.90691932502278
118.67805925687802
119.01206242043236
119.9880194025774
121.73782622993026
124.51818361985536
124.34708976738608
123.37720379288184
122.062407632986
120.84980751986895
122.27216850065771
120.29677013331418
119.02168082790128
120.57620811594415
122.51934807515414
120.55539903194752
121.11388710321215
122.92614259947246
121.10002638972261
124.00876772491672
123.64850181477108
126.74310394095035
126.199857440926
126.83214065731984
130.24034369734156
134.04205822828948
136.8568814716225
136.46882224438008
135.72597821269713
133.61589671743022
130.80538220112564
132.7192189811577
135.51064302797806
136.50598156617193
132.18519765461357
134.46676409127602
134.37696867898293
133.71438501112664
133.53314456395339
133.99812653011176
132.33053247360158
132.40567536573542
136.02910906319647
134.6322443430109
131.23146408169012
129.59697383381706
126.6798773238932
124.73655971573716
122.32522549842899
119.78110425465697
121.64614039177448
122.83448326742638
121.85459607806422
129.07352019391055
134.7976113574259
134.01566061756256
131.94591424473606
130.34045041248373
129.33684334933193
132.6895601378742
135.66370108643355
135.49431466270045
133.70102175735616
136.6293334180416
133.27221887204985
132.19783847832966
131.9832433977768
134.81562459832443
135.21259418847123
137.19177735936302
135.2852873372843
138.8938289821604
142.85620811109115
143.0799726598481
145.86533655504317
142.05826173805602
139.2801634533191
137.29862294693524
135.71071490613795
136.6934578833681
140.23242203480208
136.61764718328857
134.8888569370195
131.785526281865
129.18261764313075
126.6538458293738
124.9288016622532
129.11977707157345
127.09484255863694
124.77153059678479
125.57028816024756
125.37699276342634
124.95268713675118
124.63823499914399
124.31388744355331
125.22143886368096
125.6712005840029
124.68393638351972
133.87701465233494
137.17031100558788
139.1209599864011
139.05826437979744
138.93470348295472
138.24944697313236
142.89675657644452
142.4772070769454
141.362217582088
139.28251283776632
141.52147313200186
140.67155927318532
140.0950303288641
137.66213966952822
139.3707609190965
139.96531944645662
136.41887474685973
132.54696312843475
131.47873690403262
129.89012274535375
127.96345761543752
126.54501199668468
123.29337718296107
124.40298112815171
123.36869740456041
121.58908463418952
119.89259940586322
119.25925400836995
118.27873949476975
119.05157461799844
118.82690242633895
123.9875053534732
128.58745612778904
129.78640081381303
130.96847390009214
134.62036864666223
134.99315210933523
137.83920556178262
139.2125388521397
137.81188432936278
135.8866340929884
138.4022306561133
137.72097348639213
136.47948790932958
136.7346186973284
135.89155383512474
139.06510566545134
137.35137327630022
134.25855997302702
132.18217647121537
129.19920978610463
137.80938797779834
134.98186097864001
136.5406493361602
138.16900850190834
136.2983051641637
134.86716525690025
133.3874602225773
133.9162731085723
132.36977139176872
133.86760362994124
130.16979456097644
128.3848376726093
130.28645925290908
130.1569799145896
132.45464218072738
131.0184298022744
128.73838408064537
129.99689238942213
129.25114281722858
127.0184334537856
125.55196766313595
128.11253606986
139.59717343567814
138.9454304948794
141.81979289009067
139.06843554923756
141.47496599183188
140.6063267230405
138.21726365740196
139.52940235331087
140.51206643481962
141.57986667874056
144.76053039707145
144.74236172441377
141.283380442637
138.0608576532286
134.42139557486024
132.83733198719037
128.28514347317582
128.35324032128088
127.00414402872605
123.74452024231131
125.3226520217455
121.62332429155695
120.0987677572456
118.89185282940625
120.35714819397322
120.61365867298011
124.49430464588906
122.36806397556113
119.68199870865894
120.47535311068795
122.9092731212524
123.91048969628896
124.11205689688214
124.41520911022855
123.01562645003244
125.53478795650669
126.97097339966405
127.09283255982373
126.59854314630368
127.33475070061972
126.44013762909955
127.28854793542165
124.4918472415684
125.50225969789385
129.6601180481483
132.76617782157473
133.74715173486635
131.71288268934015
131.96741314538377
129.77531083766237
130.50136339793954
128.02041399028607
128.92111763996138
129.83143866175936
131.95089650125337
131.9299479080082
133.42823238481367
130.7196184239458
126.82807976183368
126.12757724506923
125.34366165813749
126.78493716315518
127.36556814402253
132.7890938018676
132.14124892522295
130.77543812723422
131.56832326433192
130.77166580136745
128.48273686897403
126.69961724486443
124.53571824729093
124.62415032449549
128.67714789532786
126.46476653843975
127.18903290872422
124.58092528166509
124.30912083913113
121.52300211668533
121.05163006794228
122.64827353248322
122.93726030291369
128.6009780690721
131.91521276324366
133.4944677880483
131.78226313198863
133.27850930052466
133.52317638568675
129.4423449733938
126.35807094642833
130.2518683719561
129.37906434538812
126.08704529691524
125.80437708242185
123.91284562066029
125.66276873145188
124.12733135059642
120.74375731981594
120.98643714197252
129.47346616545303
131.12065012486855
129.02819750777465
126.99259013254367
129.75912300389996
127.70090543819867
131.05600603186477
133.5007395637202
131.3657145159899
130.66834739882924
130.81265399624806
128.60101142972064
128.8278285382377
127.90534647565391
127.75686604518397
125.71479586867845
125.56113187336832
123.49231713011623
122.3990570658834
121.61891260240822
122.94746523514284
130.9539362016263
130.7039530393093
128.9295433374471
131.58440494116022
134.31856565656142
135.65203344789273
138.6164629233591
140.1625671962848
143.75069596227732
143.7840218604349
141.02916598373204
139.75838067283632
144.2382227518358
147.9573408175207
144.34712714746604
140.5999960460365
141.13307181979582
139.97249572096206
137.6073976221945
136.51266339065452
136.55295520003372
137.31895042984246
137.9090150445881
138.83708272832678
140.99539217188774
138.53090724368664
142.04601830264482
140.52398860901673
138.64488497381797
142.89965134237366
139.8328495135615
143.26910263358985
143.96752772882627
141.6347862726081
141.4266040794899
141.91326678299902
136.33766221019113
135.61080236694522
133.0774628053473
131.82957546203124
129.75667749491683
126.29894572775689
124.21775741479661
131.48705389908474
134.67397816908857
136.37331051191555
133.6906482853025
133.6490309841999
130.67681649446465
130.2378048861382
129.40616014985068
127.68313509834783
124.64697974150462
120.68842467005118
125.42386162079711
128.24323312834883
130.5844880795867
130.1562566704068
133.61274439578065
133.47825431727313
136.62822972751326
140.46095787974468
141.77090606665894
140.63627505069084
142.2532597184555
144.7768088602727
145.17664033748238
141.94616750754176
137.96156481806494
138.96764905899323
139.2143850739723
137.51002937786518
135.5229643924015
136.86379664182436
137.59581701898435
133.90619529475197
135.7393981381101
133.803701340806
131.26086481850646
135.81864508308118
132.81538906995445
136.89035526449518
139.11625300691327
139.94303747606835
137.03767312996902
137.92315470250347
138.9768195928009
133.4870671918133
137.065376722966
136.65553027535736
139.98843333487673
139.8803047104784
136.28609158315166
133.29567548986182
137.01428440845527
133.58543321422187
130.947877198591
129.58307369617398
127.40160645229689
126.32846081321097
126.4898247781893
124.80253542877198
124.73462370015892
121.31101864974404
122.19681889478522
126.56821787434397
126.18682600011779
125.05275652053876
126.34886675804847
130.2363839968811
126.69068116637769
131.43185545779602
131.98023982695466
131.54496137334522
128.31077854183368
131.22790511650288
132.92533815503015
138.90136167582307
136.1140090502996
133.5727060582938
131.55502004045655
131.54202364816842
134.9280152505957
138.6861585445096
139.31863269094148
135.1399133422618
134.47125552290848
133.0288851248736
133.08518199522035
131.46846496446557
131.64932873285196
133.9204525142023
132.46740881347523
131.25783741406528
134.52632344204167
138.54779201730219
144.54995805083388
143.66641246241537
145.69568458852245
149.59912714452798
147.8628881696438
156.00245243628308
151.86855794173113
153.13553878102363
150.82868398941648
150.58398034612412
151.7903590483957
148.80922259373153
146.91048379338451
146.29076086291903
148.17946096375795
145.9949052028064
142.50345458358984
137.80424302373092
135.72967869299453
137.08903235820412
137.37863021866346
138.33405797225817
134.0881895055809
132.0065589862098
130.410262623762
134.1128985283266
131.6071369550126
129.19486295356867
128.81090719543937
129.77176454113624
128.56013412567467
124.68897075153957
124.23896215375034
122.65698126303413
121.85810616680985
122.39205290400021
121.05111278996004
122.81189679238815
124.07863602533051
134.3182763303434
132.15329058838597
132.77015080870865
131.93135114507987
129.66455883015573
129.19860690519783
134.0881089887457
137.14034783648086
139.83867866441454
143.97949710942893
141.54860999422115
141.5757991884701
137.29018528990656
134.6089032990404
137.8315560282232
137.90817830482416
134.96471296214577
135.27242205117147
141.20282304817732
140.71268543833926
140.2758613529805
137.76258325904567
135.68213342707125
140.48814046277565
140.83943134821905
140.74009885760225
142.89574090857766
142.04274565978181
142.23151602981025
143.71958189766735
140.22706919788538
138.47425540789246
136.59766156810207
140.87431794836868
137.66277471601305
136.51936135068323
135.19846314055835
136.63267140567058
138.78413755316276
138.4207270936297
140.21598201592775
137.6862121914875
141.38559568144737
137.01074043626522
136.8614202358194
138.31141100738492
136.4904078347312
140.0437403967495
141.46349023197521
144.95479361327529
143.50329797936354
142.9367639232906
146.897363402918
142.66601983259469
138.14971056853275
143.70562290456377
140.2740928707143
136.72108794710405
137.00620716001637
138.72676192233533
137.98305674311854
138.04896443774666
143.63239294337487
146.0251189136529
148.04902201426216
147.99282346901487
142.54439039454334
143.59686222114618
143.88187679102555
146.87034392412716
150.14018583782615
152.00162540890418
149.8104688942721
151.3786258839859
152.37366443822577
147.47303443086707
143.60381756611076
140.86608159401214
145.9497319717138
144.9333128246303
143.72033283604486
139.33239786647007
140.12502859634876
144.6962191995563
143.5179146061187
142.45280926490426
138.41306622044357
141.82138045545742
144.53508740804637
143.763147349916
144.6503526169405
149.7407089631938
148.76731352859676
145.7211052048516
147.115904072689
141.88780254442494
142.3711056395471
141.03296529625882
144.31943871349836
145.3460708465317
149.64584939381032
149.7722336579941
146.85754943122188
143.2778425294231
138.52877305151435
138.95840975996617
137.4759341453741
134.9183418326782
135.1820939381807
136.12924421145115
139.85425832136383
137.1686587018405
137.9466653995013
135.34133440338599
137.49435114097685
139.08774391579405
145.97324413189574
142.8027973740393
137.9444294139542
134.951438135076
134.70533344471116
133.92449122461284
130.66833085019238
129.4603293790032
130.62047575387544
131.26851361156454
135.93001007165984
135.34937277045915
137.44215029397367
137.43305585674008
139.76792411323618
139.1162579754097
135.46976605688786
136.60084043189374
141.63332957370145
143.37616817408275
139.715076544444
138.01763852176504
135.94351428651072
136.1684978071995
136.345008476882
138.29088847347356
143.82977777822137
145.46310647085733
144.60200933570573
145.4587025754779
144.39784936720062
140.79325946450447
140.43540467382144
142.61282927989814
142.37867212430515
144.59125119431852
143.15889628362294
138.96978190429977
136.61349920331014
139.6270718328079
140.5250538065809
139.2836591534573
142.65401056107493
144.5239094385211
145.15760580186745
142.64034891120255
141.0916229992193
139.8458650179482
142.96496160637935
145.4677575276159
144.08878140262942
143.15096830753404
143.51878474889608
142.1680017914979
145.62942554582813
142.06285757388906
141.4062903640567
140.35339967768584
138.45027032856123
138.61251907229203
142.2656132377119
141.46163980374598
139.38274801131988
134.62864346521096
137.3615487951021
133.9636137160914
131.05725247228597
133.09990424400698
137.09818886840102
141.11840892941282
138.43080202054082
136.32983500913443
136.59284664738308
134.42351091525404
133.27722569271413
129.81644706304226
133.0947191950925
134.69067653178845
132.3964406834397
131.28928358704061
134.3195708259541
134.12342928536663
134.30620159311877
132.41816773165638
130.507452326835
134.14785665352812
133.27653495616212
135.96698045978337
135.7227331533705
134.16971411734824
134.81984402062457
133.04624533041132
132.04849391358417
130.74865107216954
132.54220873074718
134.92121465456017
134.15588709391054
136.1648002618849
138.95673476539253
141.43529345183615
141.86766496180525
141.1318986679667
138.7921878821182
146.35733359913752
141.290663575241
141.21064003835517
142.03379475766897
142.09415674208628
138.6208110797172
141.88323867215
145.07242421646203
145.65095211543493
142.0072003422905
143.3695006286794
146.20030035408897
145.94984373459454
148.33846973838942
151.65505453427323
150.6687669643664
161.30314213992105
157.2845156950312
152.11990071820597
145.32736061899232
147.48464847289657
146.0631323981942
148.88983589268256
148.93441364951948
149.88916622048617
150.88363063747306
147.6699647755356
144.94006834487183
145.04058410631734
145.0478220670716
142.13218225585686
138.38401599580538
137.93210029027153
135.76142262981048
137.78274224255424
133.72963620544508
131.01196759455732
139.73866144935738
139.28291592788403
136.05358581493493
134.07080359849877
132.34759308840944
135.0617733060102
133.07673696517423
135.73947948094053
134.55317433707555
140.81900992511785
141.9572415101548
142.68571180177722
141.33007557448707
149.546917358789
147.65721640000834
151.32068350087462
148.66594851325272
147.89408217342765
147.63072654813402
148.7197751569699
150.92685158811125
148.77183837821667
145.11449320957195
142.76752539375278
140.6981646312512
143.58582040610443
141.22526217821937
139.1172698414644
138.2848325671993
138.61405457765935
138.23805541540008
139.21101587169244
137.0908025065422
134.09762715733368
133.87476880127858
129.19595031641018
123.5684029213676
120.33963516193698
121.94519979190977
122.2070563706025
122.77324958890433
124.84524159885882
128.22688590460288
125.90635029204971
125.28698141244993
124.03702251484135
127.67650017897112
128.79265366054238
126.10890140650834
126.30921147162698
124.40872931518177
125.99785960258974
132.68421643338957
132.1249331030606
132.45757003150987
134.0431583579571
135.629786634175
135.63405788032395
136.28377524310756
139.10495514592048
140.97579266029913
139.67532240910492
135.98664472133729
135.89880492155356
142.40542441845807
144.60225399773347
140.04382695514713
137.4550899333696
135.04946118468268
134.05693246681716
131.56196647187835
135.1247412611577
134.7228493483325
135.27446686547339
141.4012147040825
137.84591586348847
135.80023392011498
135.49096452633566
133.8425688241943
134.2912448025133
135.08403770834667
136.4482768901229
132.20639256905704
134.02964933600143
138.52685535863247
136.24649861853425
136.10901681776062
139.60303808938735
140.74949249812087
146.1794407775342
148.05262675284882
146.63333276659077
146.2526913023769
145.12417104568806
142.98402305152553
143.0275009471739
140.3288059583482
136.8422710443868
134.25429945880597
137.76162216131925
141.37961409570786
141.88723893507066
141.6866428368585
140.03259844200292
136.52258992670832
136.48190070003963
134.56342874677796
130.61617350426943
128.76718206379155
129.50731253529383
130.18276952132373
129.1800220805986
132.76476290418046
129.44021714136898
129.2514230107948
129.2703518351419
127.26979120380223
122.941383967236
122.79264085448305
123.06060087259797
124.65948205518957
125.3566423347631
133.2484306871816
135.1097300749666
133.10573288624443
132.81719160015135
135.18468534337163
135.87356084738255
139.23652103303382
136.93088008270823
140.3825943903863
141.42607399623068
145.28243861425108
150.25036259754344
155.33614404091074
151.85408994998173
149.80191572737942
151.53181981432513
149.6678171240558
147.98125515482243
143.3114314119259
145.08668394382522
150.22344781737317
148.26073784208182
144.5088245645068
143.18021853029316
141.61651685659317
143.97683315863316
142.5959072283571
141.9883772498395
145.8171662464679
147.19829620986994
144.82789463405325
142.40952883364972
141.26039928123967
138.4429577705434
135.94759048437402
136.03877874089594
135.05381364123423
134.58228075380867
135.59398920381014
136.97064935125368
132.78333205745147
130.09423037362126
133.5213319509155
134.09994684992373
137.16472825457615
140.99003997764643
138.07976781403107
136.6300401938419
139.6846777885372
138.85165919302153
143.89450238915705
143.94783428043843
140.16902593030036
145.16216523182177
146.83221104795507
144.13299525170572
144.8826896442636
144.43361343487294
147.81956772055293
149.05135101025232
144.94399535819065
143.0585592759987
141.93956358888386
137.60216327462655
134.76267350096603
133.44321968785354
132.48127422032937
135.0156659361332
132.91523869884074
132.1031159621812
129.60599628812278
126.35692204836772
126.23803309626386
128.55345791829117
129.24110041263907
136.13830972311658
141.20538732517122
140.89620781220484
141.3468821039339
145.12107290503343
144.0032243557295
144.52081269913904
138.77518929471537
138.15126173161602
135.4661273384174
139.52365647866407
141.80231808494028
144.6035816780176
146.9195571980053
146.1400486823624
145.37464913909872
143.8968393367397
142.9983325764538
144.4886616954222
146.2307678954833
144.58003362199264
142.44329929170215
147.2389374692465
144.2013432659994
144.78214211286513
146.09799114923783
146.37739297392176
146.5960474785177
147.71767851057453
145.77234894302217
143.63734108997076
145.13417423156469
142.4747771988448
144.4232673691187
147.7288637742584
145.98211330556316
142.49216174145542
140.9952603888591
141.75289213501972
142.7016186588923
139.52948417618268
136.49759103851787
131.7706951669397
128.61998516860243
133.79386063855415
133.44168774021622
135.34211168965098
135.0901276035789
135.1027899202564
138.01832124850972
137.1229586179502
137.0806113964475
137.4368423055728
136.9731093596469
135.07048663196798
139.12807827975382
140.68275564130585
138.33920917501823
136.1576659705693
133.20366897383843
131.50854557290725
129.93469624969188
132.0862758030772
132.62832944497964
131.80276009543644
133.50648760575967
132.02706212655676
129.67660353235112
137.702943119545
134.0990164271085
133.87029216400416
136.13557715407094
137.82734175583212
152.94741237219526
146.86791276437597
141.1687488515477
139.1984100872352
138.4403848584708
138.92607132355838
140.66732467474284
142.16609669371246
142.59298787157306
143.80012005531526
142.32909983334605
146.55144227084227
146.54889402974547
145.22126436043317
145.52070985231157
143.42015878992706
145.79750319378172
142.49688773559183
140.56386026559326
144.60081983128825
144.84272292758428
150.3986034932659
154.78702065989577
156.19301321255335
157.71989548122065
156.53716359984367
154.72238658713016
158.05184633693656
159.21627990682336
159.21255109708233
158.79176759525592
172.55663213927517
166.43127926016382
168.61502284674185
165.6435741123577
161.47734988687606
159.73684860595594
155.9439625226451
152.52721524844344
153.94099360268126
156.65983208993651
151.87750591085276
146.87609680453426
145.27890155982269
144.99498527972082
144.18235668900124
140.47622297131775
139.78270010234368
141.29931126602972
143.04215727411156
142.7921624272164
139.0354590701764
140.9761489588156
143.99343422919713
143.354206006719
140.55003856438287
143.6365990004835
147.82059143569933
152.2887528345653
150.22886752047276
150.12434808921827
148.2282701623229
147.6514067337981
146.033520930768
145.51874904233077
144.95108676597155
146.15137191189652
143.96073270838903
140.73734370746988
138.35896746089253
138.79550782023918
140.25050279456545
142.5699073583398
142.66202718511494
139.4876881480478
142.08426649185597
142.71728532256336
144.22561519010526
142.77336720953414
143.32303937661013
144.5911241625912
144.43632294436466
141.7655148858984
145.1619945989187
145.59571074142312
146.17051671231866
145.0890629204234
141.79679877421492
145.0950297149302
149.91874552727023
146.12421429773343
144.52193053446427
142.4484222392336
142.18367035377815
145.10488902971466
147.71270763127964
149.79309214017863
150.08635245502768
150.38907695041848
151.66828710874324
156.35006276534943
156.79736587612152
162.50923313868856
157.967714608801
153.88167812221437
154.41567845851807
158.76205757973855
156.0643728384655
153.5881619919636
148.59716130103067
144.76550571609357
141.1966162572314
143.211391129882
144.16713050632634
147.77041620866348
143.530256171036
141.1659361421963
141.509045578954
138.14938432554072
138.5441671108775
135.83393432674117
131.56456464843131
133.40862545589184
134.40491320803588
133.32413298807091
134.41995440255332
135.292530239078
136.94477379531912
136.01973727460455
134.098901484867
134.0857159596392
133.43181934782098
136.22975339856046
133.37485230934828
132.63069439542352
134.23032743028432
135.84241404920996
134.15424638502935
132.84106819147215
129.87562986745473
133.2060482041229
136.75678768598917
139.7286929627154
143.29581813694824
139.67370429293672
145.11411410401686
146.11691385144866
139.97298143411317
137.87463026792818
144.51290630212577
144.40863025964546
145.0166286393043
145.22554547386645
149.2528989485289
147.56478674664683
146.78834194834826
152.60364028344904
152.8288818633995
153.1342387913219
156.5072651750211
152.87691431304833
153.161867823714
153.8215090170077
157.14700487924281
154.71917544003918
153.4888869705116
155.03935695512718
154.54647340301423
149.69454458263237
147.80080629175316
150.61117403802155
147.5849305764354
155.11076949755656
156.49991816133286
159.6722690104278
156.40392987623824
151.75014601501573
148.16249549929557
155.22001947567261
156.7299382540937
153.2496200278726
160.86600873331298
159.85158310590626
154.11355199478672
150.76837036703128
148.32642187750753
145.32623688045442
144.05669347772613
139.87033187519629
135.85177525833842
139.24354637402695
135.764122145944
134.40779227241626
133.93347704931386
135.02920617749845
134.07487577917829
134.8161362845379
132.56862534822352
134.43112096733847
136.24271629586534
135.46986939856905
135.7214106360688
135.67182756451678
138.1537631581907
143.68413513784188
143.6266372541648
142.45282901798572
141.67971674055045
139.58837064301946
139.45469619477123
141.28870450669504
145.80889204823438
148.67933047111714
150.72139659972626
150.09484518940806
148.90840325541578
147.519646041602
148.58604378948297
148.362607062649
144.70413750320927
147.77421433729015
150.78428545438845
146.38658814729618
144.73020794178996
141.52192229744293
142.39961523183197
142.1977178257866
144.45992079872553
149.00546151845316
151.85176739580416
154.0968085261552
161.4294381060006
160.12328338567576
159.4941511994432
154.11903216722055
153.53520363796568
148.07920655006077
148.69564267806163
144.5706641403312
149.06933270328219
147.11536733406777
148.22720099582253
146.243612851414
146.0063079474842
147.37367138767388
148.50295351301207
149.09102246468132
155.1298768733368
153.32446424254115
154.32711145313937
160.622445145071
160.05429564311274
158.68266799946932
160.9119494474763
159.91639318434522
164.94662656177752
159.07986267315988
155.36638685444237
153.8426835859236
153.0381402377487
152.67896553788412
151.6237896966814
152.42604823184564
152.88887675437167
156.7990581105999
153.73984012946818
152.87527415509643
154.83384174092458
153.29869239329216
148.07845784627762
147.42935914884282
145.9425783616246
144.67092608019024
141.7964042632852
146.32789274873238
143.02051860576893
143.08791932774847
144.9141333386006
141.1127883619701
138.12139054277085
138.31609450155298
140.51897843612633
139.96408884588504
136.03011150228525
137.40210802129687
139.45617027729145
140.6483137139748
140.77205448903598
142.6905749128838
142.98165570569665
141.0730821418746
140.89151455938247
141.36935370586144
142.41941661807638
150.93113827112893
149.20044156886968
152.80789168554819
153.85345003483192
151.5882520555219
155.0138667496482
150.75484850965074
147.07035171044055
146.58341036043024
146.6450472444263
146.03396022259147
148.65649916935834
145.8562215597008
147.06648061015537
146.123614354604
145.58788802029696
145.34073439814765
141.62471189538567
143.03801080931538
142.06808446733945
140.42637313620287
143.69969704214097
140.845850977053
138.8772488341835
139.17631829149525
138.59401122177937
138.49571573553712
141.64160291387972
140.88599974339513
146.6278846366641
147.39377464832592
148.8245715628304
149.60030991434704
149.50973222730474
151.30214542624688
146.39818685478093
144.6416340522278
151.19989207383648
147.24362907137416
146.7720493987213
146.03877282024558
148.2694368105205
145.90041187552382
142.74561467111064
145.39564862076853
146.91296958913662
144.23214499171186
145.82854548347467
148.06212529235702
151.82926958177055
150.71073364350147
148.67174831130703
148.1182663957418
147.59981283082197
144.68561770453704
150.71701925265307
153.2278597876162
153.05697914819282
152.57334889700923
148.91872887510718
146.51003197120605
145.59935183763912
145.044025421604
142.5824122917107
145.30862501345584
148.53552286296613
151.94836546535743
153.91708260816407
158.04406904045402
159.39592566138518
159.19881629201183
154.65599733473175
150.97998166428826
147.63436030777004
146.67717661985478
144.08277192284868
148.19279720411348
150.62165657476163
148.41368291345236
145.14411960949292
142.30337374963324
140.9880989173742
141.70905006253562
140.59591971443115
137.13243293275897
133.17284505743348
129.22845576614162
131.42102415404094
132.743839369993
134.61968953832175
134.81166688376615
136.32867487127723
136.7528757447559
137.49128188024983
138.925258984083
141.64390814123027
141.9966153449224
149.4584299939699
150.30597698651783
149.8017794059111
151.20710091830063
154.83351615025816
154.70596440447213
151.92285520380227
152.11413397619654
151.7021435609539
149.97133138537166
153.07354961633203
152.2073427033568
154.00869744513284
150.4887508508661
147.10023550986892
145.79007121024878
148.27917957719492
147.14313329424334
150.06690811695543
149.78377676416508
147.88349617810536
150.23559227413875
154.9071977839565
156.24741520686598
155.30039995676862
154.19898728313197
153.6645483288729
153.0705017810689
153.40881075832147
154.66545298151203
160.03704265624611
162.8087461002809
159.48809636658808
162.69713721647886
162.47702381319596
163.6721187537613
165.30769046288844
163.46243752251783
158.93372631682584
157.7377179265303
158.02224133448155
157.58342827646274
156.7530034520186
155.38633266406887
155.86673654082495
153.94588058693643
153.6966430892748
153.4504715224668
156.11138104355982
158.6696408564071
160.95077257100687
160.74044162924855
161.19889275558404
162.4088093578596
159.78095603236403
157.31258021139857
157.21239895757117
162.6068245920292
157.75734807355798
162.00886259401713
159.0132247784522
155.61268740504042
158.32169848974013
164.68135782642202
166.70754409391571
164.57453411348746
161.92117453733124
160.55125031607022
161.40248800114583
163.3588348240398
164.12804686986874
165.09285502973165
161.41225567745337
159.71900391157868
154.0040620329991
150.37177760364966
149.99546455766853
157.4356185333125
157.81971404971003
160.0801626488637
162.57005758480977
159.63437365476773
157.32616972917984
158.34622916105732
157.7907871947133
153.54536804982328
152.33184659973978
147.21229412315986
148.53160531291462
152.00176754920508
155.74860303197653
153.9028121265118
149.44662961979375
146.5631991383634
144.51118750726587
148.49087473747497
154.9953845277626
158.8143408994705
160.19590066238655
158.74166542086616
154.76288127845163
153.89012642975698
154.51075801708416
157.27429045849894
158.66349540787755
158.31682596549538
158.5966869796029
156.8886195809015
153.11913049648868
149.92633804656597
147.63526648787635
144.5080187742478
146.264372868882
145.70989193799488
144.06070213689065
144.4540322674719
145.71828345056483
141.95467352152758
138.2208394877714
134.7411827637898
131.7329986665714
136.4017746490279
135.40541636598985
143.2433824059346
146.5759574204807
151.87817412960166
157.3452010950035
155.8008383080692
152.90671065438517
152.08802251940554
151.14616893650478
153.49539950018016
152.70286921338308
159.15492054991418
159.97413698223465
158.33809054230983
160.61070104556964
164.87976041091588
166.69539607838968
164.09892874206508
158.07506101763562
154.91815790794104
152.79496631666538
151.92135192396236
150.53880498853002
154.59850693885764
159.404732513661
162.73220387548125
161.11969879208365
166.51050111240542
166.86458967006305
162.02360291021458
160.9835727415241
159.32622047263678
162.11557221138304
158.13648907532738
157.36417419130473
158.86609537505933
160.33546855196425
167.01739403625788
168.77662295740248
163.59643097642794
157.50048998997082
154.1203559158083
155.66395415566808
160.74591946337065
162.823358601405
156.85699206568685
153.8316447976452
155.0524829201952
160.5617481170028
162.77689029996196
160.2754774348639
164.94338338637087
162.9337757629834
158.9340860445274
156.23499948499673
163.39796352205497
165.92254260121712
170.11491390690898
169.69236631596652
169.02558353466807
169.10960206264556
168.38316173107665
169.41060605349756
167.20073646451982
170.59050696107857
168.7058389442267
168.82710726534265
171.38289113193608
169.16185471017266
173.7747696062099
169.8588097540771
170.39587819847924
163.99356015482488
160.62751515980946
158.77289391212452
158.6645369661692
162.07494183654097
156.15279645961343
154.27438969055675
147.6210025762263
141.0618365045878
134.63532678214318
132.42705852528235
131.70910434772748
127.37480898579828
125.52623791992882
127.86664026345456
123.51704288925713
120.71980904906397
123.17859828145697
122.03780501511788
122.73389646747987
119.47532738922025
121.93409007190552
119.8251611623695
121.18613880669079
123.18756979904872
126.88413567095003
128.233251614896
125.6625755172195
130.95398162942655
133.19630804054532
132.83464748580673
135.7135675546281
134.17259709945625
135.88750557931385
137.19211651799776
138.7326862552049
138.1203436718016
148.380650997736
147.50270080874031
149.79659444847343
145.0852644062857
143.96051659717276
145.26744454417374
145.39862314312464
144.99565528985437
148.39276707397224
151.03749101884887
148.74495256299883
151.96392135862376
156.3269488710805
154.32212791706547
152.10998562853527
153.9293396758898
150.70763602935463
148.4812371485211
147.18191037724353
149.44718674110217
149.1110386966864
145.25790538530472
143.35317305492808
143.8655057852243
146.49953483197308
146.72272813030676
145.0776751026479
142.54223533677364
140.43206454063625
139.31093615801063
138.86299860942464
141.5993326900648
137.5096452833351
137.6981478215556
141.55827222275815
141.17679377917528
141.91701838816184
140.6797517486489
139.79891362934052
143.38077638264565
144.62555831711708
146.21223243580508
141.95917168398984
141.3926165889965
146.7984573600538
145.51228595713715
156.82097064221438
155.84715230969428
157.27850226763104
158.71104141693698
159.18521385866234
151.96590851380523
149.103324215243
147.353783534954
149.7391401539702
153.39790157640041
151.4035461979984
151.72077788273504
155.32383414600403
156.67601812630488
153.8476003928631
154.9487569291496
160.48759803425617
164.6487849951086
163.57160877575228
165.380337619358
165.67725960235072
164.38967785452505
162.20097662632745
170.27293946137007
168.98212937163132
161.10765553728928
158.88658848995348
159.71885441379888
153.312008864267
151.7086944884335
151.2660335960918
149.23788736937354
151.74420649923098
156.07571026967003
154.12564440749344
150.43344317229565
152.6320254038591
157.2320946925155
160.2223080114494
156.6875226980285
155.16628658589784
156.80942389809078
159.53229497626725
161.01608219446967
158.79929428310277
155.24270848242375
156.692871961768
155.13878512764336
156.29970067067967
155.13262553022287
153.20392877797977
155.24781302661052
158.0531120986171
158.22297439852954
155.583550776155
151.62674957508088
150.35488797678192
150.34179719337857
153.6225890902188
152.19326859345878
157.20082430476396
156.40661022980336
160.10495811196412
160.9568501432101
161.6493013951346
154.88345083618108
155.60931650069818
156.30258198714833
153.82296859470867
151.79568618985056
151.8059086077319
150.5797078058802
150.7940640865153
145.6057841084747
148.4139935065349
150.91778046263437
155.37440315296192
157.88839687628976
158.94710025897044
157.8960611271233
158.47550245904333
156.6138927063713
155.9912468044532
155.20575236889306
153.42950166002552
154.44693779809333
153.01094558316137
152.33578138512135
153.08535216793405
152.86005153944612
151.20019992885588
153.77295970914798
151.75749614386146
147.90344222746177