gamma:0.9700000000000001
150
143.42315493792464
136.22187846064818
130.43282007857343
131.63229125082458
126.53874247512427
123.80189350222085
123.64767656905524
120.14996864072468
117.657398573273
112.38735084738673
110.11683478277469
109.36516317889463
106.27796755183468
104.37547407887963
103.92646398995109
102.08714076630682
102.10294519872991
99.40105082754275
98.04283327331216
100.96158276355139
99.31396812631428
97.45491537252187
98.19938372028598
99.45449461481219
100.77337823551913
101.40204665743288
100.6796100254222
98.90331529844308
95.69206957990976
96.97749721736257
99.00900228139538
99.27312234450326
100.7592132792896
98.64786717659608
98.68627123694293
103.72535059544937
101.43264288117902
99.99980790758767
101.23512634898789
99.87231088883873
101.06230682524127
100.04494584025677
100.04845807256258
101.13980072058044
99.66118323763479
97.78658052914986
96.55518100797833
98.91679079481762
97.2692125940867
96.97730956001747
97.27819901486646
99.70516467298089
96.36528670759081
96.35039986477238
97.46298564521862
98.1427573905857
96.67908397708868
98.0885417180702
95.9055140787326
96.27088110061983
96.75587997779263
95.86557831278766
94.32456454860193
96.40279251249228
95.44737756588702
97.55075345456314
99.36370807232456
100.4687265654257
98.79297513566692
101.67256490276843
101.05266885321564
97.44374612963074
96.61584913310983
96.72381858251792
97.348641576055
97.60044870816205
97.96395063154444
97.58105702101628
97.80176586232912
98.41127480017629
98.98331326772323
99.07492797425317
97.68485750149925
97.9905793757145
97.49498242827029
98.88309365453709
98.30422905246634
100.9826764997612
107.30012881900323
106.1002196373482
104.29624790224663
107.83583781152274
107.19835545397963
105.14190120490264
107.31511476398623
106.56149495990775
105.91533926917826
103.11614029104567
100.68239922440644
101.89487702349582
102.73381538844217
101.39832846786359
101.00082771162754
99.77282439047787
101.06536253809043
99.48632225522707
98.5007472747559
98.68764862760007
98.80016096127888
97.10843510003272
97.04123454223341
95.52064942018384
96.8929771750586
95.26485365909318
97.15671500993854
95.95037224018176
97.68738634646505
95.70675138946433
96.95120890832418
95.65302811597626
95.38012744659324
92.94850522394078
92.78555728921248
94.77728568351152
93.70248986377403
92.63950421310554
94.92525259883719
95.37311238976336
97.00883252915801
98.62989041976434
97.3357428185869
95.12015085904052
93.88329167752201
95.58944504151977
96.65017935454713
99.38630765530462
99.67824591464914
98.45481777935913
99.78107095654383
100.09500714239117
99.43348396683504
103.80246762448795
102.09145413996076
102.35454290676822
101.48554228904015
100.66256497259958
99.62373725025701
99.78725830853568
98.35460466484683
99.28332496773594
98.17670773875076
98.60256994057707
97.84194154655401
98.23172051946115
97.5333165426383
97.62703516266556
99.5426166794141
98.70992349558203
98.94744403659197
96.66536735605186
96.26128279854966
96.23619679798466
97.55255329005207
96.74033767440135
94.45041890829849
95.23616316491042
96.09457535536401
99.2773105520859
100.83315962825262
98.48035226947599
99.14013827488706
100.651725564827
98.0655223753591
95.22697785297984
94.03584634308089
93.41720421504787
91.73247419244267
91.49996979301802
91.99444989730502
92.02130367622759
91.42240707934681
90.92543365353237
95.44912175684213
93.28341829275381
90.64507044309266
90.47302980772476
91.12189028409085
93.73605244865271
92.36553179929314
91.42230775831379
92.70790902468657
91.94858308446507
90.70843717811528
91.11513138904098
91.69059651655037
96.21064740599776
97.67367311179734
95.6089492110652
95.50102243752364
95.60272314708315
101.77105779036552
102.26268173773586
102.37143620389806
99.4933710129345
98.50051631414293
97.97790794780542
97.84750995228474
99.32295578147767
98.14021147129425
95.94048511817176
94.86259359729551
97.34619011796437
97.5506625321294
98.68550414874016
99.48243031649764
97.83082499315925
98.81222241848418
99.13940234010552
97.36876875785119
96.25200213590956
97.87009026315381
95.63000834293344
95.0272801512467
97.00968984749835
95.47857856241997
98.87208051261088
100.1177127953277
100.61893379262716
103.41362861052532
102.03275018825948
101.12025820381484
97.75657391018142
97.72547252709126
98.78259896052636
100.47636875926169
100.69381055624193
103.35020259849415
101.57991546958537
101.60146444517628
101.15903746479339
102.52568151925885
101.63188912017546
102.30544772459785
104.86692671540912
102.70322033240569
101.48834424092861
104.59644896297786
105.75719847136061
107.01942384154461
108.10597101020743
109.42559515160364
110.64094811715313
108.43864728645539
108.07031733806826
108.84696179143306
104.98792440777929
108.01187120619092
107.08304371873024
104.85909979105362
102.36759047433726
103.90627481016425
101.77409580942665
102.60016223608028
99.30332332915164
97.56273640933321
95.5135809973686
98.25157609232633
95.09553167230972
94.83878750549553
95.69606257444234
95.81360147321648
96.55045982697798
96.40707801546723
96.0216786832837
94.34674370480398
92.995734586763
94.2099053933832
96.84459096908992
94.57364776008176
100.12489143318659
98.70819166097571
98.2405845059992
101.46470713241894
100.85075985733417
100.19564813505929
102.74771986416904
103.96140413763904
105.7777002622412
105.36001669438174
104.19749803996959
100.54502930886584
99.38675633520734
100.75327092064953
98.42000554063131
97.18724093746897
96.93697312527136
96.88817377390129
97.86222994018658
98.90588218831667
98.6826112384975
99.8244554621389
100.1686341550148
99.03904115318912
99.57463684863208
97.21591027290786
97.6122100441947
100.40645189054464
101.65667398049752
101.17535347272845
100.12949935160188
97.2364455592199
96.74959266919801
95.03461418617779
94.39453158815348
93.82232119870218
92.38609924289662
90.23133806470247
91.53523903851485
88.34860725197983
86.87941388030592
87.5479632295608
86.78742852692851
89.70265176815101
91.26749365248561
93.7147022013414
93.11056174548162
95.66208195238924
95.56295174085544
94.13921403229236
93.9207372720124
93.2737544492781
96.61312256089117
95.21246555073935
97.65228733345279
99.85387036881724
99.6603416085895
97.52789930370017
98.86159845460121
98.47113520799019
98.59956895235051
96.46942343343336
96.66166502967798
95.8066024262691
96.80334293115854
93.38559903578725
90.01574884720492
91.0593242008063
92.09458119753631
92.8457950520001
93.64954275487261
93.73204628594236
93.01034324355938
95.24441813446333
95.30184054657519
96.34799537571507
97.5663604934932
97.40191105544748
97.67736302211864
96.83016027637989
97.70866696025259
97.87844209233516
97.04318458725007
96.91387227183849
98.90115821216358
96.15202291957654
95.5695600432501
94.68965324687832
93.97018288683432
92.49208641612383
91.2355583910352
96.27151653659122
100.67026737780567
99.98834966316043
99.56862737017559
101.06174430453237
100.84470657234137
102.20483901871798
102.66375799735377
100.55389427568257
100.80287359550323
99.40479966930378
98.21668680099164
99.7651309981915
99.44193993065696
102.24678139157922
104.35751940497636
101.82008521812926
100.1703201540169
98.94302190733063
96.78922858699796
98.44748222066002
98.83865918914829
99.40648097445795
97.9230580068007
96.52453095060062
97.51748992878325
98.47799924412482
98.28897051220726
95.5011834059061
96.79294090692488
96.92300457952385
97.66474800417507
98.30455058357767
98.70133390656069
102.51404868321656
102.50337399633361
102.7937789496927
101.87949180115001
100.1656871731115
101.3463770430012
99.34672917867418
97.26415462094756
97.13500671087613
98.85996299766346
100.6169728508891
101.25108440233113
99.41723064448882
98.96396746616787
99.2051739481313
99.56999954238746
98.85461094841857
102.65676058970882
100.30739102949616
102.4459923634831
100.02023059778296
100.7390047206479
102.08824936943121
102.9135050883573
103.09622141587923
102.63779570577876
103.34003576173555
103.0496658637558
101.54534258934467
101.4588360918665
101.37761810901964
100.49102452909887
101.40457002958867
101.33341150243822
101.213015456311
101.98091598831562
99.48334507769032
99.4394085082977
96.69080841774361
97.41051731684496
97.33807083978317
96.69217130618397
96.75419098799664
99.57098812829761
101.15877545456938
103.30895211409491
101.3028685007247
98.91819482753165
97.47414316251225
98.11029133459046
96.49072734008777
100.38776835048851
98.61513343642137
97.94673777874718
100.35945688094085
102.19767596976108
101.70439778671052
102.00694892614928
99.208455375738
100.44918648292555
98.77411427727782
100.16042415638638
99.5037813939615
100.78096410229124
100.38154614641991
100.33095959623371
102.4674172189196
102.75358708900609
100.96895740393113
98.2326087955948
98.54185344715329
100.42702358672031
98.22256548879592
99.806630562317
100.13250719788584
101.66807730264668
98.37431454080874
96.24845242525592
95.84159779731729
93.85190742270193
92.49528760401445
95.32306531929197
93.64143289810136
97.75700705330767
98.47039486174562
100.89526301318624
98.21245765440722
95.83745499893776
97.61705904814418
97.28533603908957
97.12522539861415
93.62166792843237
95.52388945692697
93.12116842991671
96.21410357360298
94.71533986915477
95.9250616828044
96.84035019757196
99.81771609414281
98.28399725717367
98.82716117743531
98.58507736071344
103.28789658239361
101.08133976180581
102.64763948114432
101.20792962107477
102.10133547504662
99.06678582042325
98.31025738823155
96.2517786814283
97.13193549694844
95.07242096717641
94.94460471638358
92.69091059717303
95.30538943242092
96.44044282492686
97.40764752250269
97.87000504980784
98.89676816225167
100.9967625268836
99.8819594728689
98.88984985915063
98.6169236116521
97.82246453391798
100.18762955246795
100.33667357219865
99.81378736462892
96.89099435742935
96.58807777045253
99.47342207957136
98.98553380335889
101.82519934635876
100.2880457879117
99.44807338552747
98.71628409756667
99.1049706390128
101.99610846481004
104.12576408761491
103.8323188521887
103.94011184653222
104.56366734563697
106.47657674762979
106.94332515079883
106.2544885078671
104.01541446022559
105.04206877127565
103.95873866584758
102.5095002120042
104.65077962315475
102.59135038560865
99.94519215633808
100.37688888407321
100.55767370281589
100.79938999625381
101.36732998985923
103.33369746572625
103.53467481659045
102.30032587621265
103.53344977184564
101.99949028030835
100.63296190658878
99.1659973384154
98.14792275797922
98.23289816339573
98.94064644024132
100.26873589440731
104.08500011787099
104.24664584329253
104.64565833889614
101.07511242886893
102.5337120988764
100.85271875977055
98.89244885648262
101.21753114705774
100.00351070903106
101.46946621028546
100.29640418154335
101.68289510230561
105.97171006720147
105.24121872912491
106.490377637663
106.39468655718338
104.8668961885242
105.54558167161001
107.00496383431212
105.1400207027652
103.87556277920952
102.62693624950143
103.48732707277105
105.44328515224284
106.00085940830506
102.61225029700935
100.76802028942299
98.56478002053639
98.47306248579184
97.2612392132098
98.19146364179863
101.39533241442705
101.24912715661918
106.06778928381115
102.82425186989619
106.362864418159
108.0389681143148
105.0923979616049
104.06399195787786
102.02793652879635
101.93103198295135
99.46379222283059
100.48560788710687
100.40800251626355
98.47880340890394
96.70534269911478
98.88024568307169
98.72368259620546
96.1069030280667
94.51505771336336
98.76649183103805
98.45735697414246
99.10107962530694
97.09192865030346
98.85848710645755
101.56969100689882
100.87991195976632
101.23172678701542
98.21889460995014
100.47080267241786
103.93890016745517
104.47124111226172
105.01156881135196
104.23746441139147
103.58875945227052
101.18811652378115
101.59991394706007
102.70441212852025
103.25619720953985
101.20200248896873
98.81801069651041
100.20695320948201
98.57852433352092
99.00350036478737
98.2691237029083
97.41073217842813
97.15965386774361
98.02862508807547
98.56064015097775
96.42177963739209
95.43934340448217
93.79524776463697
93.92598576925204
92.25771659111328
89.77373018732283
90.89589221127186
89.85424476180188
91.88624475215222
93.6700582266261
92.15096523501734
91.68408576481329
94.39286029325946
93.95144192374138
95.4430116439133
95.72565606912086
98.53001091833171
99.59619837821116
101.6310922618981
101.29977637561831
101.1427197394877
100.23542260290888
99.50631594168057
103.55822449266422
102.55731864852208
103.18962486786354
103.24690762432886
104.2666074604023
102.25979095899083
100.8168010466246
102.03503730957205
101.60940824312483
102.9427463093677
101.80768588832903
101.38322375658535
97.95786665320418
98.84989675480605
98.58606723586081
101.1793883825015
101.87211898081735
102.67983495979264
101.27754206871701
105.64486535351243
103.7911544034265
101.84980416219413
99.24333822302272
99.33520383143481
98.17068439799718
95.20977086862854
97.43812698857892
98.80842220795051
101.33081927305759
101.19311023858148
99.0259259575964
100.08711235385933
102.56679090130547
102.8038539813683
101.35017043112728
100.98510543975672
100.35258270838767
100.26448643504732
103.29848576796425
105.8417657160789
103.58191562749522
101.14924652462027
101.62600483784864
104.23403789188913
101.99113647069689
100.30332615222193
99.99750425485294
104.9897091293477
104.11452418761597
105.30586911674791
103.98892997606671
104.36615731043153
103.61517919044071
102.06796009898329
104.09807742835444
103.17722934748979
102.71139369255691
101.8238245372715
101.62246546628771
100.35639344996794
99.09597276445767
96.66795443681998
97.91760247922751
97.64322257859082
96.410591338477
99.28819872006865
98.80590906580674
102.39645064256466
101.30736668576043
104.506140674337
104.04864902698706
104.51802458826282
105.07784060305654
108.27311182998254
111.43393440911589
112.16219557347887
111.20428338313492
114.44803807118339
115.72986096786427
112.25277343313108
112.84267178527982
110.35622096184287
109.89367444579788
109.21574971087774
109.9117914550299
107.66971295155687
108.51188553391339
105.239747183801
103.77534151256775
107.36610207065074
106.94459107743278
105.64748719531234
105.6170635135511
103.7441554827158
103.76390623273183
103.31318960469511
104.40689305391311
103.2391778498568
104.78129856304477
103.96610045413381
104.31395625318027
104.24060606027362
103.17909062198154
103.52155972806754
103.24570333257893
110.35000593659964
107.33461945366793
106.41413314125694
105.6694623173233
108.3977030966898
107.04193752797497
104.01244077357175
107.06120676361262
109.1315758494676
112.28310784915553
111.19195051184924
110.60941946149786
112.51452256204723
114.23789220535109
115.28503007164402
114.18499528712942
111.3465686811057
112.84290323729311
112.42313088480485
111.51121407365639
108.18129433168377
110.48965387656588
108.8360086023808
108.78196837333448
108.09393743449417
110.7838943569237
109.3328803916684
107.08189739088317
110.31036551388485
114.65691651950675
112.36831235259415
110.10886682082001
110.04185682504284
109.60271083155264
107.42494400931562
105.27282663742396
103.2653621511865
103.31001480065494
102.9820649402673
108.68347793331641
104.06954151283652
101.79651510130209
104.40141003971895
105.12009099619507
105.78672362141377
105.67265288062318
103.02096953496667
102.765533808664
101.11694840932525
100.63528749089546
99.90005874306831
103.66326368195595
103.19358044280095
103.9191095117334
105.59341927776929
102.8729018524001
104.35147902712325
103.3064754656708
103.85515152852568
103.13642064894697
108.1782731504231
107.1370172277635
105.38496821479936
110.89441459781736
110.8299776240307
112.04180724383154
111.08922370090694
108.82510558045159
110.12865618721551
109.02916613203205
110.18210280959738
110.26706123565212
108.19210369135386
104.21253063847567
108.30380926026338
108.83432442324676
109.40337572527832
114.0788449026742
112.53190613054898
111.90940795100786
113.68009667197673
112.81901150357595
111.71421098053068
110.4569584257642
110.7813893952183
110.10024963358858
110.09510343073393
110.0109975155592
107.67123484510032
106.18515657504204
103.11005448261278
101.87418280888025
103.04017884700593
102.63428416925416
102.38085235656277
102.48458625253998
107.29632160407897
108.86882572432644
111.45028383630027
112.84627945667809
112.9573660123762
113.22383775787546
111.706818639905
112.11494101357323
109.42990592723235
109.9868164522754
108.81336082878643
107.23085333675166
104.7307809687491
102.99755929987951
102.4161281252572
103.43533082301445
103.34097459715593
101.04325651452092
101.26891322855415
101.22339477684433
102.86308445326107
99.95573658575422
97.57176726255123
98.6154411121475
99.15485555102028
100.49536084119481
102.79144311288907
101.83785063445431
102.24387995927869
101.08309856165005
100.52688303490586
102.32760998861603
101.32996112558554
105.4130467463444
103.54422382303817
105.82625179617418
105.67575859507416
104.00240617273529
105.40867860493077
106.26936081018745
105.08707488848957
107.04405162176975
105.06280652627787
107.29339909051649
107.34257097639635
106.7877191188217
107.98327827389008
105.33411429581773
104.24463137703448
102.9425366042927
101.84814454449061
101.11513269120434
99.99230128699249
99.71542820448565
100.47421330115593
102.40768881656537
104.08482638104337
103.83043587173606
102.8850379251812
104.61098664449753
104.42762285523928
103.30364290321535
102.35570489918331
103.29783529542937
102.24067275072629
102.81237681641129
102.4610205586026
106.17932464459025
106.73257201155057
103.69328272018792
101.84217345578323
99.76667563292507
102.04029156903975
100.79181916613936
100.82922558040755
102.29155631108942
101.73834614701613
99.92203588328914
101.57202141914503
102.59905265096036
99.45497612945339
97.6730777755527
96.38867997221764
98.94331954003529
99.5331450487218
95.33693519517293
93.0279243534055
94.59615789076739
93.46651742017418
93.47028230084419
96.19644712869781
99.4104106589256
99.95605419055542
102.46833544107311
102.5518696116405
103.42944989007655
103.45460801436396
103.32939786243381
101.85290264734168
102.62069078337333
100.1504812973664
99.47797103094994
98.97113429235127
99.31667086403853
98.54752950247686
96.77291869408752
96.452947560695
97.16542686208247
99.522207794573
103.91457314051827
106.43326696898389
106.04898508860968
106.4263987746711
106.51497525774539
104.22046198194113
104.18536013344493
108.84646037665202
107.56670959939252
104.32103239045038
106.78056856996011
104.69251406451724
103.70057753833318
104.30576674428528
105.40671561337827
104.50419198985168
104.4349059902324
107.29947645537713
110.31907314484927
108.95861865540627
109.40613932825667
106.27508317229488
105.68936784825499
105.4848150580144
107.77759938341421
107.4568097336847
107.21891198668578
111.16575328740657
107.45761630650983
106.81035526975568
109.85042431446058
108.0032114916931
108.3125602856956
110.97017521948102
109.49948438301485
109.18974108674682
108.7936268010236
105.17496288309755
106.84067636972104
108.55601255201042
109.51422285655336
109.56305862848254
108.35930539549743
105.71858465591406
104.44719949272569
104.60155361434293
102.46360442202648
104.4757523515014
102.28277760479837
99.58908454128093
100.3142406528898
101.81326403498927
102.29526715483803
101.53709603837869
102.22162116551885
100.04464637012734
98.54734918699035
100.98323624073181
101.50451299781683
102.92618121401416
103.21103498563008
103.42354475269569
102.11756974062317
103.2867209545173
103.29157699431991
103.05886174924916
103.19298392956048
103.65405850139246
104.06368980187891
106.18379688559405
103.45603928906293
101.86978784267863
103.74994990505341
103.52419855566258
105.71166034562845
105.61234959457664
104.19477431829355
102.93626918802508
104.62204123772219
103.48502418106763
101.09608525484356
100.58465448891721
99.75011438008734
98.00630155192275
98.91400855732915
97.39121296806866
98.48486959229905
98.57049256884194
98.3524077165984
97.0544239902744
96.11508056312879
98.62316966630583
97.21376019773881
96.3783066242869
98.59230322572778
98.21785959770709
96.01542755734113
95.96539256695617
98.43136971988167
96.41484445682272
98.84623890229543
99.5637268176771
100.05794441141697
99.40307097822829
105.06797967384297
107.63068280984535
105.71661275422782
102.97183338898043
102.91199834065607
99.86007351930044
99.73108939725653
102.61679551202786
99.40499287062553
99.42787641061355
96.89876230248481
98.42875290826538
100.91746257640605
100.79616448600729
101.91088583830629
100.2898774002434
99.89001084047318
99.88277006526758
99.88685843754119
100.61941386878127
102.78470981429979
102.46773656966538
102.47283631662161
103.57939566339023
101.49207636504659
102.43088670753758
101.82834015430593
101.25172424265692
104.73759756880045
103.74407508975774
105.00402983299514
103.49337343972569
104.71410132525239
111.46766844358157
111.65698073385093
110.26017000196869
107.72042350055885
109.0889564539807
112.56920293916409
111.88398356019555
108.25870755195497
107.74549105462104
110.16465549591302
108.8652724084434
108.5188846751202
110.60752669759911
108.64489986684625
105.43963154373941
106.81959555108003
103.75553202763749
104.57138890117494
104.54460795068681
106.8658851450834
106.03514871705728
106.67237818533522
110.9288358656702
109.29969242356792
112.45882005457719
110.892941407454
111.79492276963886
112.30717283300368
113.3269110764266
110.44227310622715
107.9934658498919
105.28780688783485
103.57194318112835
106.0301490635133
104.29396583622085
100.51045320920764
103.54386192094759
103.18148088828227
101.27186728377404
103.5446500734116
104.38089518980424
106.22830213736061
107.62874995711331
115.2811453283997
115.79349263066968
114.4044588034808
115.92847775166624
116.09083647885546
116.60111968078314
116.78165329739062
114.27499325452501
113.9716358244109
111.36347274818827
112.10728638125286
111.18136036057962
108.72062586719893
107.95364946828099
105.9712306179254
108.32744810578771
106.59447709749598
104.79614366500893
103.18399804444648
103.20608175676682
102.530009912869
103.10619849827631
102.88842430450106
106.93784389529269
107.26428969563585
105.89543585961795
106.4378273209671
107.82414063252448
106.13275470335988
104.70398668212083
101.24284517067991
102.30131538377996
103.28880699374398
102.80557832364421
100.88180540825425
102.75980265824865
104.73122653169013
102.79272911765005
99.0360313659723
98.47118313865121
101.25708175074686
101.07380793384613
99.40443969478459
96.79252306377188
96.61733513510798
94.93501101414712
95.5554196565558
98.48174390124517
100.71756314906645
101.89218754341218
100.31498461313022
102.74772296608339
106.3515723515791
104.22290503576433
105.74819734036909
104.49040881608921
107.57049213480306
107.28490897407082
106.89355781909401
106.03697320580343
109.91589335184436
109.61410929070708
111.54538725321952
117.95890285772869
116.35088149880005
113.99178540117069
110.88723590073789
110.4354604165935
109.75458177812412
108.73407537535844
109.85177555321977
109.36073672772405
109.03434280399446
106.93512090981345
109.13938090354122
107.47779134163255
111.8470081182292
112.35445666170227
113.59063555316536
113.28810963934947
112.58569264879449
113.22974520943656
111.70673993621551
112.1361591884524
110.8839736941327
110.66264065066966
110.16334105855798
111.76921602647839
111.89915810210734
111.01345461775509
111.31820856221186
110.75982939558591
113.98441624553423
112.8115847903945
112.40205783654285
112.39623049483008
110.13818838162469
111.11534273578123
108.59119602945981
111.1210443375062
112.97073887380652
112.80132391734409
114.02344224123514
113.17890644417444
110.60798077963938
111.34629700005604
113.65812885755413
111.63260647846344
117.82643531182187
116.20888327553381
117.01483378014744
115.374652645555
115.58091353465353
115.1390852845746
116.46966273480137
117.3280913384079
113.39464631602613
111.70665438096185
112.453743377893
109.6099120969918
108.70914663263925
107.7158711605437
107.22820488835156
108.08804909560558
105.1723028029747
104.70660200405271
102.53542917131672
101.57361693993799
105.04109905014307
104.27248596313039
102.52596171308474
105.1531902533304
102.10921979121487
103.9908273523818
106.24032530318932
105.27269992399178
107.47106724777804
107.34498324338163
107.13590553735506
104.12451197508497
105.59134716668204
106.3973182436432
105.70644726600223
105.74244513675987
107.57464534358766
112.71546673421646
113.16614324435461
110.92975518399507
108.17661771926473
107.36164052268872
104.58896814412142
108.45407841059613
109.11546357068106
106.4098581070064
106.18253645194893
104.55929903236728
106.43395943519624
107.20299308456369
106.88185963822784
104.84253802624548
101.03923825719743
104.70740033781833
104.66220493232821
107.42379380474198
109.00917202894249
107.16487933220816
106.92817328894611
105.56072301210315
103.37721854248656
101.86299142511406
104.0145354851728
102.05069566132293
100.21120986326336
101.69096229741415
105.21892609607224
103.19404068651545
106.0432853188047
108.41501914269635
105.58116428306433
107.70221395889753
107.50322455525796
106.01674876265274
102.91375296577833
102.3071906189395
105.79366631865116
111.83107128202468
117.59504133103555
116.29634825913732
114.35335893205902
114.11429065925266
116.42642350667958
117.21708075378322
114.15799511506609
114.36642485173859
115.13403651637371
119.2085356684903
115.97794251764104
114.54594919865426
116.078018242452
113.29312736612263
113.92593809473175
113.71404005926938
114.37542481655669
111.55852135337236
110.79396973712642
111.15170606554909
111.85869782482187
112.38231275585737
111.33363370131852
111.90218526934824
109.49062893475319
108.91664799375886
110.50501168864966
108.41285083793807
107.63926653448638
106.69698728547391
112.13989617220842
112.03641305210074
115.02056378806166
117.94721816123545
116.37898800907149
114.94359633585819
114.20200109133312
116.26398914202039
118.2078195350956
117.89338532993659
120.57427677317578
122.39561004053363
126.3433490443544
123.92256212751936
123.64923556542054
121.91952376958602
122.9784971286388
120.1803589327047
117.689687915588
116.02992406173054
114.3070865138187
114.12715638065592
115.32586258688588
116.3451163290973
113.31545324196983
112.45394414766642
110.81522865903585
109.42933324132387
113.39381237270524
113.65681140607728
111.02907860979694
111.54563725138927
109.99355647245756
109.07283754038693
108.22353190117242
104.58211116938925
106.48673406861491
105.51308685885718
103.95986526646661
102.0061278718273
103.6854191443268
101.18548052479106
100.03257019959896
101.1952453430385
99.09880453120704
99.88120696069586
99.4970414865899
99.43034905481628
104.44354749343604
103.98531325424726
108.56144368017308
104.88885917925553
104.95890209924144
107.20278564199972
108.54347802525253
109.26725904791766
108.44181132368101
108.89993414488538
108.17187952503102
108.97116024709358
107.96443637426128
110.89872095162563
109.51672685029662
108.62270312218132
110.65914818410837
113.24186784694142
116.89608964969203
116.63457474107196
115.27889867920591
112.92152887612092
111.76114884715763
111.86108610166477
115.68305388653236
115.17830602338465
116.86339571519902
114.1226638351051
114.59167907189206
115.38760348039715
113.59176399963434
112.9380415878604
109.83850839112654
111.3082689266194
109.69048523537393
108.49463858918968
107.76534487058876
106.42168210120307
104.29904054705271
104.16552217035368
112.53729642822255
117.16127628511855
115.8544543989646
113.34862492372035
110.926651813493
113.24560178137436
112.79212090403293
115.04209671441686
115.73750303359103
116.3464652452346
113.72663880152867
112.32132827813926
111.98069135872257
112.39172125466698
110.9068649165522
112.51586304391789
111.63607600386621
115.01822764220485
119.12335007204317
118.24952814744181
120.02558839436948
119.17564931053593
116.68707096212708
115.15690562683488
118.78061390599737
118.1961920153653
116.29891566164167
116.19707897385888
113.49208668832337
111.76688306354501
110.86610322335233
111.63123257622328
111.55471778241889
107.73325136551466
107.71074928293511
107.12045720707897
107.05950023992175
106.84143911939661
105.93486237205381
105.37580778637184
105.62576676261493
107.68589009432051
106.82776220374475
110.07268340745142
108.87735560505473
106.5974842329708
105.62637069576463
108.50090072584706
109.85788103692823
110.31790143296574
107.78649698200157
108.96766527421732
109.4698482524362
119.35254371575945
118.12854394874277
122.77816742709584
123.25575593600996
121.77266354283698
118.14261231239472
116.3837530168082
112.52359414128588
113.39446562295356
110.72967300124586
114.45665341418872
113.31724356072695
110.24474523932233
109.39781658689888
110.49726963042052
110.50269326376757
108.26003804804132
106.41662655747913
107.09989447496872
103.24809326693429
100.10284362372231
101.3384058756584
101.60652753548794
102.43455518448101
104.28809486107932
104.04990644745979
103.95853003097741
104.96577844367151
105.07017089932492
107.36533165455094
106.5964844575146
108.79968355340112
111.34022871702665
109.0512494824495
108.84841483548092
113.70623048462706
113.45351695203578
111.24525667019242
109.0164281911624
108.46632574220055
107.95305555610499
108.57816992992866
112.57120389035042
110.7565653419432
108.54255359941044
109.15138211681366
108.7013792381921
106.30325182045691
109.9966893118342
108.79493159260339
107.14818366925934
113.98371591291583
110.19059528914177
108.93151848581628
108.65532405675502
112.40238055118468
110.72971639607492
107.28715583071806
107.19435226679312
107.13802079262972
109.42527781321813
110.33522192487874
109.03046369456032
112.6378247557808
111.48670918986129
110.42954706060918
111.63347458122368
114.76190316527132
112.7078529210781
111.34368833703594
112.15811064915911
111.95717375834221
111.5958047045473
112.26472556057843
109.06522666119064
110.53194068888993
107.13117119149958
108.44207005270955
106.35385628780351
106.55463477729809
104.64376587509045
106.15026192191608
108.13702973590759
108.6502012597787
111.08777285827757
108.10308279546588
108.314699409773
111.24027708068158
116.5141444050862
115.46623291614216
114.64984419639894
112.85370409302537
116.00059460297395
116.46748892773738
117.22387170946314
118.2847693241201
116.79999735285134
119.72192676333839
118.98679603758461
118.21088831534719
115.7092539933085
117.01227779475099
118.02310172557866
118.2038613545286
116.6850363305758
119.5255247948056
118.4076139969485
118.98219069345147
117.03035961507705
115.19865819455676
116.27914710092527
116.15140506616582
114.81866876868287
116.48593441529464
118.44051299123342
122.14075521161114
121.07836455015834
120.16029706831704
117.32313630616865
116.27468105472613
114.15246671737972
113.44805425791169
113.44409483182498
116.42949195973574
117.79366203796373
116.76973828950591
120.82719379213029
118.26880923815335
117.90058273485612
117.36210921689634
119.1448949737094
118.7385541439852
116.64782298957304
115.95969633036931
114.6301971524093
114.56635367152886
118.00630716292731
114.2148067952199
113.28575060890893
117.22093386543264
114.54067464013042
119.33535918181481
119.7353042515436
118.59269967151317
122.34788949674586
124.812784454862
123.87635406735124
122.61988215601367
121.30821803815147
121.91135765313736
118.85969390214879
118.80461132304254
117.81484732974232
116.7086636572785
115.83995009677184
113.92443202940402
111.84107030477166
111.09497051815114
111.07245683187465
113.56415612255704
116.25769672938898
113.83386034725454
110.9208805110865
110.70252379398424
110.26980806024699
109.62031328585414
111.57942855302257
108.94067940277804
109.97702749041767
109.68524700705903
109.34821120079653
106.97249438164715
106.53279051393129
105.6321248149374
105.85342073023892
103.77596195610177
105.16224321926651
105.80263189315033
105.77877897538073
106.36236369602959
111.0226269000857
109.86180406645126
108.48948772277141
109.25312755673073
106.92864463011256
107.5017649157035
106.5277297594915
106.72589365558152
108.4454806621767
109.33742796577462
111.11518244008731
111.46255877956948
109.9905384188261
108.8069753648217
110.1498028452914
109.36350972389667
109.34097115305697
115.52579497640578
114.13230623442382
110.31183595635028
108.5747051101424
110.44905499082498
110.24545124901182
112.43826375767311
111.73927454959573
114.57282113418647
111.87935097542827
113.60755716950769
112.64299282345759
119.30334459742548
120.31413909057784
120.46954424625233
117.79970404247027
115.10397309884236
117.07759709503206
115.52016893107492
114.14787890397616
111.92155834249456
113.33041700353004
112.97863218793536
113.0350797950943
112.74449304563784
113.60773886870277
112.45569095001629
112.94872044118038
112.11173893529606
112.67083198054347
110.54228661789821
111.73647193941078
109.3024182304852
110.00759347900416
113.4270196585944
114.45054168576085
113.05586064194613
110.97594079773081
109.46076081069286
108.40060625366655
106.24609074701861
108.67412994416044
111.38725013982685
111.2162197630472
114.61361870376477
112.88993022072675
112.28327424518038
115.19678743235583
116.0638460570191
113.49039405592838
112.60771570649074
112.16068038178152
108.82481530500348
109.97736398008222
110.67826598722044
114.11726669777539
112.3191692654996
112.12943830904621
112.2520961287956
110.22299254367279
114.53888394372781
115.52804521401598
113.28483355382912
113.26125830574559
110.59868772533576
110.19662864061827
109.36296469110907
111.53158454095313
116.21462114134631
113.26564606029756
113.58969751940022
115.68893181340036
118.02887254716984
115.45763271906404
114.18875273137586
113.71353959032847
115.67321955289218
114.39162634693025
116.79290433333657
114.26397401462754
114.32463583535359
115.81753514054715
113.79379930656985
113.98184320333557
111.55884344104977
113.1987674271064
111.02059015092978
109.68712818299713
110.47254245410424
108.23425747313698
108.91085767387827
110.60762839326367
109.6835270327543
115.98000047082274
118.7308262766867
116.32814114826205
116.99740698435969
120.29275274787916
117.21635538287646
117.70015477216904
114.75511652180904
112.30302061089517
114.02920467199323
114.2315412034934
113.71060537706107
112.84014990853066
112.26999351072243
111.34616048027738
111.12196598534659
107.64529802347408
108.66181844179319
106.67859487557841
106.46608159823909
102.92559109885266
103.79811065558445
101.57659526443379
99.71458133960738
100.34023545089416
99.15704367375272
99.75545123265543
98.7438599270169
100.68200839201035
101.34569811032146
104.22439613319936
110.30588156265944
108.95379937150804
109.12227009841419
108.66053914351004
109.87107692583623
109.71460913474267
106.32425433667676
104.81535686965904
105.5362092666148
106.53438248305486
106.3753396781033
105.33229623612972
105.26322738414731
105.8410902860494
109.59412742519923
110.62210069056002
112.40566389319847
109.64625694494634
110.83721351326439
111.6779794470044
112.18759703822799
114.39319150160553
110.69215491332805
109.89596850033287
110.56892523869884
110.38094739461206
111.6757084667634
111.17265963159566
113.85506629851218
112.8868545729976
111.45372663527822
111.7248776011369
108.76393255619257
112.73979162582437
115.00864722397986
113.212380372514
110.19615623030852
113.99407844647953
112.96113101883563
109.76028157611647
111.36525821423442
111.1736598575185
111.62288638934491
114.7683161616292
112.45089541761044
113.59798634782778
113.41613466764673
113.38633342149953
114.7577245893821
112.29530129984666
111.96270931873003
111.57641266347127
110.98358118155977
109.42351729060061
111.18343703038043
112.2173261047844
109.8215316966746
111.99238300746278
110.08302608190968
107.55886822376118
110.11914203283669
110.1315766203889
110.04862002368584
109.49131619533857
110.35054422626803
110.43104167975491
111.44563055822674
112.75309119632765
112.24414639232228
108.5454617007539
108.84973585532741
114.19978524359507
112.71942390904195
113.46364900526507
113.56248936008929
112.15109696817701
116.26906603255418
116.77031558525995
117.73907961142102
114.66663666016004
116.16665093355371
114.77677984822137
116.59440618257256
114.6346729247181
114.98955155848755
115.09143948506082
113.12028706701676
115.31051674854594
114.34074086931258
116.80818120458761
115.6059243332007
113.97159466238287
114.90880907562412
116.45777622967925
114.3338244384853
114.2834746142474
117.36948597691402
115.56944421627855
116.30939478254157
114.96057012947959
115.5193377336374
113.30697806302751
111.35133643918034
114.88305485843398
115.89866260502755
113.56996000232067
112.29922078501984
112.1668842722058
110.84427933930034
111.3110564320377
109.71146063881683
112.02732866993624
111.37486845321631
111.40093314489857
110.29197826784682
108.87486755710724
107.50167127228738
107.5339751017497
107.15911091333636
108.64716586697105
109.55161621401193
112.74618843604269
112.3096243524886
112.22229842734099
110.0185581325572
110.20887749798798
113.82987172793966
110.44170838949792
110.08948553548004
109.59759608935653
111.66070205026803
112.09053444417235
118.93846731334826
119.8072896153401
122.83736012566338
120.13789499000896
119.52127453150058
122.46835441860223
120.69466963656919
122.4627328936858
122.80434483528772
121.01039891806491
123.30798320639869
120.19217280701326
116.87072451642223
116.56675072945491
114.31896398107277
114.89937705048872
115.1546190450496
118.30629663809485
119.30833647364729
119.5119050877155
119.56579886325474
118.56893770441367
118.39793860261703
120.66084615809037
118.44019884893311
119.855009765573
116.17530896403211
117.0865353282646
121.0769232803184
119.12482909179313
121.86590119738422
117.80987094708941
115.75431921330423
116.73845122639138
113.90233096879791
114.44241074998097
111.11524947185308
112.36370343964566
113.52838018760475
115.85405758147195
113.09565046334161
114.13886989451757
117.1269655120162
121.15723202871823
119.35009526772707
120.9285170142657
125.02854507567105
126.33156463146024
123.15496472332264
124.77811764300449
120.53559730279697
120.0933342318731
123.69862794095818
124.5950710271805
121.14585297151297
121.68100715135604
121.6244420759789
120.17447243715095
125.02096807295644
120.8308415973956
119.35154204503293
117.06856472113988
116.90339571338612
116.87372875094806
121.35400893375487
119.09857578654935
116.97829752166292
115.31530389254897
115.37220494082864
116.56589338663932
116.87676041242965
115.46785507747373
112.83135746255985
112.243392313078
111.70622927084074
110.57932004213112
108.85084839437756
111.38534614509825
113.19876565883315
110.19370070129196
110.1652242922577
112.92345657607409
112.27188396515395
112.78615461418526
110.06820273921116
108.77726592074013
112.4652131828776
118.14373562583815
121.37027640626823
118.41153551607484
117.55663622172025
116.49836557756579
114.376544036031
115.49788344291971
113.4987332528343
113.82419147499716
114.50829561448778
114.79918929069377
112.24662953158904
112.74222607917474
112.03455875410687
113.05282732279859
115.24269869989838
112.34489823698316
110.35301759549252
111.31937333288303
111.37482080598862
112.32427776301002
111.73140901818441
110.69362412324976
112.25964223692493
112.28287885853155
110.1541064183696
112.65502384339263
113.8319910894977
113.27135813281072
115.5949213471422
114.91413365551931
115.19990004202063
114.42865214720183
113.24103623855078
114.10956070255514
113.83928557142212
114.27301955266431
112.20315286406623
112.94453258030286
114.36001713140264
111.6196837219601
112.52138390099772
113.40067046125951
114.54006351269763
116.90861201977597
113.86391534657804
114.49244336512882
112.460338865724
113.9223860297468
114.77680735395154
116.58304009439448
117.16908308147886
118.50190835836673
116.6727270655542
115.17627107918199
117.69365358097917
115.59261651641262
117.95113327056546
117.63470906975908
114.64408648561464
118.92897941715748
115.8352057305351
115.15290586247569
113.18873443920533
111.87781210846487
112.74817900579163
112.63096253715933
112.28092482903894
110.43436215970154
110.91098324228025
110.56928833730332
110.87072027965814
110.17340202040974
108.89339945297222
113.98540895273344
116.19098254464342
114.50082423525916
117.0336081525519
116.0296605588324
113.32721452949235
117.34896525281762
116.95352102586007
114.95258267659413
120.47156393357427
120.70984310777088
119.69326928732575
117.35884884238726
115.07527332404958
113.57976670198127
113.388916470046
109.31774644927077
108.75050404652545
111.92055683690222
116.91878144033296
115.3941636341082
116.45696017017224
118.61327294365864
116.29466614577383
118.37437338449867
120.30524482482372
118.48180712220454
118.29013608171273
120.10009412306884
119.365754113017
116.83977210430807
119.38767289148592
119.69297708332168
119.32434930425053
117.17381154279649
113.27169732948764
112.68830450736273
113.89514943247143
113.00421746496049
111.32187858061347
113.30098253485625
110.10618737804091
109.44058804428259
107.67698418824543
108.30635072037079
110.58700127016756
113.97220521557016
111.85633709869956
109.74377452230408
111.17944391995596
110.76718563126467
109.02962291093928
105.78035235461961
107.92371274568471
105.9323547077789
107.82887075205137
106.73230870040393
116.85383175597661
118.7388325214784
118.4261310042424
117.36448165705357
120.45784885108401
121.84438466816373
119.63872917195636
117.27692229295322
117.35797607467207
116.55998426100054
116.67069274501083
114.7721896843644
114.3799983298049
112.70055816752291
111.64823519462203
112.92801161054409
113.8559585240542
111.77903655739794
110.83271602759554
110.9118995430556
110.1938899189899
109.82058652963048
109.9538731533687
112.91263027864537
114.00839576681228
111.29597626116515
107.84459128121276
105.36278854144014
104.68930399556754
105.76498867644275
105.85547985187927
106.81196086946115
108.49315468244347
106.64434125536205
107.03994009749893
104.93130057340544
105.88524013453812
106.72587379339235
105.56921836419075
105.36010020780188
106.9671794750958
108.82297710597707
109.6218827627101
110.55768540214932
113.70802927162298
114.73574515540541
115.61795004635462
116.61968685191498
118.4422746447124
120.9076449095971
120.25104684713723
122.45008811407773
124.65943045243957
122.5972995993139
129.0059580155996
128.8712677956421
126.93760360746447
123.25150598509715
121.22702429997938
118.24144060771789
121.15538013192979
124.19134237479555
123.5058707987441
123.66212065665908
123.76841189081647
126.8563777904026
124.54870965216033
126.35145490960569
125.02776651706527
121.96430833955822
121.5764355813128
121.11660317611377
119.4150992930637
117.96622838832072
116.89304673263729
116.96723629329419
118.66852916464144
117.412530142809
114.75797085827817
116.91140391466288
117.5527621632427
114.50588707149018
117.64771042075937
122.3245993795164
123.81923651208055
124.515074944248
126.78893324401268
128.9908555541562
129.90812686920594
127.09583580543402
125.49916571644192
122.75630932445509
123.16934841492028
121.21678881629317
119.58258240863354
117.02669607864249
118.10711239500876
116.57152842919182
114.92482637448062
112.43111699356758
112.0404409474362
119.18551814324715
117.61350394521595
116.19271337957711
116.42537799339577
117.3559071515698
115.53301218819223
113.04283937092289
115.81742390216377
115.71656719549182
117.08694106098321
116.52100500940176
115.9137835974976
117.55362796820374
116.85152061858842
116.61862305963807
117.54351198640066
114.57591211566692
118.57032141810178
120.56903448915949
120.38285378272121
118.100499221654
117.47574587359382
116.06839619133554
114.46691593534919
114.95714056809089
112.15684335555362
112.73684198943468
113.80072457114355
115.90270325577289
115.60433071692503
114.3189653743539
114.15880273499191
112.13312748254917
109.1657259352806
108.9531792297749
113.48186872463094
112.40541034185836
109.87079737030155
106.8856563662327
110.34719399151139
114.54839738211734
117.63913198729011
116.83037597220041
116.71353074576379
118.96440262924618
117.88739911813965
116.66232160059326
116.0268650188789
123.56370602353982
126.39166346839203
126.96030355218883
129.00395419748352
130.38632011218854
130.6940117302947
132.7148483405963
130.91982570888513
130.95455507986765
131.49659899952536
129.67254140255912
128.91034628907843
130.9475691651009
130.41871460766697
126.20633413980849
124.85462665610112
127.28192735007364
124.35288901916546
124.47956221267518
130.48080417815189
129.2161637556876
134.7290326366816
135.54527151162102
133.29434079070478
130.171677390639
136.70430963390154
138.53432622624385
138.6227099922144
136.50240300316293
139.03331437069363
139.79977420250708
139.004374261236
137.1219303634269
136.068016393525
137.58280812665765
134.5308169356454
133.79036914722093
135.15996692687068
134.81795006673832
132.64736717309106
131.58944941331643
131.69007111214626
128.48127084250473
126.4247166920514
123.24674942794452
120.86128548454995
117.6672944851154
117.50084313152752
124.73259626632661
129.11006844289483
127.4206561477227
124.64044484298499
124.55017794955936
123.12261808552398
124.02526041937419
122.58684620588161
122.71318550024937
125.84780677644821
122.50397025576618
126.48242995776796
127.24061215963721
122.74153740947372
128.28143533058594
125.74694851244871
120.31591941451806
122.04376002369679
124.28096252042828
123.21309623569847
124.25523078632601
122.94397694169949
123.90072879508651
126.69382265141654
124.14930272094655
122.57113743200091
120.51849486129673
121.62678305244164
121.03772349601444
121.25065589107056
119.83915832614669
121.84193093972172
119.58606420948672
125.5556957149795
127.38826242289828
124.63037062136661
122.04496163518368
124.38341855106918
122.1121055897708
117.41333376397641
114.41762379385162
118.18189623457769
120.34322581658857
121.09567994697142
119.47436432328409
120.82009485206274
119.64152291071879
123.00137424868886
122.4995403132749
130.42809177126733
130.02303351388
127.76198972237711
127.38173858266744
126.90831405677768
122.68099890247723
119.66459205354805
121.62880705885526
119.46508079825234
117.49634378852834
116.10372864353825
116.54636490826292
115.53351888415627
115.47771663292286
115.46126349196126
115.26569643794934
114.18901504723864
118.13308696998286
118.15532480027389
121.28060362879856
121.4385684981367
121.7506898792026
125.33536769313335
128.4623226240709
124.45069026442705
129.47432778885718
125.91094227380458
125.01548441857794
125.48289638255143
122.25409349211071
123.19557059016977
122.70947412148868
121.10296591884487
119.5565739062509
117.75810704837696
117.84335969121152
121.52217391209852
121.4782213070181
119.9637515237095
118.15827450010714
120.69830534210853
123.68053663607003
124.66885108639137
124.44899119128965
123.77692673330924
121.16619530476078
118.51078232319752
117.01815907915848
117.55290401924896
119.78950845211286
121.25609026085569
122.17331604624684
121.58841306858459
121.19837466920245
120.114787310139
121.55258840956482
126.52321909854646
127.0279377076092
125.5454134512144
125.00961786587479
121.14854491148016
119.26775713683536
118.68910341733759
121.09236336140005
119.94889392970126
117.61315661549787
117.71404657155885
118.70087600263524
116.82924393432774
117.6249671256776
121.97631508078594
123.27141081656342
120.42791276974556
121.48315866387567
124.09171553148826
125.13403434610531
122.96536933721954
124.14086293232204
122.18139166504719
120.19831891963412
119.69680685839563
118.08223571657254
114.4152465154896
112.87109614526916
114.99058873271262
118.50331221314522
116.88698022416673
114.84412555756458
113.07155525278779
111.1514614382794
112.32283291507122
109.45963187703649
110.89112896182915
114.2338705466625
115.47562382978566
117.74773246227723
118.77203383610076
118.18384278989221
116.0683999354295
117.27545780654484
121.9880494890723
123.11346861875745
126.23155092924107
123.98010171647275
121.55522103259221
122.0919962582647
127.29053318363566
126.72314801840973
124.24457009266311
124.5079372330638
123.97057560532053
123.2820720631981
124.85283851354698
124.22836906232308
125.38968445139636
126.89537184448864
128.2645691640775
125.80902490390233
124.33806183965345
121.46133900327679
117.28543752139079
116.45131861535305
116.31540532190515
115.3031801386385
116.94861534367973
117.33609130979697
114.92608073576069
119.03595483517657
121.06232844505989
120.9597714442268
121.2090133655229
124.7225400020997
122.14087339709997
121.25255841407993
119.56731385098881
121.22904561011393
124.22022401637706
124.57159957558468
121.77892543668403
122.34258385911204
122.03316475270097
121.80136946820375
125.04467583328966
124.20938110956833
121.83617004679742
121.49473020323376
123.4325572982156
125.36466461898989
132.75333459195215
132.20320127398693
130.91574357215887
130.49445785987265
131.44443900404178
133.92010957351755
138.4330066571586
137.04442286394888
135.34027086311872
129.99426180544813
128.39804318078762
129.84622170808893
126.99398833787906
124.91218559560312
123.30764752318015
123.87925888037465
128.77792991428007
127.29301702781737
128.0446838748866
126.93676117036877
126.40286336684453
125.38665074133134
127.08080078661482
125.38557120452539
126.12044361721699
125.12638358500611
126.70475780181353
124.88341690042212
121.99479868234671
120.1470197248133
121.39294538300746
121.76668544853001
124.65912034842931
126.38036574487403
125.6108608392959
122.78365595975974
125.81916669448695
124.51836151629942
124.94076338029961
124.77319701361994
126.98654472103283
124.70901545390299
125.9818566687264
126.8362191668376
124.29913008435487
123.48886432485037
124.11332928053355
122.221980371374
122.6932658768053
120.35668251970235
118.50696361063828
117.60804594062088
116.72808113963866
115.2837977986975
114.76440525488348
116.14585427591953
118.61891154189178
122.90652610628332
124.12342415463999
122.29352320881023
119.92843572079212
120.71214182570839
120.92242784174043
124.49100620096246
126.17003788376255
125.82271481632182
123.82341309804809
126.56408422530734
129.50570156425198
129.2624115043592
127.07124088294896
127.46242832965105
125.39283066938043
126.69164175853105
130.75333505267398
131.08671320346093
126.5068915778007
124.13035050628149
126.64278688340795
131.71916680938136
129.41529914059228
127.91245135081542
129.92730782135155
128.12005978129207
128.86961114807738
130.66205080933707
128.89086069647104
127.98124467056151
126.93147022834633
126.02695681243635
123.77295762752168
124.61489060811941
123.50730785609525
122.48498942856851
122.16228120772972
121.02969307363267
122.45675483371427
121.94746092506811
120.22459418651479
117.26173457507062
118.21321662070861
123.72673660415634
127.30951277499337
128.41636401308952
125.83873382161542
123.93283599372853
122.6804456310282
122.9086969144127
121.23278544120957
119.62682802260879
125.78156939654599
123.38875835603127
120.50146504915749
120.95524248649753
122.01375388023556
123.56676162162285
121.81229592177232
119.15999274965148
121.74118001515126
127.83869912230033
127.9007385723693
124.74431952713152
125.41020424839964
124.98702925592279
123.71631839708905
125.16351459826733
124.4743066373675
126.74092138050631
125.28000562742872
125.88248662456444
126.57458257330914
126.68675231956769
126.24106420590601
121.4425538313808
120.80985223598046
117.72334441430665
120.60982995511726
124.40858912125141
126.239963970521
127.75705627795813
128.42116864652058
129.077952141747
126.44663620767047
126.20970420922893
122.8687108367495
122.08849659655979
123.37801971014292
125.82864079930114
122.73243383950187
122.20990733978117
121.97145894686602
123.11988577858669
124.94245346867963
126.19068923214505
123.51242198516125
122.39447695052745
121.96725512455266
117.27553276048988
116.49128745161441
118.49482666682367
120.49468870844314
121.17453473424294
123.19111142387423
122.92923213618391
120.8611822796839
121.66406716492658
123.51878146292556
124.43028349866877
126.16932200310718
129.2522286313562
130.65485372563236
132.03400608981025
130.3403013557869
130.88882161308788
126.69077151773882
130.50881987024815
135.59800677619543
134.20784797439939
132.57083435688992
132.42333083041854
131.59338086388402
130.19326330821576
126.8111535233442
124.55512339366477
122.59209572273338
121.07029134210221
122.00059968521738
119.10433943403221
117.68768113347792
117.83897781394853
118.79788698423712
121.47404722260332
119.31212627910156
119.43032631785644
122.97527798428872
121.14851480341476
120.71999269840474
121.14113663158358
121.87058298423541
125.51933915401293
124.79849811906317
123.27435067256903
124.19648928494544
125.8179930223104
128.6807133104197
127.84386496955233
124.31821082041122
124.66196953258739
128.47100702660634
125.79970262835818
125.86505349844086
128.10197676175363
130.10608844082856
130.43170776155677
131.76257863812486
131.4574183288556
128.14221891439553
125.30429599940089
127.8886604538877
128.3705350496093
129.9918289993959
131.46353719316832
133.17436696433845
128.25770409157104
128.70143583715895
131.21331448868426
129.02689393148913
128.94652606233134
126.78220442994447
129.51171942663507
128.62568965774426
127.97038189674377
126.81679366904801
131.4969182575578
130.65372007919606
128.17390926644967
128.34488852801346
130.2923940972142
134.24290102657034
133.3821607933577
129.294068951738
126.75607627124089
127.2525780456227
124.94412727322393
125.26962263034173
127.59432665682034
124.96940978473556
122.83781447427594
125.59343475107035
127.01570376009018
126.96373787786466
124.34651723800403
126.42947231990671
125.07267661840876
125.9008075826762
128.3616235145807
126.18439508131016
126.93521010138743
131.55841601667598
132.9189540566961
135.31093791776945
134.29681130382556
130.60288343868802
129.66553315293643
131.38190436384656
127.46313322773457
124.59920740839928
124.32494065562109
121.86366834683
121.34045476460707
122.33138094169556
124.09395431898992
119.03750760664285
124.17075234274625
124.13468208454596
126.37060053104663
126.7889239854907
125.45123645311715
121.81328320271672
123.24038328709621
123.10617765690691
119.87266854605633
120.95731948543195
123.44480141505089
125.35315932339057
122.84559086064053
122.52305576264668
121.39590748345623
123.36882866536477
119.62979473052808
118.06899730121012
119.2537685154684
118.25023788052722
116.6280321542199
119.9627372611019
121.6936145651441
123.91502020696493
124.22221645555442
126.04272292724767
128.02571188910147
122.52889314112537
127.35932869130517
124.90761979027371
126.10845505106329
122.77794831034193
124.02604470544867
124.68617866626434
121.9528387811504
119.23486470317063
121.30777244035946
120.02618892130666
117.3308424748483
116.87415529771853
120.5556944500778
121.18543101072207
120.94164375263934
119.71932218220651
121.11627135431492
118.524359461706
117.51051023581664
120.14047329149382
119.41252649182758
119.2089279511209
116.26902180125431
114.00272828928416
116.29886839332052
120.98569838684443
120.34768590366059
121.43374036735119
121.41266646921272
125.89674003964065
124.46768911787723
124.29907859185236
123.6563217547734
122.24759531298483
121.48286886515872
125.52143355487297
126.43622277024048
125.7978078134548
125.67128246956817
127.4249368447331
123.67470753709028
124.67541933571488
127.90878833238523
131.2933355087365
130.90495623983205
128.35377679954067
128.03575094314667
126.99212812778073
122.9953326105789
120.65092641238343
119.40854420965366
120.43106874391228
122.70979704196343
122.60996291715797
122.24061352349408
121.30828639001781
119.65959818486743
119.67901679100396
117.85261377838364
123.25921308100006
120.88233973158394
122.74691107445769
122.28948833769815
119.98897887423848
117.72581920424247
117.44042115198044
118.99972146521824
120.91621030464992
122.12268972680732
119.96438660722126
120.91761828184136
117.2213569658959
122.34096903866129
120.01695405443483
124.49153536091492
122.76482266040034
122.21365453485885
118.98801140065939
119.22158578628098
120.08674130421204
123.43107859539319
120.99794167454925
124.05200851238433
125.64469208237331
124.66024914739846
124.36001517161226
123.89824554539645
125.8590153626581
123.26451802412573
122.7217965200862
121.01047690562892
122.29953833751485
121.1128423194572
119.19300170275515
117.28522097852603
124.1297826695481
123.47303203933602
122.96833444683854
121.45788796968323
122.03379504382431
120.707404822886
120.41926665104828
120.2067093733563
123.02243290822676
121.94739666426062
120.86729976987519
122.09964411111113
121.32394743163935
124.13631413002697
120.87229587358752
124.82212057476683
125.39617543726126
122.72352817709861
121.57112712194282