gamma:0.92
87
84.82228312131987
83.31866593585825
82.68350970836329
83.07772696435647
87.50787832309857
91.21681498113519
92.2811521294899
93.2452602743531
90.72725224114991
93.04901783633574
94.453466741802
98.54040947635454
95.74895617669202
94.55990977912577
98.46712839259527
100.45122001667899
98.8155422204074
96.43494531534773
92.36879069120842
89.74599460859261
88.03565082605327
91.39164320265569
90.34564140624627
93.16886888610227
90.08553810905765
88.96850318386988
87.95582951550212
91.05419942572946
92.39010617764279
91.67517117638215
90.43468166305057
89.29196545312605
91.83454673706267
90.10848803503862
87.80781116404178
86.5624485830455
87.41266967024748
88.47865226686322
89.62442586086594
91.71291966253202
93.15668884629407
94.30626854679205
91.43278171291118
93.51960346917669
90.12914423559015
89.704313492015
91.3052132692205
89.52305888594762
89.00400893004272
90.13898833035016
90.57289340760144
90.57481541027886
93.0903205028689
91.76461075049589
91.9648261805808
90.21962627655294
89.32189226063115
92.7575120857216
92.8536476865626
93.86328834156923
92.07970150974965
93.6295215448492
98.594004961541
97.75225985692465
100.19065956840923
97.81888581242553
97.77839379436526
98.59603214925414
96.5797225496417
94.86272691928343
92.32951592815904
89.27387985799386
90.68008944911391
91.93124146601075
91.47975027400571
90.41890103246321
94.5060152342503
92.08566275807789
90.72899241846861
90.49233221133542
89.74090457576797
87.93532462730835
89.01508573837484
85.89469926809586
87.94157822182383
85.18129985637603
88.76597150765926
88.40913703094127
90.87290963151878
90.61900552338903
90.48386978157045
90.02792923839615
92.31217118125676
91.13107872544818
88.2227967270657
86.7781207813426
84.47660420590279
86.51581473459099
85.60642044290746
88.41573767717128
93.30566946269433
90.25516230153013
90.34091749632984
89.02673862985452
90.66455302964603
88.71603157093757
89.2432421508566
88.63166166213992
87.50986405375882
86.04305979233098
85.75605831969385
86.09918856820585
86.63918263416654
85.58425270428287
84.77033176175647
88.27611554635283
89.32469379773626
89.92573648642134
88.7915998228703
88.77279536312595
88.46801703320844
88.14349252087449
87.3052243568478
87.45404022671457
84.64228798102431
86.37853433997812
86.25768024866342
84.57169159848134
85.12338460567004
84.8134980095324
84.5655639472065
84.97714560003155
89.7265610278328
90.18753675655968
93.41979735107965
92.76402499856037
92.50916868811724
92.6244214966246
95.99627852336818
94.47310201460961
96.07633622315699
98.02339289095077
98.48585321978992
98.2152189814728
99.37365551100102
99.43685561638053
99.64962790040546
101.64292293612957
101.17338669467779
99.44120110898889
98.74881453231443
102.06683507762625
99.9200124822431
98.33476444733397
100.68285618008196
102.78695291423875
105.10534659513092
104.49996204755853
102.92582570031345
98.78830561854875
96.9304942840649
99.09967891373485
97.3693613250319
95.50077688401547
96.75323826155194
94.35230688617523
92.21585650254177
91.79180641918008
92.09656058138283
92.1757307712083
94.66621593395638
93.17212869643659
93.35591446462024
92.60393206178631
91.82720745575257
91.76675754541223
88.66675289798577
90.24709997398648
87.67327220466036
86.24616218864334
85.77740041722653
84.31731115897765
86.9530446895999
88.0820930796577
87.87574573467718
86.40522624332247
85.76114873885237
88.43960550527356
87.57598121929313
86.13989704273797
86.74387927197063
86.71994646034935
85.97088980696037
87.10116209886256
84.26623090861526
84.81515106782761
84.45749663418934
87.19569095152264
86.35822733863775
86.2780637816989
85.32456606556012
83.80988850118834
85.18794183761759
83.17661133032503
86.86404675487309
86.29805092708614
86.05420855323557
86.29191651143626
87.4196304679073
89.14696779474373
90.86161297463332
89.37224689627887
89.39233103232357
88.87530798927396
87.45278781731221
87.45614337386137
86.22774117825658
87.08050856927247
89.83735844420896
88.51506588515637
86.26981001919411
84.4138236228134
85.09240424233795
83.70776399178298
84.16364976131186
83.76402010990537
84.95665903341677
88.09666045308691
89.26978482733782
92.06951715007128
89.98831664348461
89.0656993643883
88.93380342444583
91.26179499998786
92.54871893341976
92.29296234792862
90.40912542100814
88.78993064248176
90.03163083104604
90.16120343369548
89.38995180502424
88.68001357835215
88.61563869634935
87.30965146013521
85.87836624793316
85.32112452434009
86.93928771048459
87.0031965273985
87.07642955112462
85.1200641678259
83.76110956112952
86.5187323760153
85.71527026346274
84.68259003100906
84.1714107892291
85.44364585795792
81.8796857162389
80.9345637127011
80.45026397590799
80.65750765120612
80.12552617378441
78.8651835093718
78.44496938239395
79.03672256615933
78.76973029217
82.57989971980385
81.18455538108982
85.91254580430325
88.38338473280798
86.39656991541705
87.4665681038361
87.30083353756778
87.41793284834073
86.18387683063109
85.047568033499
84.79111607826897
84.36835700677581
83.08772466921404
84.51673267860502
84.03176681154542
84.22264100410467
84.37014306555479
83.4880904456626
83.4585924738342
85.61470083812993
84.51101296161359
83.50521274343382
86.79591107586167
84.68754773905845
83.7786400215537
83.43071890029954
84.70260847589044
84.53152669936352
84.916103244468
84.49977555206839
85.8114488036633
89.3380699160034
89.02994014878766
93.57824875587656
92.62559316683951
92.90172989664214
93.31222832850398
91.81108120106212
92.12031166991227
92.2349265068502
90.73188425053162
90.44445434941217
94.59732559581514
93.49710123384429
91.71698670746191
92.43385509400547
90.7418376040218
90.47261194024861
89.47796028415398
87.53784818392822
87.6409047606398
87.02179479070729
89.79601699019526
87.5633386210437
86.20959362265258
86.38510721901625
85.17594796176921
83.59242553033472
85.60426613042523
84.12949971033179
86.50645529096195
86.07140185969428
87.19067745216267
87.87298038000895
91.10757080063546
92.53681491399256
91.80634069470254
91.55694529587946
91.22359578212944
89.24075809388906
93.7720576880468
91.8272318853136
92.21149672843394
91.99145177743922
92.83461735278006
91.08133163314362
90.52837686254941
88.7464666437898
90.09124972030044
89.92858826408569
88.6670740083075
91.33264807708143
89.79972125181263
89.91273096893376
92.0727530427058
91.46117426731928
93.63367815665889
92.11699359755515
90.00857918137588
88.12748426095398
88.02907003062003
86.56938335818869
86.90492598120314
86.45585118181019
90.04677130203703
91.9582571095317
91.87679263596148
89.70219547597924
89.72740839545128
88.18211980706674
87.55441551633626
89.38644861043258
89.63587049706813
90.39495940982388
87.59435667989185
87.8523764816713
86.81456274616578
87.75529766312621
85.9019767530938
84.1092799210323
85.30324843074288
84.84105849060595
84.16393685153803
84.33047099656156
83.08892930678962
83.40213263779364
83.40252201792235
86.44819620626242
87.64078674874114
86.2440711390626
84.64855493196228
86.35192838074472
85.81943445799828
85.57384682164792
84.15732340805833
82.41500810838654
83.22144317360166
82.99045792427479
83.21035839161188
83.3109691148334
82.67049441412084
83.31084946926607
82.68300877690338
82.9549925320959
85.16716210946446
83.41238755492596
85.33941585835547
87.3482520358028
86.87694585919137
86.6674864270695
85.2027912765303
87.61079659708204
86.96441525222393
87.66984577228347
89.79047777720263
89.23328200763626
87.754083135323
86.157980273594
84.47469389839236
86.54485234186606
87.16347493926826
86.46413496066978
86.73601467775575
86.48548561781197
85.32473320693575
85.52249438584927
85.21958841400635
85.25635634747796
84.53561410869219
85.96455180672987
86.15844119192833
87.80627955182885
88.29855085983043
88.87572911549908
88.98038968174478
89.8784343411567
88.1901924558281
86.82703063944453
88.49981673904657
88.56541365031961
88.17434772533863
88.84112021997903
88.1424623279411
87.22941593699815
86.7239172211123
87.5912796905394
86.06166200642699
86.77532522355304
86.54092226996269
86.95108395263799
89.01697674329111
88.46100827278187
89.75066934740218
89.10888819164725
89.77145733762664
90.89812805413233
89.13067712308849
89.12429839223067
89.62454844232037
89.35013264743857
88.07915864284143
85.31615518209354
83.6513737492047
87.80160690232
88.28763494045246
87.0620835247005
86.76078292937373
87.42869679300463
93.51159182414786
91.48339275904793
92.80967255527263
92.76122294135996
92.9488070551594
94.18079870050911
92.23839951244852
92.33342702634097
90.43854721040202
87.99264198224708
87.21979153711862
85.96897605264728
87.45317439024879
86.05035240224099
85.72715927099988
87.09617530711905
85.62088729222795
85.45117935583639
83.34321583144438
83.54499151626388
85.69673130180988
87.35211220833318
88.78269697704064
86.7802660851418
87.14703320523137
87.7589832612876
86.84211914126875
87.5207103302276
88.45670719640658
90.0791971415384
90.17574329973506
87.82577516052145
87.94068914381788
86.39620009058311
88.06850285415415
88.67478350575966
90.99850490763906
93.83033785530661
91.62891147528205
92.35432820330392
92.75453772134415
91.2745207598416
89.20863135795904
90.16324363099812
91.87183084931485
90.64907213252265
90.17406028787748
89.77107212954361
90.93717577003441
89.88457379108695
92.05023366753028
93.32739898955155
91.32437983047474
90.44247995309249
92.02185118544922
88.55020225846114
88.68850215229132
87.56350409236121
85.68773889144224
89.68753205994643
88.96636898896251
88.61988399475253
86.74402405493693
85.0570497820755
84.5993548419939
86.217001037131
87.6541520221522
87.57771248341737
88.0485898591849
87.91156370666296
90.4137625810325
90.06048778523817
90.78028949758612
90.19554395501679
89.13146629572798
89.40950339733196
87.81334846912691
87.14321571117065
90.50475388091982
92.7065254875818
95.45822001371648
92.82352153382712
89.71652392493972
88.49237969011448
88.16237322413411
89.65720318752759
89.31151786573776
87.02456015539262
87.69506638205274
87.56847299148102
84.73695862855128
85.20751689365603
87.68004449664613
89.00534122952917
86.87860347311042
85.38814109765696
89.47227315817086
92.2070286406721
91.21580377350884
90.86440029398379
91.74070960225387
91.58792718028123
90.78748126114479
91.53586661491813
92.5927559119989
93.68522458642217
95.00782428821972
93.80964051007943
95.20463462017257
95.10030603993918
97.62873532864117
96.58368669226697
95.07306263439945
93.9591893988962
92.19370245586325
93.34908855694104
92.2077682214224
91.53983076071438
91.22643930850433
92.06334380574269
90.63610002383653
91.84455501203458
91.6361905477274
88.24782525727989
87.41756544739579
90.91075970187
91.41769994491963
95.9559728632604
96.09031243211754
95.89987603811971
95.27533057494365
96.40926871846915
94.57221462063411
93.05540310690982
91.40030135845213
91.41102486923998
92.43462832306085
92.29570428304704
92.1233563687657
90.14741703958147
89.9056766241625
93.16586096703861
92.01550586023178
92.79741573582946
100.03102318403637
97.60844765824679
98.15293754485623
99.42606007839458
99.43751176349147
100.35974023376139
99.95130981704207
98.41363336912265
97.3711200199033
95.01112192462729
92.86752564932273
92.17919613254145
89.49307092059229
90.8356746759554
91.1297967358596
88.003530505655
88.12976382405084
88.2260750796383
86.75607949818246
88.88701495697839
87.79280038233891
85.67104931972152
87.23841171872033
87.69220702219067
88.15180305796025
89.93222736448021
89.16817600896077
88.71142508842358
86.64222884825323
85.37456970381379
86.16625600281739
85.75586307173138
84.68512581101345
84.95657940518049
83.58379679585752
83.40183383653573
86.21906469345518
86.06388666789174
86.98786423564796
88.11368065320481
87.93504204325556
86.67617189882506
87.7064156167929
88.6125680863679
87.81561821938071
86.80882211477567
89.73833611124608
90.5752441051394
90.62196703763529
92.16469141686682
92.9887546885278
91.94294666875733
90.7192191939786
90.9186231559705
90.37420438938157
90.5192286623945
90.25465591724304
89.95739853054941
90.10089369310512
89.24341534084628
88.66104267161454
88.46785745501869
88.3605924104887
90.53158943470778
90.37358995260186
89.9426305152373
91.72071586325995
90.73746785818368
89.15874771147838
87.25499892126858
86.23046931232521
85.72290492645716
84.83156740850063
84.08555442813567
84.50311916087061
83.83464303653653
82.59619972203842
84.3027206945776
84.64534901789584
84.63312020743945
86.63350109263394
84.41013431885173
87.57710772861435
91.38012812803566
89.0771173206582
88.55093522581272
88.1169630750095
90.31576598606958
87.25248453604452
86.45902929441553
88.22795199283082
90.32809784112747
90.55484039722566
87.80376062285346
92.01369232405584
95.13934099035657
94.38737455755323
93.92411283348406
92.56550491870408
93.01569942626122
90.62498955188168
92.47606777492348
91.25347935558537
90.32663809707107
92.38294179481032
94.20644582844643
94.04317763741375
95.83823064860854
93.89820365324113
91.84075677761999
89.58434373469599
92.74219252899914
91.23478762867069
91.34792336332892
92.47222777262633
92.9251456089288
92.19687916169237
91.88227286179816
91.17490438202013
90.5915610448061
90.87825191933621
90.68957402914528
93.52976931578267
92.25902907593327
92.5662026785746
90.99713948803476
93.99080004940868
91.35439339706588
92.40923753025564
92.53540588200204
91.56907222258143
92.21475778481098
91.62519298127548
90.43745870397497
90.24323070576769
89.98606772539802
87.94184888110637
90.55392593360122
91.46556245590475
90.0900832196739
88.52028552476291
89.7398787814871
87.09783923875807
87.99925558679486
87.9637607509926
88.74944070662207
86.77783190457355
88.24994546019065
87.86716534322592
85.74111675740066
82.53242494267624
82.52515212271071
85.46157538858469
84.52561026768227
83.79843836017393
83.93192177048705
89.3780318833138
86.63597276985483
85.85611020476243
87.66762763438493
89.01359471049618
86.94319988749771
85.49574162411629
85.53560070382402
85.74550550581762
84.21612631131569
81.95720907660049
85.38938271427442
86.08780278618977
85.0565082189985
85.1955332935234
86.05071202283048
85.11555674371016
86.83462645447185
89.30155290284885
88.90425497202423
88.89898356258698
90.01785243626061
88.86971097795525
86.33028675740954
88.13432217304604
87.7625049736544
93.55383586111289
93.22994101614646
91.46433233797669
92.77230928032665
92.0640109476687
90.85936202062085
89.12021953378287
90.84358334318028
90.24819663543573
90.00987795538359
90.00441201777274
87.90289727658528
87.26178485228063
91.38874853354116
88.78012818347288
88.8611127297435
88.56286272269806
89.56473636602591
89.95757520172107
89.89673440231333
89.08338821738151
87.32412622600235
87.01530058715434
90.01332263701835
91.87818086886048
90.02585975006014
91.15246081407616
89.37343100851874
91.4124234496375
89.6575607761433
90.48360714823788
89.61718935457236
91.26207180463244
89.67046105465631
86.94817321653028
87.40872270404745
87.59064016179624
89.42402278122778
88.10668144394735
87.77318730671023
87.2859991274051
85.38350166929456
83.91050929446457
84.69501011642008
85.01181815947699
83.50651745677924
87.62845478109566
88.0676440229037
88.71503719141036
89.19817441478986
88.96724323956433
87.49933947547127
88.14458245549966
88.9993890770481
89.15561614561689
90.17294575575191
88.63026089458552
88.62143795545153
85.22577040719847
87.37730134435358
87.81432499393553
87.90516077627316
89.4785320549783
87.85959052881913
88.07546223732938
86.87976908339887
88.97952575047618
89.79452355129736
92.98000019489712
95.50943075856779
96.25009519562845
94.53816978911239
92.62402639355433
90.7483599276523
90.54859252714509
91.10696987342688
88.01527096415018
94.01377087216282
92.90970461706648
92.1591909225296
92.22767965268622
92.31655314188792
94.21387338318485
93.16262640742136
92.9228684475823
92.60808331548193
95.42584565463875
94.41196466638944
96.81177022306733
102.87594119008659
101.72096160747374
99.60075610044095
101.30836475156894
98.49166800461873
96.05958883472601
94.71053604025188
95.14673816647831
94.48794545543325
95.52351057280917
95.67438797227818
93.59119815408006
94.14984480638941
92.56583392273897
91.21349421012013
93.86219392907337
91.7813683420542
90.56581614848982
91.54153812356677
93.7427115212425
91.90120028918258
89.89646447597606
89.35710097849476
91.75717447684836
90.28665171701829
89.64483158149203
91.9651104140556
90.93529018798993
92.60580111976907
90.5408283031555
90.38588369282641
89.37320497512295
87.22073069287885
87.2896716129418
88.2282999194249
93.67211746288712
93.20845655014236
92.19961550297774
90.41448320299526
89.68280755859696
89.7336005131139
87.82012529253619
87.22168136975523
89.02157064159614
89.30716050167413
89.29719792649648
88.43590161483279
87.52577237869218
86.89238094223506
89.93872270177495
89.90604162732969
89.49981573874166
91.70296243851138
91.65111819288491
92.14326197210653
90.07965356014975
88.63172512945647
88.52434464243348
89.59639113010125
89.0208182002249
89.59071740144397
89.8505316195836
90.70786440652736
90.4041440369986
91.18862277042201
91.27657625462807
89.01060037948301
88.32906468446289
88.78173526467297
90.68564071244204
92.42093612794056
92.03305408180691
93.20153758529818
90.28383123473061
93.33900904602865
89.39513436384793
89.11063341822536
89.37046612215819
88.49551305068319
85.97065618976475
88.78159916015252
89.96666097453361
88.80444841925005
88.10638194276163
87.67601473608255
87.66638998225156
86.63526818641394
85.15091501999565
85.97859262523109
85.50341971231418
87.99485729171917
87.29474268921123
87.87549410544278
87.66851212275797
90.38336572075012
91.99413874891665
90.84254468924271
90.38497841319744
90.81902584126391
91.54383353246382
89.07244186406913
88.00461037586467
91.38777331710043
88.45234343643745
86.33709479045118
85.39932514679839
85.28632317542773
85.38297054804625
85.71529075382361
88.39041176157446
89.37485556982615
89.69203138238244
90.09574985206253
88.59453034451631
88.25274390165282
88.0864374741929
89.34854512724628
87.57547929956172
85.67553674140723
85.2833659325109
83.72327658651002
89.6194570923102
85.93689490121695
87.08942510893178
87.93896113314992
90.11374361921285
88.33155908971061
88.77266219131539
89.94441073560915
88.90258853796071
88.4828293627653
87.43690583808706
86.16017103269687
88.47228793652029
88.20833301933143
87.2370710505788
92.51324990701492
92.37171142958078
93.96914385008934
95.20946389368981
92.18992115305325
95.5630073177022
92.48035058150772
92.7985216143342
90.48977663432913
90.49635593936786
91.9460412286127
90.64285861226539
93.8496077278934
92.95445193262788
90.78225667671333
87.2664536867282
85.35834389343204
91.33890101077581
89.83915438704368
89.23141974026592
89.9667550795033
89.43031317168527
90.59557388502299
89.90454307960499
90.72032789480998
94.19114147928083
93.51679970671312
95.1724283707649
95.07862115780875
92.82280217353302
93.79587554729052
95.17962971987853
93.31446504513741
91.86230884841085
97.59160838747468
95.26806146214108
93.55164299883324
91.56868951169058
90.04202093220754
90.50365191909953
87.98467455211109
89.47591647086847
90.67409710906274
89.46643533503476
89.7835916333911
90.72044646143604
89.910754614179
89.9276311425939
91.92902286118137
88.84769395234596
88.63183244914758
90.68604042027012
90.71860787870366
94.69861139286648
95.33121578847194
94.4484167964338
93.85599929743961
91.8463872883748
91.86703609609387
92.52812650209614
91.62573616471369
93.04550764871001
92.38868570157342
91.86025692583549
93.08716727857013
90.21841843815486
92.54755934910887
94.32363141618451
92.71497042953295
94.17266601902978
95.71152511330331
92.55195789644043
100.1101885171221
99.94576299177831
101.78431117741133
101.13894576521355
99.63940105890468
98.25309600891151
97.5244420820631
96.50825013108899
98.95704942933658
96.38750866656515
98.56292823221777
99.95477157306436
97.91552978191831
95.64268135903417
94.87046133986857
94.47921767547388
95.62270580600104
93.56974534417853
96.73257850030161
96.35608137111991
95.96824122267302
94.98104802099961
96.95953395655398
94.78910759065226
93.30704107558401
92.19901554944072
91.33801212718718
91.65675663343018
91.66792750449804
91.13083284424172
88.61576709602787
91.40628275313156
91.67771961668431
92.20622595501641
91.97747501711936
95.84136323632596
95.1532774447518
92.44650027055549
93.38468548192962
91.95367470760728
91.28502199168808
94.29970260676829
94.22926965379551
95.80639382976996
95.59088471662999
95.53528202080811
98.17906473904961
94.32027196313818
93.8315082381649
91.21289782151266
90.44489536108102
91.16959643630177
92.29942149612245
89.84659910409754
87.95168746105787
91.23188581846
89.6216370824555
87.83875096296332
88.3271218310515
88.41031777223296
89.31327930209949
91.6290322754057
93.50998864245096
94.81969949081073
94.80914900283737
93.31971342106726
92.04703092193634
91.94498208899275
90.9925298870793
92.87761726664434
93.40364238834147
94.83460056839023
94.5933072420768
95.03271289335561
95.28438856517253
96.56346517178028
93.79536042540842
91.77386921381272
93.69620946255684
93.6896975994073
93.79602913020172
95.14431589616841
94.1051039275958
94.56613553858327
92.26393661214925
92.63318810973031
97.93453788222682
97.523856963431
93.95422615481368
92.41041458484604
91.08238552336702
91.50266421469239
90.31830612343767
89.47893102373378
90.63573722902798
88.71435824702779
87.75761650347822
87.03000455875069
84.16052115917904
84.03787583868424
86.60068152610295
85.60725040754825
88.6796452451463
87.74764672967763
89.46943081158007
87.36050105193917
89.41296454349154
91.20867000720918
88.79307077257373
90.82496475452852
90.98832161928934
91.06033127378196
92.09609547261118
94.60503729933448
92.90673132607324
97.10429633784295
94.59824704443643
96.0678167924053
96.6883990336552
95.2010574084398
95.1860662452801
92.09815656722576
93.41090613328079
94.49533015528
93.11456580484294
95.35914149180698
96.62190614844476
98.05529380627338
100.55168624060562
98.42946846636008
95.98102131529996
98.91494256249462
98.37242313815767
98.48542602124479
99.00630029838214
97.20909176768782
96.91993900687423
95.14125874037398
92.88204269396434
92.80874221023325
97.0823694418628
95.25469328412174
95.71511977794907
95.17107187105343
96.70932091007597
95.16770125836044
95.09210401708945
96.71875634529276
95.7354918693425
98.27506241712935
98.78500832796175
101.8152335440634
102.03607603799334
99.91955524430321
102.10195927038939
102.58701704225254
101.90226882124826
99.25708985536411
98.4455555554258
97.33609586358698
95.67480176918995
96.01758361691147
95.44136176537339
93.33536376683763
91.44927266759645
91.79374526378784
91.15206667683726
92.11197446095338
89.01933401880908
90.53842602441003
90.84547949801113
90.00633423057316
92.30764583516235
92.74641272442997
93.33042654253755
94.52407765620411
93.32027501327129
99.07543003974811
96.83436275363474
95.40555358476574
93.94910734266183
94.16310764542044
101.80304584605899
100.03119294820434
98.7293511637259
98.23556415807076
97.07469920316174
96.50389783230763
97.23613323754444
94.55762454335512
96.95569242813285
97.55824978953189
98.05097160456516
96.21522812091246
94.46669630208726
91.35387361032865
91.51032651141371
89.43368375861868
91.53416165208526
96.26384986507561
96.19804646093277
95.98971298164327
96.72714389549033
94.81342493103682
96.69242621641804
97.78021670014556
98.69029683622574
95.93100536303457
95.276871717571
94.65418185743617
91.45816632435343
89.91801330174401
91.37207834217251
92.28736129749115
90.91886467900078
92.17371044853442
94.34330434292244
93.66853565014054
94.73853543543048
91.88870073224474
92.861317908897
93.54943704349982
90.57408581540474
90.77677661413477
91.67372480414801
90.92520153965476
92.82467588370787
94.75046270560384
92.08506991715649
90.59506947044714
92.99746348470059
94.14339710937779
92.91567435544164
96.11178093155173
98.44803880425602
96.17861235819854
95.06680213525864
93.73125512928978
91.9553713137652
91.61196747434946
91.65170597286999
92.72579199107234
94.72442771659445
96.05705128285639
96.62835040987044
94.14484446022253
92.41505907460373
94.28848038478236
95.50504163923333
95.69943512965197
94.36100078847586
95.19677622798892
94.57625007413121
98.86116704328494
97.07766315187095
95.61822799748312
94.52563204476455
94.34885413144423
91.13203937895621
90.58102533007578
92.77908379381479
93.64587594494297
91.23600818897067
90.41714647573798
88.14262539460285
90.55679132077567
90.08370051002548
89.21515774227036
92.88293815417315
95.71361408663516
93.6012213192616
92.74162591812053
91.57173766167178
90.15137974551554
94.56509211934716
93.7258022314689
95.07525034648205
99.00008308247845
95.93630825556292
94.54591085717813
97.19860610294334
94.54001898595499
93.63944287002104
98.44549591657916
102.1917228987768
98.6843134173432
100.0927987654374
99.94292837150036
98.94410105243597
98.32848880490472
93.71132427891618
94.22097665973925
92.13069325733419
97.35832198287855
96.7461936245027
95.73341776271513
94.14903399170258
94.08106510556718
92.0254477151008
91.53632974943561
92.67484475833596
92.69347805602169
88.60329967085794
89.4706076966499
88.40058583125938
86.57451486689385
86.93503777616498
86.57202114821894
87.3724983146889
85.26536964858292
87.17938623988056
88.56101870090055
86.42989931269882
88.29215308691862
87.30815242218331
91.72651638261453
91.63821563990031
95.38443451542739
92.28282665979685
91.99372143255894
92.68058392098466
92.55892624712864
92.30468245775933
93.4364573695425
92.82152183355457
90.63960213011354
92.06118406264929
91.2180465711472
93.20366290314983
93.4520400752225
94.2828110487692
97.68957405325733
94.55565051442636
97.20595477417118
94.72313872825346
92.70878401102148
92.53701088004341
93.00945723594167
94.53631901469717
99.90247568053032
101.66437655349453
101.44788183037761
99.18669986074059
95.82679063739232
96.57451852269615
95.78552000334025
95.35094770358097
95.89561169341141
95.85230492311864
98.12745141702769
96.10765675251793
97.90450927863789
95.34027737219499
99.10154842380732
98.71640202609345
96.64700868261235
96.47562495878317
95.58818840452706
96.12789118761854
93.53545496355238
96.3725096577137
96.34907631283731
96.48860969729995
93.3511037181047
93.36154217913196
92.77962703824944
91.80505783183544
92.08601893729416
89.12357161646818
87.57828409529849
89.40001393447338
92.30853194126375
92.22415502389951
89.82033128043673
90.3353564111848
91.19909797733996
96.14184819622817
93.24092256802304
94.20215032697465
95.88881875842225
93.66697361407975
94.78591601839673
93.61357754616536
97.71834324509362
98.18132457521568
96.81910625581475
100.575221543524
99.21913563310731
97.32459479363855
94.58575602080191
98.26788522881392
99.36045672264109
101.16834391982303
100.76606307870438
100.78251634222129
100.66268574845832
101.57178243031787
101.57546761963144
99.91070450533158
98.11418916528025
96.38447189154294
95.68200188133846
95.12128642783837
94.77985309318122
98.27677961657174
96.80011729740127
96.86143911244856
95.87793944368181
95.60092375263326
95.44859450299373
97.53512677525512
96.99086433822274
99.19028757571496
99.8719719225036
101.10143293983072
100.53967998693045
99.8736663809311
97.4712063747442
98.30806549661838
97.08318914610388
100.9583070348472
103.61946838664376
100.4328234292515
103.57190735173029
106.19063849930603
104.59279965129686
101.64950261175494
101.38741318914732
98.58275130075751
98.54197572242884
97.36326207323627
94.60014528940542
94.37531093104965
97.99732344903401
94.23651595327004
97.14539769244989
96.6408706189804
95.29959128300223
96.08539393851774
95.93627312570128
94.59548598545638
94.32234166521263
96.49358033723145
96.85813626268047
96.10307441915505
94.19983746786596
97.18708162078374
98.11117588462896
96.85873723593237
96.98368868133645
98.60418773387764
98.40659869769787
99.07606133218064
99.87255705450102
99.8190452357145
98.59709134658718
103.96017052894481
104.63081296156086
104.70646378767186
103.24003386829389
100.88411570100237
98.47403350885735
97.19252407482129
100.25534544743351
102.47042739136272
108.27285476916241
107.80263202639185
104.54423788487323
103.83030043987493
103.50032559597737
102.07506112704553
100.36263038977714
99.21925215882986
99.77391615011408
97.87791734522409
99.74784958214799
98.6365492613905
96.91768821370485
95.89004923234319
94.27385294409756
92.635468675199
94.74086878723713
94.32713489902514
99.2080464729978
102.27052190761833
101.38724751557636
102.52347354532857
104.09938994323778
102.0733315019637
105.45430055024352
105.06193766165293
105.56184060762065
105.81050139547717
103.95677599237742
103.03634293065636
100.91289525130077
101.33577917979152
101.24126289692252
100.44880409754293
97.91419204552638
98.64343752853202
96.80158253873714
98.1083580091973
97.1371197313101
95.38724193358097
93.59723203668676
95.32949476392014
96.04314820153067
95.02391100830017
94.07805619827397
92.78723598608292
93.88889569528021
94.84273848803522
93.72637234945718
92.49448556216916
93.2366390765856
95.87259268670198
96.65228024382951
96.46873382455772
96.07881284669175
93.82877004778497
94.86451958772072
95.0593365586108
97.99575391234373
100.49690422379699
98.63457019417001
99.5544087340948
100.62205496240225
99.94294378860201
99.36254568399059
98.04705453141452
96.1611657695384
96.8652573086854
96.33451590957708
97.97661743657686
97.61810553589885
93.3357783071885
96.33509292945773
92.66957267284612
93.76861837786049
91.71587847774228
90.97904885429728
92.06743874193441
90.01490309127293
91.80341306369849
91.0451485862877
89.69396478383081
89.48453619345793
92.79401598995581
92.61088835865482
93.57881012442456
97.59742238834922
96.43310442292008
97.11409751407174
96.50681362957461
97.75151625379632
98.64744143457443
98.68848399303428
98.78686248316674
101.47023892865037
103.07619225547454
103.75231973884128
102.97737310382874
99.57002917062935
101.62347453407183
100.49232115998201
98.352415566588
96.97379410589839
95.42374037797511
99.170885341101
96.91339796789367
97.4702427167201
98.3767990040715
97.60838709490578
97.22726893125399
96.73017313160723
95.78708101881327
96.49289244069458
94.71315187008604
94.52535312539464
93.5735562913453
95.00983206282075
93.06517531735047
97.17604070333884
96.7409070703244
96.57758092677783
94.15122449071558
91.25655391173024
90.4502241650015
87.95375434152506
92.99570533981442
93.33737015474284
99.52235998595107
100.71858282150704
99.54954610860838
96.92894205415884
100.83378250463134
101.9234682363314
101.71307854347152
104.85371982403873
105.71171434021076
105.4741836412928
103.88573819698337
101.23763573844424
98.01689486376202
95.68300647190884
98.29514163307249
100.46859706465591
100.00898414368937
100.16586215213265
100.27002588196483
103.32890996700388
103.52864934326185
102.96236044943699
104.35678317304584
103.8842948291004
103.3820694398801
101.60504193646082
104.59812611284177
101.70837024534997
98.82147878407194
96.24224228502628
96.23025731850626
95.05507294186052
93.87236571236609
94.9489159893054
97.4858302743036
99.64990730677725
97.21412315749791
96.81051407467012
96.7846905092864
99.30423526042821
99.52521326502128
98.31780759697445
98.13833433967218
96.17717016085135
93.60354171895104
90.88453797578184
89.42550764218149
91.61772293957134
92.54609233358373
91.10310115028737
96.24864674534592
97.76274525377669
101.2739243443519
100.93791053046014
100.66141132230835
101.04503007651171
100.86748800918902
101.10755586705459
101.79167254844269
99.16428223231692
99.75102418359691
99.27390914365418
99.60681619559011
96.91218660414945
101.05442722605875
101.6380345187979
99.91634118898727
100.11907706435508
102.93233648159935
102.84939932575688
103.54409234290256
102.61177584045905
100.76060389393884
98.16902891305914
97.77592669684552
98.1393754848605
97.1941280038402
96.29312859475273
95.90290154522758
98.64926486488173
95.7507432411188
97.83833829411556
95.68528900141602
96.37704795074848
95.87025498471749
96.77771422230533
98.94899046910498
99.04661679141894
100.20368642468269
99.00798031651476
104.09891539065073
104.28553036170952
105.34822218933338
102.06712327062425
104.83478073907901
105.13959987212036
100.01326236248812
100.89332656384659
98.60986022477118
98.7064529182355
96.68827645359606
95.17575643970703
93.20561343921905
95.30149735399449
95.58926979012838
92.2997494025139
93.2020357205173
91.92658540159292
92.11901816634543
90.89919882518144
92.84655644633159
91.30277522801563
89.86051652444465
90.30883637842304
90.97204605339839
91.71274590209849
90.88558695511978
89.87568069197371
91.36445821544488
94.9407569282904
94.90742998103619
96.79208388967214
97.45705084946005
96.65189587085275
102.82154458166511
102.45764873422509
102.58008420276333
105.21800106623279
105.54723364851583
105.65826862635552
107.99577778840539
106.14895215038938
106.71865379790239
105.31139114774685
104.7034741739411
105.33401992032215
105.41749134774028
100.91259468404641
99.38269125259303
98.53725743688972
98.61037362052937
99.44542106241894
98.23450517147417
98.42644116424891
99.10936506737526
100.41599387982274
100.25898422041274
102.2547115491168
99.01340968375497
95.61930091562942
96.03771249799816
98.13287518016435
98.87017454204914
97.40747679147468
97.80619091313861
98.16883352910193
99.15856118647667
98.2450393662581
101.39544485281913
103.62490901741819
103.70407982787202
103.71296221403423
102.23235456503862
100.26341616796125
101.24773647292602
100.38200757539433
101.06913604709047
100.59133862271474
98.07040850045664
96.97866998310703
96.772216334435
100.49462130141958
100.445671331477
103.38150239030969
105.5722563927638
102.77828288115992
101.07357453503934
99.48370493624952
104.80072797294169
102.6181873920987
101.06933329952848
100.70499099028783
100.2607558873639
102.33990288462738
100.99434996596042
99.07707421029463
100.10992589361797
99.78184166119043
100.09859614914792
99.56194139682583
98.44544133151224
98.46004943457167
98.31873354140306
96.91302899040463
100.56415011333604
98.909851016646
97.71324030530474
96.225247580809
96.55333527734354
98.94636648716
96.0989267484
99.45474703146643
102.89233073412063
100.76057345426813
101.19244319614683
102.88871866829778
102.51864521825792
102.14042889669707
101.12948936769311
103.9283578381771
102.44722898969033
101.26737710501945
103.72443135755351
99.07863993487508
98.8339748857387
101.235633065684
101.05447573365974
100.99834418467245
99.59641889442426
97.57632707229605
95.22163751576491
94.93006109994928
95.07947307116574
95.48413526183123
95.39477499539275
95.94915126863579
96.56818462280883
98.27726861606725
95.73691504833877
98.52136594965093
105.47248038055228
106.02688217393646
105.8770621185113
108.97247500970549
109.07058149531504
106.52680696309054
106.97392439536073
105.57713324931731
105.43955508636292
102.55330954544607
100.79963711836622
100.64932923926791
100.18104111855044
100.1549169046173
100.30895681278338
99.56416538438657
99.44416643202058
98.26988523505574
100.10664975495229
101.77795950534681
102.78190407158307
104.01860737679516
103.78964905444555
104.84011034720993
103.08652690417458
105.42002882450547
106.00362940866884
106.66890190766642
103.44518355307214
103.33833048823747
104.87446425404183
104.8219128109837
104.99093868950598
104.26188684086783
105.0933579267394
105.64264430927875
107.43086390376125
106.9946625994391
105.4628223040136
105.54506862180305
105.56588984647819
108.12837542532264
107.98760797032818
109.17879539103109
107.19037138844502
106.55338214617538
108.07751976885311
105.23580461544448
105.74726635530509
103.63038263005296
102.39556310915368
104.90900395179378
107.35045169910653
110.22198806142308
107.85157945159933
105.04276174673264
101.6516888328456
99.69420022856565
98.32794148473012
103.3416685861616
103.16970410346832
102.96899708718698
101.72478138736626
103.04744765763067
103.30483674357002
104.17986720836956
101.40659499814527
102.2422862745975
101.83205188643579
99.87808469407682
101.64752032521633
99.97054794867458
102.94663204984388
99.84858855432705
103.0532343707559
103.51233293504896
104.91944705386621
106.17279730651057
103.16702295239054
106.41920512845134
106.45193506726469
106.60046573783977
103.4281094580499
113.25721898597217
111.71291444064674
110.16233876250548
107.30436863032743
105.73424987829644
104.3589259306234
105.36039413098635
104.24728849097113
102.83638766670211
102.47538602337721
103.67259176550189
103.85265610061145
103.26580838333683
104.59173185045088
106.13386070986961
107.8202335338688
106.56632027694272
106.90285674881204
108.87389396647933
106.6998131750034
105.03378478316313
104.54636486977667
105.8907905728729
106.47344309511335
104.30270478277306
102.66312851473309
101.50661056528577
100.15611280350252
96.96313539170444
96.63851446470494
98.28637932127698
95.98971519926968
96.5672278485131
94.94079039176458
92.94444771422322
97.67408613616612
96.69291776495955
96.03084212570486
98.35782081250507
96.58264723052054
96.59394453047116
98.83355732932135
101.15074770758797
100.11760994242765
99.653437213453
100.28009266025542
105.27799622325948
106.50590479883466
103.51111701080409
105.03134910098225
105.65083462303826
104.14542909205916
102.64599653877966
99.89803971356957
99.63730133395238
101.53791684135585
102.28268754200718
99.93822778155229
99.8761676486593
100.56371030464298
104.28750958053574
104.71201599062103
104.41964560544835
104.230482547201
103.1483794497781
104.27140783720563
104.08890436730694
104.05269372955296
104.01601789622086
104.09686595945755
103.28763425079333
103.48069118302364
102.37959047404037
101.00883424564064
100.60171882665759
100.52618615379886
100.34221427574114
101.36491826945323
103.69066304451917
105.8730330435212
105.49375077592633
106.28968996662825
102.5563575027259
104.17746998117978
100.61812534437279
100.40690183314531
98.98699136424533
98.23299949416833
95.65454902239841
93.75030994184573
94.13559015599286
94.0677551185645
95.00105473919585
96.20739744738142
97.58665450130854
97.13479016022781
99.30620852416754
100.15162702213256
105.70877020558657
107.64446193666964
105.4227044278047
106.70738240220108
105.50117027322635
106.80364743772599
108.852590434729
103.98554195808096
103.79424424878316
102.21274980877271
100.91968519538956
98.9352917280707
103.4394364656739
102.28367296612828
103.67377286932633
103.01684799794336
99.42687399978873
100.84577671883503
100.83531081661803
102.05941132795813
99.74806290706708
103.66379577343582
103.53184314144141
101.24446100359856
99.85010726241264
99.58580246592696
102.52613903546164
103.73102316328985
101.34833396905151
100.26848018463903
100.05373524452352
103.82941717039346
102.86992662458147
100.58594681226516
99.93742812577767
99.90385796280125
98.38937894356457
96.29671849691853
96.30841122630055
95.33992013837974
94.44470519561924
96.95410066489782
99.12073274042956
102.4761119466883
104.3344037821294
104.04155693882345
101.84874860812754
100.63877044174178
100.90522880097357
99.11951333777374
96.676063636418
100.87408157776056
100.97260427650642
99.90252264440585
100.95747007895513
100.69746319029855
98.23396554311175
94.55006960794191
97.79228606293552
98.46054941862765
97.03069543501337
95.60930269390161
96.36618853968906
95.68322169312799
93.79468922987047
90.50213652209395
92.09885147734701
95.85276669402779
95.7195143922818
98.88378433175632
97.98072347428788
101.05859779352316
100.36029860758592
98.87413124945112
97.47851906722947
95.67898191704087
96.36586074665358
94.17442310111198
93.89603604318398
97.60465179759153
97.79551420885171
99.37544744116148
99.59952604751008
98.52133017470784
99.32665322594748
104.63956979260197
108.276949130389
106.83712064874241
104.80267563902304
106.41052163081042
105.70937218539197
103.9750351947022
106.50816812629161
106.37475272207696
104.98860818886219
106.89614978000492
105.15452674628261
105.70579411104526
105.22109466583068
105.15893361668869
104.60773856363838
107.37168043579464
106.93450822344974
106.55566537844497
105.21969581601775
104.88381900588108
104.54946060385095
102.94705390670937
105.84413065978134
108.40791504089935
107.31801477339992
107.50085422325157
109.6655117801775
106.83796237809436
109.12940200722608
108.41100643465742
108.6992970879771
106.47732267961521
105.8213356310453
104.51304452233317
102.04789910384675
99.82825739206078
100.4064520677777
100.06141663826078
103.42845504104098
103.40627299017348
102.56476390973933
100.65980230860306
102.28637021729864
102.08684189745203
101.70333496669383
102.45142817982341
101.12345898671889
102.39170153746204
98.79878248288493
99.4429767330634
96.75250285131229
100.03470555417792
98.29240161363731
98.26155119887873
98.71534174930457
99.36822896335552
99.55134022446616
102.94388229921391
102.90267415527796
104.76092102202897
103.84837421425043
102.83354642334743
103.54171245456918
102.57143095836929
102.10876340164207
101.09746492617514
98.66389171928164
100.67876457656978
103.49332685169482
103.4813967556372
105.24651337448432
102.13076356749531
99.52618129570386
103.03032466858724
104.5514967793985
107.01233244303957
105.04628791341224
110.18084612374071
112.3170920073073
110.84318531265822
108.25275893255504
110.14696082354732
107.65692857853278
106.35843205138933
108.53213605407497
106.28581269048404
105.9279573844
106.40791038600808
107.64602374659819
103.89573083358657
107.3687884686953
107.15994835511601
109.74672380348827
105.59468344997799
101.86623257707042
105.02942374627865
103.9403214362291
102.33561872745057
106.88072179384821
106.22369469342031
102.80930401464651
103.1849360235695
103.79705731783193
103.2170799964485
104.49980613226512
100.86562266639282
102.45599435145789
102.07064006728372
101.19709229854573
99.75420564480423
100.68515287047677
99.55078460755655
100.05606340250972
98.99047482791383
100.35713432558774
100.6152284589215
98.67845590703699
102.54418835911792
99.80362658777761
98.17511265549992
101.68824047370333
102.2570093363534
103.63303907127269
100.8450242617401
100.5115531856104
101.42825938764969
103.4569789651755
107.15985955837887
108.34788913591969
110.00253530096973
113.31332494499178
114.58020525061028
112.42341834647479
111.42190023959918
113.5102410956296
109.58946893299027
107.63974101290823
105.11961744118187
102.3711342585397
97.84905519598466
97.68351597293392
97.64113895040508
100.20127235156684
102.56312381808384
102.66178170905641
100.04499005628679
98.21116279813619
97.18306158866436
98.98743979927643
96.92297639361588
97.00550557977873
95.3820405724594
94.94723423609243
97.21024430545944
97.93070813071179
95.35985170528095
97.40888995417919
93.50478346415008
96.09003009462188
96.6868826222583
97.32215939107606
97.60346633468981
97.16740120323287
98.15410814987719
96.08605407664069
93.00713576171934
96.5399681550683
95.97460202077534
99.97334782151538
96.6326449134783
99.95822517516382
100.30678571341862
98.33836409470433
96.05194621604531
95.09578975373704
97.62398746721117
95.70730734906861
98.44213940292182
95.97411235626396
98.6027682345638
98.65170429262467
99.59781900135248
97.86797241373215
100.4560755459648
101.01459505187329
104.2591153067385
102.5686699837184
99.34569090107351
100.67556697068603
100.9661375177959
99.1265769567819
98.70689844938757
98.24487550524472
103.42551777136798
106.15566193391223
106.4097259540955
104.18142681549955
105.23167980855537
108.63857360256216
105.28355130432321
105.29643514693346
103.03730630534194
98.82242955120607
101.10577718555035
98.1095630494621
98.67799395563286
95.7038987413215
97.53969656662994
98.79058688478192
97.96643633872297
101.65414957388332
104.83339199541969
104.30260061065628
104.02032380307298
103.2009839141946
99.66732097727746
100.48641450100175
102.80599697404143
103.90348928544645
103.84185802336007
105.33989257865602
109.40255805138598
111.52785421724911
108.16430600774555
107.59740530892967
104.3708579034647
104.23105158623056
103.71142265144714
106.11199824756731
106.0204635015802
109.20768068392096
111.12324169425293
111.00867170208296
109.96149323736243
109.24309979685792
107.70701090489707
106.91609121616679
104.42281046595346
109.9607939684543
108.18468533770005
108.88954075538562
109.87933772748036
107.8538015343634
106.77573625772833
106.5650178693302
106.95491068180625
107.09575628293439
106.2253343305392
113.1193376647235
112.41225857064359
111.94458598184025
110.71599402403064
108.28188122860837
109.06113609218927
109.55982476337724
108.15392264808294
107.98339198228713
110.4188107289287
109.43508300682508
108.07059339779701
109.20068839233129
111.3441746443869
108.59812802077522
106.71981907480377
108.73881107145972
105.89480708091979
104.12522329256508
102.15552018856664
104.95137144821958
103.73468384537668
102.73364786187501
102.61606120701055
103.0746536897112
102.35871875308716
101.41875995853836
103.0164938224953
104.39745240425565
102.9532284146416
108.57121371055264
108.01445176370115
104.4040367795119
108.73318330402239
108.5048271662032
106.13663311459183
105.61408274184666
102.66117255075206
102.29455985714286
101.95781096487917
99.64971400587254
100.31229775978208
103.08691172423109
105.1976134004504
104.60439222688039
104.02271959065541
103.66168435875713
104.09276377339732
104.37484260272203
105.34963288563473
105.86716884197288
104.33550413998847
104.79565705261142
102.65522614487611
101.6303836397393
106.16086890703254
108.14822661643646
109.52111148033401
110.45927850130735
107.02929390312066
107.74688538462668
105.57925025129947
107.39985401879157
106.1242276693411
103.09072046535442
104.75189826738945
104.15878055533584
107.62734421874875
110.45474718820887
109.17289428814324
107.99702134773028
108.5666785637456
107.22083433474256
108.73801287647754
106.67121334087606
108.74395501629496
108.109970438063
106.01494331221211
103.34591328128536
106.66011408999516
104.30947844518566
107.97740383214331
108.56122831957083
106.53555336848933
106.45666396814806
107.02083885782528
106.11116765125718
104.12205422726016
100.72284595013625
103.07878015533181
105.93758186113484
106.0800013867996
102.60784158152063
104.64367309400573
101.48915594439919
107.27911148455398
103.3050993580756
104.3972558252013
101.96619619410274
101.89927267487437
100.89312676470121
97.60569471754413
101.95041114270047
100.52446442075272
96.22809682596504
96.79966671801769
97.45907347923061
97.57666926787584
95.86706806924191
100.3638550725769
100.05663788919374
100.89471253180763
97.83520857272359
97.45104010274407
97.9884013873402
97.40470487920724
101.11538493325345
98.90854969395066
99.52130964546339
101.2801965637442
101.7753622032939
98.5360325873219
97.33706788291596
96.52744599800013
97.4106488897645
97.50510821645157
97.92061352901499
96.0680514184393
94.33932876072785
93.56616439660134
95.33739797673367
98.40535934105192
99.19067349420834
99.25884967594227
101.21030478109681
100.54813428927827
100.90006924565569
102.01624408589618
102.74622224355258
101.52493920703651
99.9979363383608
100.57925382867974
99.08716901448535
100.02295182494485
96.60567952352291
94.74348535718816
95.8014491402676
99.30396748328137
98.17566309195729
96.92295508169927
100.35767212449547
98.52180946964124
95.76143286170867
96.15569718135775
95.52885572235817
93.48921858606286
93.32587486597042
94.26671862916203
93.99063845717495
92.4364610245848
93.2002241574257
91.79487604212024
95.29474683004601
94.84613136029593
91.9743171833083
91.38360558808598
93.4768319243182
92.73436834404325
93.64146445985375
94.08806549728548
95.00925097859871
95.32527829736163
98.53181152255021
97.56992018786242
94.54197764558583
94.75849216507427
95.35178442273056
97.89442284825473
98.4402783063761
98.95585076134327
96.05481763018507
104.64994085193229
104.32765579399361
102.62657989837143
101.41732689392687
99.02827404436924
103.09525542704607
100.96281380704625
103.57123824292303
106.1110684883238
103.90444396615764
109.14961471366993
108.2910292006408
111.86564627591808
112.01027440330695
110.96545908114248
109.9702363822741
108.80657862790478
105.70692570938525
105.5762542867546
106.2743527183877
107.28003609411273
111.87900073778418
113.9865767306372
113.83544487282379
113.8604900800488
110.77217768824246
111.49869338481108
108.87590874766624
108.68599685136337
110.22382605564621
109.75366321041592
111.4056368784142
109.12184973109703
110.18612996777013
110.87494155915046
110.26633029400982
110.24254735883001
111.88019634923796
108.93408415798788
109.54268283178362
107.68867198332
106.93996608850347
106.66434895880217
109.36836564362227
107.75050233191065
109.99850375547203
110.5668639855547
114.21136963925991
112.0577129269204
115.92667990052901
114.46424359593092
117.19522071302832
114.18919823708299
115.85715599671322
115.10820693300658
112.59537542153006
110.12660301223279
107.9307379177938
106.04716284936825
102.0424672018956
99.3496028501468
101.40131510231232
98.56450225728763
99.59639516637095
101.26846070426367
100.37221224532409
100.12097585579276
102.6897499662976
101.7947044525999
100.75390841519805
98.59647395627904
99.81627817701838
100.37493721413091
98.00703903535104
101.4407328976517
100.45081642411259
98.91284106772892
99.38120420004424
99.5817102777525
103.33152648606938
102.46939686636973
101.32084581306059
100.3774168983561
100.45480888860807
101.93431307946801
100.76649414743521
105.30074340905189
104.7625156356253
105.11187774143121
105.00853126194497
102.28118189246723
101.43742237211346
101.49088526200448
101.1845040646336
100.46236023745364
101.32169353949509
100.80360376103704
100.39396409669807
100.96793524178577
99.75168301461758
100.6760019615834
102.29776788091475
99.92911676632004
96.51098455224346
95.55526953931957
95.03483319621202
91.90869475806002
93.60783366888374
99.44349723262748
101.85534223986517
102.99194891327984
101.9057014651727
105.60396877756553
105.11557191165483
105.40487545475985
102.5877903587
105.851854764477
104.69521193071503
105.14505518374983
104.75513931816681
103.62443954718675
106.28860706897531
106.22250889184195
106.25118324980141
105.24029848673632
108.49031863749666
111.91267428749467
107.67732670895946
108.73646380201158
106.8971603767634
105.23592753643757
107.08159660362102
107.48712038677691
105.81437013699961
105.93316279199836
106.28945167802107
105.37845816526817
106.63906663681728
104.64544813632313
108.49970124765929
112.39310641376035
110.3183155364429
110.25660717551104
112.24162029028138
110.86408696871813
109.23427344384169
105.67093590917051
105.77576181993692
103.9003683595678
101.86235962670334
104.41929880089675
102.24607205191946
103.84601775159682
100.98037199503459
99.63097841883831
98.36237846559227
97.16003117494354
98.59851385346767
96.33701086845504
95.26148828034798
96.93490596895107
97.80162274684666
98.27654163207744
97.29253762951863
99.06119842638324
99.92529851300135
99.87239916291789
104.67659340705336
103.54350253123069
105.14299207897295
107.20833545234605
103.0788738570302
104.80244758547208
103.50201191581378
107.27211478256831
105.25149110100205
106.04767671886681
104.66285367099546
102.88130259113628
99.497100731799
100.52489316958847
101.0329297156417
98.7813340879747
99.4377157207587
99.2096902939816
100.71463303889756
101.67277088715784
101.40543138186565
100.45042905696812
98.86273025196058
101.50715701227399
105.47057029622916
108.75599182292916
112.75052472252011
112.02446246213364
112.86365194345663
113.28227126681641
112.9989233211361
114.04578727473107
111.57842153406915
114.12716410843352
116.09144294995521
111.31940935547274
109.42325921228586
109.74526640750818
108.9922003264528
110.77031164668179
110.01075803048393
107.22419658057869
109.91669944369123
105.98530605858454
105.31901639467088
103.18314730814198
100.15357931649343
101.11493675277639
101.76307674772471
98.97884174066846
100.49398541761684
99.39753232896092
98.36502659609626
97.71775463273272
96.27447248366228
100.17339684438079
103.52879261993618
102.47407394318022
104.08315243643833
102.65426721918779
100.9557978455857
99.74996969750612
99.79488252412965
98.55974914168353
96.93378554133726
97.05090300866233
97.43046161592548
96.94821507553168
99.78514881393446
99.2896408215077
101.46956561985952
104.11749525239652
101.47626659283188
100.99735126405719
101.8182573183374
101.05281930995466
103.11034636889472
100.18582329855421
100.35763654928674
98.36441850795653
94.82918211931054
97.65736381283276
97.59740840499839
93.9101008687415
92.86083645251848
91.01191145152036
90.53407268984309
88.77484536944696
89.01524927050443
88.18757656778152
88.14306827243652
89.72048220168676
89.10294068093735
88.20572244106414
89.87169075131105
88.58902658054609
88.05144627353096
90.29814695021898
92.83363876436036
93.94624937556996
92.71045460014956
94.82367437645533
93.11109678811873
93.00470657481921
91.44041825199406
95.01907254835902
93.88991455431486
95.52367411448802
94.80870285966608
96.15459554930821
96.34719524697235
98.31232062989606
97.85294366611264
99.93400713120583
104.84098166535205
113.52046167699548
111.48986310751312
109.13010938599236
111.81425272623174
110.90680645140694
109.99452643387202
109.07311003158726
108.30195781380783
109.70427006556952
108.81096421541166
109.10440501895839
107.07353294502084
104.23904144960323
106.2044608932051
103.91192765109096
102.98993605716225
107.69758129170316
106.12665207633405
106.93716364375221
105.69682432740872
104.35460899012658
103.6683700328278
105.58689124071168
107.28883183490623
103.88142060914649
105.34179198063636
111.3041582536223
109.82397916515788
107.83855606797061
107.12234848101137
108.38500836921231
103.93874534937541
103.34178835146214
101.51579505506851
99.91896971980763
97.6801357881354
97.11488376036337
97.04901167186952
96.54118689258192
99.16711540878875
98.4411019134379
96.82293742168413
97.74596252434772
100.95494908494659
102.38033817281084
102.42977867954833
101.46568869800593
104.27159494689461
106.07787677565472
109.00250645457076
111.90232000356744
109.34816896921166
109.32381508101244
108.74439380113883
108.1694194992485
107.55997311740552
104.71042082327804
103.84105830683639
101.53512515742976
101.70845544770849
102.74251560443172
103.22843832784164
105.51703947057078
105.5840898125163
105.08638985940176
104.46809472114725
106.36826685962004
104.77862918932512
103.4816388222552
104.82201877469618
107.78834682176478
105.09552629768618
106.70098877468754
107.42815028294618
109.10869624344976
111.69083966808347
110.84484556024184
113.15679640288967
113.41286636833141
113.69576490766758
111.33637030616464
108.58509697724163
107.25325138074652
104.40218376516178
101.03535241928479
102.77492186192946
103.09808768320126
103.30025323519176
100.37097926131794
99.7339939625439
103.95296199604576
105.75046628747123
102.30526812097126
100.40604529535563
101.12996955915123
103.50182642836616
102.29457329887924
105.86526747066716
105.82105366914584
105.40281011606227
104.9917894900171
105.50880034561385
108.95986739695394
107.6194988525255
107.33398164296423
108.40214234962824
106.800447051295
106.98106941873023
107.31724657623664
105.64981295864555
103.77113706722038
105.29057997123172
107.5994199771362