gamma:1.0
100
96.78630860682922
93.80587333227557
91.28735238745655
89.07456723680735
86.3232668469387
85.01938216324864
83.10903890775272
83.0449686822335
82.66422659966031
81.43017998834068
81.11276264688613
79.74924285559847
78.45383240880557
76.73395547032467
77.06923729103663
76.29989980645078
74.56877913729558
74.05729612435987
75.1426020636865
73.44801328335959
72.45704767004635
71.17965932091535
70.37781080747862
70.48645483807948
74.61294564310941
78.26147683837495
77.81407153286088
77.21265154068107
75.1709385778895
75.24167749609067
77.46550608645492
79.63743534874264
81.72539154001022
82.78287842109562
80.31302709116025
83.31797219975581
83.81090727660312
83.10262133180873
83.82516189207833
85.48015618601994
84.86093369040826
82.1956658652401
83.6869815664865
84.88437105464088
86.82011395079876
89.02940756449807
92.11686929894361
93.03312970607631
96.56220790579302
95.5662967457443
98.84930310471493
100.53640928024005
103.80230206005818
104.88875172047668
105.2586800278441
105.9675961958442
107.00086004910312
108.49947952152749
107.80365438719512
107.50722514895001
104.60474347136756
104.3860250041246
104.18219630146551
102.9840628782466
105.09423411903128
104.87711722893381
104.90489541239211
109.1696372196277
110.45379034741177
111.17175246339433
109.34406399780433
105.20481612602754
103.40269037594757
103.24723025852698
101.10256108151495
104.80946474641867
106.23185478677716
105.03675863920446
105.78367418200182
108.68918826483855
107.834655182308
108.70184893501632
108.70300542810833
108.52771579939763
108.6782117779963
109.82023601776275
112.34558936716705
112.68048910645368
109.99164690989967
112.40524203723893
111.72905806880296
114.59426403102623
117.51969705576077
119.07966078780291
123.81674842559342
125.3871360503843
123.06010329576235
123.78910290029286
121.8308436222666
122.55095978654465
119.37481661314025
121.38933578847582
119.58368925083467
118.32655637764336
126.74338426293721
127.0444657666288
126.83033031848082
125.70421073627925
125.12065018163362
124.9202234562063
125.24488281418898
124.52174690283769
122.28209487474763
121.65017202163894
121.5324566311863
118.22232664632804
117.72099255231853
117.8829381556013
115.29118527519161
114.63221750345484
116.28201580529897
114.57797208444634
117.82285127033575
117.23460117307005
114.46846046536449
118.88926191776255
124.63468730271352
124.84230635069035
120.69270770049732
121.00781203628222
118.62438382867589
118.33381948106275
115.93040939948631
117.0956218275034
114.92436525893335
115.37622152658047
116.82145516610682
115.51103629246255
113.35310114085065
117.55481557340951
117.47346090260667
115.75231669946388
113.71632440227494
110.07567637782098
105.67177534624068
103.1132698798526
103.52599864507984
103.11106187531091
102.34669040026407
106.05677003265919
106.9729298336164
105.07820467286484
103.90680548819391
102.88236081073795
101.66489660829554
99.83282874930491
96.79651439354498
94.29526409894208
96.15964630777128
94.39720322707764
91.4339246571871
88.13579795785523
86.68672130416495
85.5263126964335
84.58670398412892
85.26699613031879
86.52652643646718
84.45145535258152
83.91220737325422
85.62025331832096
87.76024137205883
88.57731884701698
89.2053851396002
88.505340607091
88.74295017403311
89.16519086561411
90.24694048442761
88.81564131321157
91.86582586772712
92.28612102111285
95.01601995500472
94.54777449838802
92.6768564280715
92.29153692492069
93.20262252394511
90.76042987100219
91.99943498951016
91.98808786905607
92.11085810232345
95.84528321518891
96.97143108086715
95.6765436314235
93.5984086585809
92.96560410288062
92.2007347012862
90.06805427034192
88.79849966120128
92.67588702427537
92.86432295465502
93.41867420265173
93.48610573589706
95.28350748120003
94.57071598645851
95.70649033253162
92.69132321828604
90.50097795231036
89.35195819850625
92.7355246634051
92.79097575812429
90.24560956131239
91.58077233255052
90.83769065632849
90.41948714606109
92.49210748859416
91.85937564259784
91.78212912145771
94.03088117725504
93.80275661743036
96.4499788092828
95.85127882242244
96.00672458162886
95.59949459618032
94.6475461820256
92.49325127761507
91.32697279875515
92.64862279753504
96.10917348302887
95.76426141270429
96.18196744089171
98.173244207137
97.15580771747024
98.29935159294293
97.88062629754914
95.7315334410773
98.21946573680486
97.63103321761325
99.5343230395696
97.56581559977863
96.87361956903588
96.96615969754583
98.61704067208574
97.32248186649704
98.88430998142518
98.55613313267939
97.51355945821756
97.45858676605611
97.46741469794792
99.29260222906849
99.09534460086378
98.77474719681048
104.81227562687171
104.03478476875937
105.90443122567743
104.97290555926097
107.207539275015
104.17176862655242
101.80993517820697
99.71942794512645
95.60914550343242
92.57268443220089
90.33513222434912
88.06434079484515
87.11965052806049
85.75581216999055
85.33340253250545
83.61448204599466
81.70292209677055
81.38965655622826
83.7324255781273
85.8527752547427
86.00683650433449
83.88720206826488
83.67889855574418
84.89653792985123
86.41597915045767
87.27696793271086
86.08367080720959
86.55959552256174
88.09281153971828
88.50409197287634
87.81288896015562
86.86736418701518
89.17603364799172
89.59111155458127
89.1217843834124
90.98008044453111
89.22956502726774
94.60686401312044
92.69886832862082
91.61957039248571
91.09250917768848
91.97595405735377
91.53813645597742
91.76201441651664
94.99648992691806
94.85670591136223
97.1247081963196
94.41375041543333
94.83724210891225
95.53681124435666
95.04570604524591
99.3297010594879
101.35242070320166
103.03970047886693
105.05156649978066
107.75630202899394
106.53270362049808
109.7794214179942
112.76490064522295
113.11773022686414
113.34188585982228
112.6181952973663
112.23593847157314
108.92129750381088
106.07914997774746
106.09960678779224
105.5107614889911
113.59245817577516
114.55770189809165
112.56123317044343
115.20376907606511
112.5471772392763
112.22939426666645
113.61348425060615
113.2067839516464
112.6275291051533
112.61673822699231
116.13818178664759
115.9707721417302
116.64604949206274
112.72384793820018
110.53686851827138
110.46540882774957
111.93992323369734
110.61790498774624
111.70484589372904
114.36402846264754
114.23297743221744
114.61970847159641
112.37951422223529
113.9957591179917
115.74306370570784
114.69873687891652
111.92728479064728
112.31233454012917
111.42813526441778
113.60372832977542
114.18445647464769
112.09327899732455
115.6002831884258
115.04843609015757
116.58747665140343
116.95995396529322
120.34819003803958
118.78173901325567
115.64192560443598
113.56120521161822
110.94448743381068
108.89481351427898
109.72139976436772
111.97422533184186
107.9479006887434
105.03950581409774
102.64534927942675
100.6237155696965
99.38856911716059
98.35210245446036
96.6120918061731
95.54046198147694
98.31378187924841
97.418428072823
96.48921935210409
95.37568734759027
95.67226474624505
93.73553116381056
93.00795573970352
90.72201033939717
95.08901175754347
97.81172049843096
95.07278833177165
97.98250316614828
97.14568088440478
96.60706567370565
101.09633190492374
101.70362950048505
102.512933326072
105.68675792985765
103.65714575057224
101.44944108253456
106.63406042534373
107.43787318847447
107.94165492247937
105.37979843472091
107.89198717727086
105.87866605495643
103.36848612139397
102.62512269970075
99.39799204698626
95.84387879050783
92.951106447529
94.76834750342597
93.16572725262152
91.40348608968105
88.73065537213287
89.13206929454209
88.58153543713877
89.06805814833491
88.23749308697246
87.69416477145404
88.55208744810979
87.98485251536677
86.96842675984755
89.84131609389493
94.9198794371574
93.42596950352937
93.74556021140813
93.10250851677355
94.08666736552178
97.43111876516959
94.19068318347968
94.16018934055
93.1071799255027
93.2318679805767
94.37544083090795
94.3415660543192
95.2422807529489
94.91285595569867
97.48946658189813
97.06221138708696
95.11351918258914
94.06926282678347
97.44591274922796
95.66633410677214
95.90522671338287
96.60857689137735
99.02397267025898
96.39041549447633
99.28520837375736
98.7385242435041
95.79909004719902
95.36918654471273
93.44968843224402
94.35774244156852
97.78098360775857
96.4682338281411
96.07719357007758
94.07411022289334
98.61878051222637
100.6417358495755
104.7562568987152
104.93951557721448
106.51166403143685
110.9192593271428
108.29191217339425
109.9231975607742
117.48301725234371
115.3155420279268
115.92780026382403
122.21293257715323
122.04181028038984
120.23256549227344
118.9525281115643
117.76109830499739
117.01518032191187
116.12367953334046
112.5777413862664
110.62829887233644
114.5953737405521
112.73692035892518
112.72777631538995
109.22132988156805
108.31900385603089
109.09729186469433
107.53175750826207
108.14771618892266
108.80734392647366
108.26534877963981
108.58231274267388
107.34090384013841
107.78789699519237
103.72676336721733
101.69080162520306
104.03573158349714
106.55029785041265
109.454910498733
109.47156196920012
111.4523286828235
108.6141763625744
109.89788374528995
114.58321538811202
114.0936896298925
113.04858113513873
111.85637068241536
115.53201343464136
116.24169331244288
114.30615866783862
113.38452780029296
113.88306208278095
116.0892403197991
113.21513669487452
112.97077447955363
111.09685437901241
111.59157173259676
109.96239059796149
114.10255304198898
116.58538410358992
121.62464224766141
118.08659907673568
116.58821776444641
113.27306981626612
114.01361474150596
116.0291965584857
117.69950321369068
115.34801983480033
114.6952754750532
117.03028237645569
120.30168653025518
118.55369534990689
120.27175788019632
116.78718459042764
113.48173819914948
110.07958207687774
107.4999008929983
103.37759327006027
99.04012804498186
96.11106395891038
93.87607200174553
92.0048144366432
89.02358223857604
86.70073750504675
85.42847249949908
84.53837943281431
83.836065173515
83.16575022732201
84.41483948068002
86.70439503247248
84.9725026460953
87.56725455480557
88.04739065634365
90.77346809625809
91.50120392877153
91.85545054380331
91.73859813116124
90.76746290569598
90.03988395108568
92.98375466396573
93.41352391849246
92.26867901270087
92.84162678105098
94.48543294497013
93.83697910246912
92.93285463691845
93.78576627534983
93.79545811099179
94.84718205468371
95.05965837259144
93.52611397558934
99.98170138807745
100.37839945137236
100.52213613550609
99.60825086847078
100.55758542564035
99.78193723125793
100.81729473033779
99.84991453868894
100.34091606537272
98.86911654699756
104.37595716307793
104.07433528595794
104.03503914317554
107.29089565710483
112.72717665315095
112.43802746522192
110.3842673780123
109.54770863931725
112.85216595753373
113.69493016305684
112.71150835573467
114.74153014454966
115.10725805065373
113.52107589772713
113.52720677765139
115.0964814766079
112.81216239461868
109.54525905793471
110.37973860393967
110.16171639579403
110.54701802584047
112.2903142079404
113.05474006239014
114.16063189980126
112.5855241903606
116.606575392309
119.6529929307004
122.75298397885844
120.7280410445382
127.10827803848615
125.55903718229726
126.19356148580027
122.53929302017401
124.44737593317535
122.70418673949948
121.42768752366553
125.94136856938557
125.84729638358428
122.89303759531873
121.68081168547161
120.24108447108547
123.20965827237391
128.59352550792522
129.44561068350396
126.14172509320777
126.0718377842605
124.63118125402522
123.02099701518593
123.0030433080669
122.81834637245471
120.62701255509054
121.8683453749867
119.39262822305048
117.68467047731583
118.95093388988286
120.69650712805229
121.05956864204323
119.92659225251789
117.39584324515461
116.5782605673752
119.18481106121229
117.96647462236542
116.56943253684548
113.2995811886035
121.06352489306028
122.34643489137517
117.38685272719306
116.68095031822335
116.26976278749211
114.88797796018308
116.26976501051827
115.15291272085332
113.77316237216215
113.42507253833375
116.41594057820933
114.3194185904056
116.32791866484949
116.55960155660448
119.99534839880612
121.59720221119946
121.44643037137644
121.0124877344734
120.8551527404008
121.40757461487745
123.91919385105751
122.84912798785834
121.72846313702833
121.03742070819867
118.33532164252144
118.04388620842523
118.70787746160508
120.51515672008276
121.87236760686218
120.95539200623628
121.53204654075796
120.60379631951284
119.12438335060898
120.1394484408214
117.80329027320272
117.13998724442493
114.23498181855113
113.04496416506582
113.17997564522676
112.46637602774932
117.00068077617678
120.7860328389777
120.21423010495123
118.27291554294274
120.27780261883919
122.02838572665006
123.4584427586998
125.6910513119338
125.9095306656553
121.6235125077217
117.79409405445347
118.25688283530756
115.338655238607
111.49723859336811
115.23037888345134
116.12148529468946
115.75851517779846
115.93089271632572
120.14145266290856
117.89595926025193
115.84074746182137
121.99239772976263
126.00434305510991
128.42286880524307
126.31153760701241
123.76115067433444
122.52204285190068
121.9042497000252
120.54574641897877
124.7434862006342
128.30785393838477
127.91176929061328
131.0784904301539
130.79025039863998
129.57842889784337
130.51793075473694
130.2226690792517
132.07876421764186
131.13715613207754
129.6435146085875
126.43038392594568
122.3259806524533
124.3949174674315
123.78742429776352
125.27088004568687
129.1671611663918
127.6506218376234
125.17042139932832
124.62406550224237
122.89033577088075
120.61540184327134
121.92427568095127
123.52241281918434
123.23167205780186
121.09707894628222
118.6019917320757
122.02384964049008
122.70129001158965
127.59941697752998
128.66662226193753
128.044014624279
128.3191074338019
128.2317910894975
127.25416641538699
128.25997953035665
126.82233975395728
123.5098902431203
121.91313564693894
119.61131237005156
122.85866124788775
124.48136388044963
122.6463047427448
123.45511480461498
126.59305368172616
129.48261724660017
128.0386611769552
127.18996910487715
124.78750948245609
126.10556175504941
127.10303255507894
126.69214312080032
124.8746943946133
120.73942019404174
118.39665207464407
117.16186403759886
119.54086796187045
123.35924787006373
127.56887381699092
124.56212935760804
126.16405254115502
129.81740872326534
131.28523302314193
131.9524639709964
132.54249657981816
129.730595575996
129.33214060698427
128.7171890446868
125.58708900396708
126.25805652924143
124.10255844570979
123.91394842300542
124.55708038211195
123.76734874771958
127.18305074318612
126.36986536866344
124.53990219805296
125.87058801645443
123.84144703937197
121.8535118655195
123.70305636869853
121.75566161846385
120.8499465538736
119.67618996740924
118.1128609429936
120.56944991613362
122.08001925777033
121.02004977760778
121.46961038913587
123.16141453569118
126.79474486435284
127.84588418514299
127.80168866020378
127.44064457418999
129.25212461380235
129.2530630309497
126.62295405794336
131.6776018972062
128.19339806152377
128.75309420889215
131.79215955788743
129.4700317149964
128.00122798431147
128.66563024946603
131.33307497117784
132.41570755085752
130.3651828689656
127.89050834997391
129.36011580145222
128.47260579774803
128.05829367472018
124.97895996951664
125.06583420535033
125.30716233649777
123.31745508000921
123.3996476683043
126.41310806890066
127.79741183809676
128.5626466197677
128.66352245711374
126.51645556656928
129.18836648823074
127.02180818821378
129.63983753899703
126.14239360681304
124.19965149743123
123.5122733074631
122.73984461738084
122.35022577323089
125.55707919976643
121.29694045836297
122.80684897517796
123.35941198750419
121.86039413099621
120.95348396369
118.53375189879492
120.26823727831025
117.12948893191397
113.89384673125491
117.22777687168242
119.51954147236941
118.93027186567517
116.1081566189477
116.52492993655059
113.50979834832195
111.59905678118618
110.47141910324115
110.87947563276984
112.93121407503808
112.56978565871074
113.22283315801678
115.50139815019953
118.56977689042257
119.82081087692308
119.45386143965241
119.13913903183615
122.60385358067442
123.58885485563438
121.57011838787669
122.85677220335961
122.60415297002125
120.7271489713871
120.38595660742288
121.31854742709037
120.25855611359518
119.65366722279367
119.34784687455897
116.56943247377542
115.77664677549305
114.01933680010656
114.14073186116208
118.73874336230689
118.85056752283923
115.94176725569676
114.84055214745028
113.83799908065363
115.85627770429161
118.95321802845629
117.18857277464097
116.48886558865145
115.87296820814603
113.64935736241289
111.70530768594165
116.41336522095163
114.88485323244319
116.49319105247116
114.87572141962364
114.80049008607546
115.69182923431023
118.57472498560519
117.03626614071335
114.5172265354396
114.11009155271137
113.80021933589754
114.92127968519335
119.00593172912303
118.26482666405977
120.64841854242277
121.272565228925
120.56489955066208
122.45655034557971
121.02003069797624
120.98179672512693
121.16957264868064
119.47096301753616
114.29511136212601
111.35605095288345
107.09778181017768
104.88406348592467
103.74850992114469
103.33256970282844
104.1556009560047
104.21134417965132
108.33954332003418
107.0860146559545
110.10984443072617
107.94942002652171
109.49434755321732
111.12442791482607
109.96792456682884
109.2347367777985
110.32303724522299
113.3568759049713
110.92239789404945
112.49427756961539
110.83261186407493
116.24174237042213
118.79494744314097
124.28960309471837
123.44647950432059
120.83041386369553
120.44574879496949
120.3166152025824
124.14392113094318
121.73233042749256
120.24940058167785
120.42224329457358
121.36499322894322
120.49315118194718
121.7233728018499
120.64191708059475
117.52167725610485
118.237243648384
122.85966481173078
120.74248670263816
116.99264140426195
116.25408899189489
116.21829610561464
116.57889732107964
111.97882066814104
108.31636451941539
104.87132361932508
100.88441025777847
96.83208347737855
93.24613797436858
90.42402306375412
89.34272059422668
88.77788610883539
86.64731392491089
85.3705255991078
86.40556220926898
86.28102921083271
84.59791555201136
83.99562579082038
84.51005683231041
90.26220712215219
88.59638389411879
89.27318578530775
91.7925222548627
90.85683272871917
89.10534380062263
91.34552657474967
93.10252379586687
95.75788921867823
97.08652231541058
97.52002609573802
98.73435635841179
98.90522527932029
97.86677789218896
98.61802316321001
99.39629338112894
99.59388459958679
100.69040404194483
100.39662310487888
100.4720995641482
101.56791470547267
108.54946369253175
112.68051793017726
110.47505319707948
112.32438860813308
110.24452696632241
115.4792979682874
114.16061284916529
113.45027587554604
114.26705068052074
118.37893486580283
117.68183259013098
117.85234898392855
124.22462426466306
126.30237628895487
126.10352894958964
126.45587746239049
124.85827823105846
123.39092229761121
121.06667457447217
117.81799849656588
118.85668865012113
115.54897428244315
111.69072170512658
109.47533012989096
107.48248788291777
109.26617973064482
111.10206002482342
110.62683688249844
110.89497035715908
111.30699285139795
112.29279420244828
114.82948588662121
112.84568520624961
112.86195458928518
112.80670534466928
114.79208503503745
112.08085643852962
112.68970051346687
115.9149781472186
119.08689585794139
121.24096519132111
120.55816947970341
118.535419038176
119.15579076041296
119.95430569217446
122.16395089855263
122.7257214586484
126.18436804951025
128.70240243460037
130.00248382203876
128.4459526556646
134.23635956851604
137.52423892864948
137.47969401128253
134.57028911205828
131.02734111681602
131.44004308752247
131.6390174003364
133.14323958284965
130.04936098604435
131.45285455296093
134.6930958725937
134.9526455767583
132.4943279142579
135.1955339962331
134.8912306042583
134.43568063497554
134.77185525122337
133.389514679441
130.87084936579384
130.64895923090228
129.25080168527526
126.36415692817079
125.41386167349646
124.85332957887651
125.4352744968183
126.72957211852356
124.57654246530083
120.95329588400773
117.88751924251206
117.45548502503802
116.95223330524335
118.13005575326986
118.97191030135527
118.20926679179452
120.11267976267618
119.05991338892068
118.10454008778056
116.88578889889382
115.90169726242539
113.90354146552451
113.9525427493391
113.64549438328234
114.52937329245813
114.38313130217048
116.5181469380994
115.331788332027
115.32568009754856
114.18415413663298
112.55622388755712
113.17356979064742
111.9656433466099
112.86799192654932
109.29231304235874
104.83684183308999
100.69912881900872
98.60633032410657
95.29951406737372
92.69904911017626
90.95150922886985
92.7058734054139
93.18776964481249
95.90670701084689
93.82216686227434
93.68793896696555
102.25513198253785
99.51351186798732
101.98565655587558
100.74160893449046
106.097641004297
111.79965349901497
109.56092494199883
106.07693401953944
110.69032826756631
111.87268601261057
113.90939516607804
114.53719750684947
115.71131667961278
115.95512352554978
122.25681964448535
120.6368437110063
119.02500739443371
118.30477142091726
117.45437093293893
122.80398536812814
120.58949663713615
118.12824432512191
117.58470471597711
116.48441747575794
119.27900822430907
117.19949305546261
119.90844729140261
119.13827702816909
119.30064063830599
117.51095510436389
121.14300192933239
123.68117322740352
122.77294042542668
120.93512603603784
120.276303536097
117.78783681307962
120.40498134635139
118.92867378251582
120.17301477092163
120.67904160911036
118.49451542703038
115.62585989169239
114.31977711751843
122.31899194600362
117.69326719015247
116.18096921583593
114.54440022264824
112.36030061810581
115.24490217738126
117.80066453624768
118.46684476394634
116.47960438142158
114.64322902642122
112.22526462131042
112.3798799147215
112.04855221202627
113.46362052967949
111.3229830956449
109.35536624736736
110.57446633947305
112.54233616855028
112.46164400785617
113.49007535633861
112.99627559240346
113.26546968952125
116.68670746016426
115.24466824551972
115.06213756338589
115.97013523066455
118.6246739403925
116.75613506751641
115.73883088440002
118.17371111832138
119.5639486005806
119.18054564229885
120.62135528517041
122.37931439648203
121.38531588454396
125.07672293774571
124.62070532327725
122.49040260248643
119.35607051393275
116.49539430856069
113.05578446140134
111.3276787678914
109.8472016588429
108.74681981792696
106.29604591837777
103.9561403903296
104.40273285929675
107.72156047257738
107.97818229696676
108.78891961138011
106.46459580808875
109.45941832239367
107.8260562101015
107.5889507623168
108.4728731984471
109.51248047053903
111.87250753645982
109.97749049728064
113.2857359085293
112.04443463518142
111.4337841916108
111.10575149710047
109.57389579013872
108.9200064837047
107.3234850506022
112.35628063770841
113.25258259933477
115.90998981665231
115.82806089255348
115.84293364005386
114.0434374657501
116.23082499236128
113.84289203757385
114.03525282648594
117.2105399639552
117.12756046689061
115.8957791707281
114.66499071123513
117.76761606454097
114.1971493866499
116.28541449917599
116.608087796723
115.8005890926403
118.37669804429196
120.2406982769164
120.4724349863541
118.58547790813341
118.69487296102011
119.34805481698766
123.21743570165988
126.3375017778902
125.5657420568837
130.9267630262794
127.45282287944718
126.7345124113824
123.75869686194525
120.05805170078749
121.06860036109545
122.0434683169413
120.70908128222486
121.33449345571793
120.80186161003692
121.33245078300001
122.61663942424447
119.88801139081183
116.34391491123647
116.88515267211999
115.26610535806871
113.2933779252884
110.61860551067701
113.91527221591075
112.60009617955295
111.7500769161837
109.75219843226942
114.62888804892633
113.97312297710604
114.47262388258966
111.374059050666
110.22257808373173
110.12543272396566
109.66669922322761
109.16545222423957
110.18522347532927
112.44340769107833
115.13037918890433
115.76203361665816
117.75743796314907
116.28591803949404
120.48496169090596
117.25449751448545
115.66667303537953
114.18310948298391
112.07333515488926
113.54807254405254
114.84412182690697
114.60377573971918
113.11186185439563
110.42730926745092
112.39946834042541
111.04488296881287
114.75426182330577
113.31679400305933
113.9204980577064
115.69250612003098
115.78115294020475
114.2844147594152
114.47550960822913
118.87998475669205
123.91570018210768
123.82151093169634
123.72291792207513
118.85456170773065
119.55441258907116
119.78432623458161
117.78593570464048
114.91682812859234
110.86730085365613
106.28950246102148
102.82755005260596
99.83324630310445
97.39469718884644
94.7233879500184
91.65379297450002
89.16494265325414
88.82367810731745
86.42094362818844
85.1517004202516
85.82373627250851
85.98700830088247
84.64647521647879
83.84953133704465
85.98887355675237
86.92971431602625
90.42301219481897
91.78983624542123
92.66169225175737
92.9418757882412
96.01577983988419
99.85567520638504
101.52504375890258
100.94085438171236
102.1020199172029
104.18810464788143
106.52434269126788
107.80167549062462
108.48196976227794
106.31678607573892
108.57693392335565
106.78773487785246
107.75154718728261
108.20487722048819
109.23921727347144
108.90779501677237
109.17437893226368
112.52238727173136
108.92187988409103
108.18381391668768
108.25852216654887
108.46217718844707
110.43712731858942
111.36989300206075
116.73563135716971
114.15322918735559
117.88045560986889
117.43820221494185
118.19827634518288
123.35515532542617
121.91899680994156
121.22186965132191
117.95795130396117
122.58579340520699
121.77168171015828
122.16209119905074
122.31698095543882
120.97362999417545
120.65875403070525
120.35730285879625
123.99818448122325
124.75759401737295
128.49024557309863
129.8140135171231
127.91383502712141
126.26065993817284
123.30949407086472
123.32953090282444
123.11119976678798
120.55028399014519
118.89449292075066
123.50642749714453
122.92079293712268
124.28587534508175
124.14154731163563
123.52426669601829
119.98322469369182
120.86687889642623
118.96686050587627
120.83787915551828
120.52515099178382
119.8494581924893
121.40299987997444
120.69078523831902
122.37794106946005
120.5438548855672
122.73774450804748
121.72153107405775
121.94478287531368
122.31387022679873
123.6543119974884
123.29219160174475
120.45365125016491
123.63470720421763
121.40801690752338
119.2610930387101
120.23000459579815
117.00815181454288
114.42411362367366
113.41199025177053
112.08920291667535
112.04534442229689
110.5458846735168
108.9034224133751
109.30021192561529
109.73965941809877
110.02686631275454
111.10044430703907
112.82144825471146
112.96811373888966
118.45069595641945
116.41176855428435
116.2125834158845
114.20065450068267
115.05204464198566
113.65570025872738
116.292708136226
121.25908047014714
120.92085044992916
121.8987507557516
123.55947780399215
121.65818807373121
120.05004357345864
125.16203394124408
124.31912045069262
121.48751711486001
121.8178654704745
118.38598553138479
117.92284340650075
119.04323668075062
117.51502632376342
115.9822884884902
117.16300514593567
119.90599053697937
119.18473787305774
116.841414174845
114.28820844574406
117.61162603167273
115.9709385365229
114.70226933287519
112.38950787809377
110.5127146780419
111.71513622441398
116.3879443442378
116.20504907456802
117.65077542565986
121.00484194283105
122.38624269446032
120.6972663916767
121.51046897087312
123.72484908722262
124.83201961208168
124.738371199208
121.31962192263147
119.49413559728752
117.22118222819361
115.25441189523056
115.98282841646122
117.46262936281514
115.78666177507051
115.708992783988
119.03630715674598
118.25363821851364
118.70437370415185
116.55102418021981
119.88240055308677
122.76765794291563
120.5507563218821
121.5403346105072
123.06403498181905
124.23333179569293
122.24336948747349
124.25319374961504
126.09284371926294
125.36145883804166
123.62739094724785
123.17312197200607
121.77349112620193
122.2194099450809
121.51358153243069
118.72952349611943
118.35250581886822
117.72770770284346
115.36322714667489
114.94393223010923
116.6460350476555
113.53635703919564
118.32139537549388
116.68713779533677
118.74160480414311
118.55549342752477
122.34756421807445
122.3742666779292
126.3108987522632
128.2713695595865
124.14858671798385
122.15883878685975
117.81119039675953
122.54701528170979
122.14981805170308
120.05602834839627
123.81344948300759
125.66131963608508
122.15131772723272
119.47710095837621
121.57492286115766
121.6645943147125
118.09418712030362
115.7847913877647
117.37325694645025
114.22726815899166
116.35179786020623
118.18069826273307
116.23786791833267
115.54714965531397
114.8196383801688
116.383440688328
113.01781458576035
112.80698215190874
113.95765030977275
116.18550245598473
115.71899755775685
117.10252203845386
115.80052571476499
118.31783928237144
121.93420693541685
120.18797921664792
118.07643286359468
119.8199061005092
119.4349406505425
119.17030789025307
118.4248551345421
116.60833082478536
113.61330210243189
112.24169274314156
110.750952868271
112.47854947274934
112.9977916790145
113.44834270510434
115.596622637972
115.64366038325815
116.22742653943072
119.43239561134432
123.20430229168387
122.61843046317274
120.54678664380188
119.4012386847786
119.08152623239506
117.6175203310605
117.03179221609571
114.64684976780741
114.64296145828857
111.65087351309357
110.71133176906022
111.29296728966169
108.33673728438295
106.13024183449967
108.43484120206719
107.27178204899566
109.10646656758851
108.08927329776381
111.78837198916045
118.67642219366293
122.06436029468317
125.7167181859488
121.38025990576
122.07732307991122
120.88495006099677
123.51782295551475
122.74410844449409
119.27402578778819
122.63614674168832
124.747694805254
124.26822179601004
125.4466276872936
127.76191264134312
124.36264442083906
124.30857388780032
123.703556212452
122.74699321911008
120.86626313775861
115.07897799328452
109.61375960326284
105.36411524008508
102.4209126544514
101.73941021885757
99.82904852093614
101.92092305054834
105.02049766540719
106.64916394735268
110.41965905890456
111.14670065168112
112.43116151939145
115.73094230145067
113.45137039460516
114.58824320461461
116.27695975486002
116.30744567432426
114.32162992978637
114.52432763444847
111.92607389889817
112.20180907781723
115.44225159768277
119.45641879749466
120.391113115908
123.48749758649825
121.1092883887807
124.34604205897456
123.00309192433104
123.48677840963681
126.1693427358533
124.98456290886007
125.48234823024751
123.52146570065638
122.92873736507069
125.98706611517666
128.15593621422934
125.4985620001462
122.62392867530508
121.76116255710878
122.73097688580232
123.00793586441108
124.69516633272242
121.05689162352209
121.8225308331332
120.89177636584675
122.24764481941682
124.34590817419932
126.26643641833557
129.14022979757866
125.6245821595537
125.15350698180424
126.39237703762053
133.83754333516714
132.40148761298587
128.06964993714135
124.9940714374791
124.0886363173568
121.12854104147853
121.81114345688862
123.66324868911215
130.52523977992382
128.2960529477329
123.35461520691734
121.96202438653599
122.4060565216251
128.88160306778025
127.37064224004885
125.37184020574016
121.26467580233368
121.21539371037339
120.52802681284822
123.46726027926296
128.55988315702015
124.95752664723061
123.72655383339823
124.08771646339532
124.2627784550299
129.87124766626383
124.96109212901314
128.64634272066485
129.2900602175721
127.37691202593906
125.25399754398914
125.8182587909402
124.5467772257292
127.89419752720107
127.42678391034674
129.4901165604688
128.04779841463008
128.41774567108305
129.626208461708
129.0470137279095
126.71331973684661
128.12881808038043
126.81111110229793
122.896152398714
117.05783822612611
114.9174939599535
110.30048034238777
106.5631235984352
104.8902949393073
102.60725806289824
101.33982201496815
99.52770173347412
97.2746831985637
97.71926523415459
97.72765803780348
97.75593060801181
98.59969203691227
99.84888113129159
97.19377851627658
98.77559151107762
100.29775699282368
98.50730928584792
98.6109475268304
103.52009347137256
106.81700201997158
110.01848926742205
107.12887212049071
105.03903518214585
106.07582752220331
106.67299195728006
108.99034726498292
110.20291214566022
110.66889186201814
111.15083531629806
114.00486748123626
110.59946558760008
108.16761963369949
108.86985574705896
107.17281579077947
107.76174395173456
110.8162088967347
110.6674095113627
112.34517379139584
111.74519820271465
112.35068472595871
119.19410278574533
117.46781771475092
118.35684513037707
119.64196032352912
120.43731120361105
121.74166256392226
117.86592041497245
121.69410619774766
123.11285315006363
130.99700033510683
127.84353251017258
130.57357734526627
129.51144832067592
129.32149390500012
127.78560134052425
127.56753943285338
128.68772008809287
126.90103838124188
126.6404775314954
127.32996440631685
125.32809543056553
122.96974463282875
121.99548600612614
120.59179697691442
118.56148126875793
120.94393456466817
125.38180664570439
121.90814629625831
123.9619939657155
122.08129951296532
128.7174248925974
131.74456606968747
131.50339150208987
133.38729607846358
135.06667676740415
130.69744100839506
129.79480803757386
127.70232040127799
126.44703766278809
123.71625485045817
121.44325942642716
122.86471247853954
126.88685900484164
128.2000457040272
125.52586053225451
122.99782433684517
123.45111441485464
123.84513689806992
124.75830523452309
125.51702577431114
125.07143238770766
123.1363620933521
121.54171829504567
120.9118736145357
122.22944296214865
119.57049251371522
121.78409563586673
121.4715748607532
118.54476193214099
116.63117206980877
116.99107012066708
115.18296087401897
116.80969576667682
118.21802677301437
121.86702803774631
125.52984524214156
126.83266100254023
127.28279457898317
123.15063908023299
122.4018271585991
117.96843493197665
115.29405273862116
117.92411333127654
117.80093032701086
116.98101891346056
117.69850592563255
119.10866317552988
116.38557573020832
117.42845451026568
118.18584328688964
118.31355093101362
118.65622787232614
120.52050806276128
125.13385527528003
125.04735235086513
128.77931007456507
125.96635272727976
125.27412591145658
126.40745603442954
126.93038452555245
126.37715797841173
123.87943474759827
120.81130604401095
117.69749276224998
119.91033296306846
120.55269910593518
118.68047215588392
122.42035723757434
120.31608877742333
122.22323686316926
122.61928437047746
121.96203076878314
118.61341744925222
120.48032111694016
120.10766922481443
121.83835556955115
119.73441894939685
122.15356248501615
120.77227830205011
122.15340986997624
121.03748189252288
118.29765690018428
115.35872688332115
116.45151486742336
116.03890944342905
116.24220907724984
118.84710800612109
120.47756368702247
122.20897574360086
121.04265816843328
121.85793983784421
122.2494676220511
122.76582763561854
120.53769084416236
121.35885264616999
121.16641061572788
124.8063089339966
126.46746535005045
122.57969372590699
120.96099767274978
124.10028348186103
126.96081307056463
125.35055481665087
122.58787885455428
124.9056880919789
127.629967495895
124.9454140472881
126.42569055845516
130.0895994316769
132.311334983943
131.8046243770129
128.97307470047875
129.13010422878386
125.75842278229915
124.79309171312796
122.70319141921864
121.05427749154698
119.94078474678274
121.88728660089647
120.2266546404872
121.18711035294102
120.67346511336726
120.09748636778191
120.23838663972703
123.41545582249321
125.49120590716014
122.06420441184841
121.18358677931356
117.25353010157792
117.73507925741374
119.81405449441498
118.53668426623558
118.78602311278507
119.08132647395263
118.55747627715151
116.60513763223607
122.71294691496776
120.87458187529636
119.57741545424415
121.91408679627047
125.39071751538273
127.59312224223673
127.85218538904289
128.13614935996142
129.74815720750675
128.0770768372639
125.04951736533768
123.62610458429214
127.8784203465209
130.00223696150908
127.83449421148939
128.430248471595
127.66598644165838
128.47363051940917
127.0511318242158
133.88849873788772
132.11945764693886
128.3867395852775
129.95601590097482
129.03715213120412
130.26371955836441
129.15503722340537
128.2804402810555
127.35686549820366
128.39820324624483
127.85524954522946
127.8746868188716
132.22370232682314
130.26367607015226
131.4837421731323
131.76124009288552
129.1771086406622
126.18199567942342
123.36481937730959
120.24363748430537
116.7952216872958
112.29684386026908
109.6418223692948
105.6876539246186
104.02154106800896
102.78201753070947
99.64120092411625
96.36739102191216
95.17911081384415
91.63084116542704
92.76862076419258
92.54276853683398
92.06942335714257
92.60299648905507
89.53208267887321
89.89338118633728
92.73267280557567
90.73858308826927
90.34562578195876
87.99693681508116
90.21502471336784
88.84658322567202
92.03217298192772
90.16067310045072
91.09433799783898
90.57835332750368
91.55016729763518
92.31451810497126
92.97354511586083
92.05578514695642
95.12927854694529
97.93942852986527
97.51527061116475
96.30145161121588
98.58050008138436
97.85278668002105
98.91608323888148
98.47006822463183
100.08556511768394
102.26543827932821
104.57469408853643
104.50561947542147
104.10586597665771
104.23983212581109
101.80450168585449
110.5526662249732
112.27190005739489
113.69985720025245
113.5750060002758
114.10158889318889
111.758476804852
111.15467226653588
112.02535787252452
111.1477545500172
110.70345602130229
115.5288897999851
116.91783791541661
119.35683202574538
120.90259212701855
124.87850815482021
122.86422971206318
122.5200031338218
119.79779061051912
121.55234911270664
123.67619741512856
125.42029731031387
128.08111932195527
126.52367889872289
127.33694720332976
125.80828004432145
127.45842063220157
128.32197185413546
133.14850651944997
132.98600090270662
139.13654184414185
141.58383680839313
140.12608355070233
137.67960267288743
137.78938648860193
137.69029201483102
137.48774612166443
140.5674558167548
138.01101521467567
134.28554065641333
134.6526522598005
131.2240874655643
132.22192741748498
127.90583810839537
130.71554818513744
130.69289943931108
127.23164672829492
127.52168718039394
127.92798885149958
129.2867905762907
130.04509430068038
126.85636636097993
126.80729756160628
128.12377687067868
130.79625801738226
130.81422729423795
132.5750911887878
131.35496772247888
132.79527127234755
130.3238567297044
127.91833790504144
128.4451200280238
127.9865133104728
128.94886191955325
127.57415762529742
128.63119952854072
127.42684686024867
126.5865616707346
125.09647305476422
125.23337286417308
122.6278666672954
124.67928677262599
126.32595162042837
123.88269234456389
119.51068997739984
122.89317263840064
128.31523328141057
134.53589963960945
134.47623476950437
135.70717609800187
133.56111791896183
129.35685769926633
132.52904739487508
134.18503735280314
134.19884152576574
133.2972183961487
134.4901417742721
132.58630297342887
129.60569699717544
130.09971250904582
128.07845517263
127.28557308492324
128.4321456496922
126.2576455810889
127.05525576652725
127.35133309086191
125.06625115639953
126.5788676751114
127.69915877227284
127.88386966681934
130.26060180278813
129.84922558197908
128.10129884564648
127.74988015996624
127.86080950284617
129.03694181618323
130.51234841322034
126.77615242517653
127.11937050134252
125.97444909656187
127.74109543748192
124.3526992982868
126.63068855109259
123.33750825880006
121.0336099885463
120.28065095335366
121.64997554434949
120.45256811167533
120.26946626545615
122.7191726440086
122.25611912315556
121.52877211614918
122.69071176172835
125.62456755943361
124.81594441906478
128.69044596529173
130.1164356934009
129.24243309509308
131.83627949737073
130.47712587561284
135.6251952727928
138.19439544130532
137.49611611125812
135.5932120986768
134.36644084753445
132.66388650841725
133.19328529090956
132.6826415786197
135.70871320201107
132.49946243185454
129.50837223357158
126.52142210024941
123.95307218260943
121.84810345101539
120.59371532918279
118.70832542408941
118.46987128951417
118.61712663039857
116.94158024986955
116.04617922356654
119.06633480670232
123.55592774287511
128.1022489385746
130.66955849341372
130.63925893517367
131.1942217035625
129.3929473833591
126.61210161053644
127.10294016417525
126.72052392467316
129.73937659956093
125.95477162726938
123.04912742019084
126.24051780622655
124.1547953306005
125.79107149646254
125.35039340751858
126.61575834274913
123.95272215978132
122.47988264334313
120.32067073265034
120.87028124832531
120.75568884594493
121.68406196462749
119.61535829783732
120.02053452814548
118.71013183582005
117.74462732977068
118.54962073099631
116.54122207708332
118.96918416100792
118.27718765542645
115.4925110917257
115.65415720086843
114.76574093778328
118.3067810612734
116.72240420005178
118.49302746964506
119.24777992640061
120.45670854348691
123.79104700052959
126.01806376235929
123.97364000139832
123.55237912310493
125.10641877572981
123.77782728707601
124.72118387917618
124.36511254983755
126.61414468732512
123.41131614200339
125.41328440714081
124.87303279968975
123.85735987900527
123.36789352846749
123.45076285332362
121.11326287130181
122.79049349981071
128.20941138695596
129.54560556178774
127.60387760892803
127.6280597309706
127.08813596653688
123.71658112914936
119.69216480809779
123.70606530217869
122.66786588122405
125.45656780448755
123.35391621251378
125.3573190824567
126.27686253895608
125.348470981025
126.63897494567227
130.64337441376387
130.8506012645548
133.43108946058518
134.80262804783132
135.4695061412548
136.28208485075706
131.85347662327877
130.55269348250394
131.33574723784145
130.59092812434884
130.30046056837892
130.74062257753775
130.88518192076478
128.6208279181239
129.14065536248097
126.56633653084053
126.9727821170589
128.96519080171768
131.41178078391678
130.05977556004984
128.2781818242335
126.7482974970699
124.74530697881843
123.20289458544438
122.56264489017381
123.4825154592363
128.70417117108514
129.17694623855274
128.37239945070326
127.1165621582389
126.38389325637891
123.74833232724713
124.87800978186198
130.27594276326084
130.21559182501267
130.9453391532808
130.58671494831316
131.5293744994629
127.86444809313913
128.84845588367887
130.74536249887228
132.0604397036556
134.1520280031149
132.5371608948374
126.6432018891309
127.20758481068225
134.8128506742597
135.41713977597755
135.08535052537147
131.97755962492565
131.82476061943288
129.8443225494226
126.55828388374606
126.38923012716928
131.33697925352834
134.09287429749818
133.29689248066256
139.36439295837815
135.5769323665876
134.67472330368318
134.27871094615892
131.82105667594118
130.35518899850845
132.0130608135388
130.94452941032313
128.03146141353173
124.03271926378139
123.98168556878623
123.40799341147334
121.21474286642325
117.69766420970495
118.06673443361208
122.64947185320898
126.4138786151243
130.8985490693397
129.89228903281307
128.65032829563245
130.44203725052432
133.28793366747115
131.8353116825961
131.90310171183435
135.48399702712993
139.0321679143373
137.1199110455217
134.15104918416878
133.89225907186776
134.19728171927355
132.30858237308198
135.09362058380756
135.08203269214044
134.32848983313724
133.10342104923012
130.74141270239002
130.06692013780082
128.68318231652754
132.53207733898768
131.9282302092694
130.98088808983184
129.4841013608354
133.5932530160289
137.25791488395697
139.2552389110619
138.24445721642027
134.8539484417681
134.15783379530203
134.97095118059198
135.30396860128945
134.75951069989225
135.0085381400072
132.81169433936876
135.34118237750124
134.79139646263556
131.75216206199102
131.07055779152742
132.62853650444285
136.3846728516161
134.8774816043524
132.5101395730309
131.4053241971747
132.6486735224789
129.96999469872844
127.5707721806781
127.58259161364279
124.27139732670386
123.59099168962175
124.16336395016457
121.19498040132459
120.58463528713622
120.73043938920435
119.3208658386142
120.79350209506073
121.17899089689857
123.88756076424932
124.97200792363518
124.50897529733275
123.84020536052633
123.54598035885677
124.6065859467226
126.46871571589331
125.79927797990761
123.13192065748441
122.0642978182123
122.73239802356707
121.51157492508635
121.0733462003606
120.69970634892502
120.0421200108201
123.13039196027802
125.36007409848419
127.63213244709046
131.31119339006628
129.91168549421698
130.28700797958973
129.32595559315587
131.52871316882332
130.46961710833418
134.8644430796568
138.47188244910726
136.21243238028117
133.41442319712263
138.21688941625968
138.13538210723152
135.3642245319625
136.0589251455037
139.40033068847697
139.2254468889834
142.9455854634944
146.71992723022515
150.10407824708986
151.4556956605788
149.3818191509639
145.73375802402512
145.60472414258567
143.14811479425117
137.50046357941216
134.64778145126533
134.21932124297135
137.4219436869118
136.59300684011967
134.71085408745552
137.2081687292477
136.95349620358013
137.24118806228677
134.66127622333005
134.06071692510926
132.65160210143043
133.11972667254383
135.50120328443177
137.77030788791998
135.4897447822299
135.37321329114351
133.50461723433273
132.64369999833252
131.27447473446819
131.1543392150717
129.99545692813905
137.17495859752182
138.23456860363953
137.555770019751
135.73683514288868
135.1070492751872
132.93847363142703
131.80719630613913
134.9285585589724
137.15030868689843
135.4640548102926
134.08108263400456
132.68651166233397
136.0680882323158
136.63131738003787
137.4718634760761
135.50387809649925
130.81531771613
128.2316990253342
130.096475010873
132.34117840548296
133.18178267887188
131.2128648532826
128.44283153688275
130.3752913977033
129.60902367594295
131.56201630732326
134.16370104518822
132.6763659938978
132.68764714978312
132.39111603535213
132.9328677532446
132.22785539217446
130.40209192703722
132.1636788902889
130.38604045296753
131.3766853576134
129.85059168496542
125.15888278907782
127.22679060849369
127.11280061496817
125.62307076030112
126.55517142683627
128.2322009732545
127.46790631364752
124.69870501302925
130.36702535526274
131.79988250753453
129.061588434734
126.81017198429576
127.08917025814475
125.98802341988062
128.22859645030067
130.83593136734314
132.18320750890723
133.2273372361308
134.08790151153121
135.8417804590062
136.01716138573528
134.2116384657695
131.62474155421913
129.14667378466024
127.36424721389729
130.54916904184597
126.73645471668291
129.0479040312123
127.54293945293745
126.19316836273143
126.4036581960061
124.6086851571049
132.61197741931736
131.96764559860455
133.52620292196215
128.74291864254945
130.80973370923493
132.47333522907437
131.5431487525517
131.0243559825752
136.41132515017583
135.90679749886138
136.53380677501744
132.7062144114229
130.45844288500092
134.8630871589484
131.09416483837575
131.3512872879513
130.4669795818767
133.80999189542715
134.78176653807986
132.77365428553068
132.1609366025991
130.61625249766183
134.04042991068766
136.5731409191175
135.2988889133768
133.45170915952573
138.96246792346466
137.13511793566101
134.86738980464565
139.78201879833276
139.40051825402648
141.3341630911013
138.63707988451347
136.76592024793004
135.73327203007435
135.16744310504424
136.451090300293
136.08045323718156
134.6348885349024
133.42568325475804
140.20637895464506
139.34898295385494
135.85509494941593
138.47280346472806
139.30787287127302
141.01628250781633
138.01849472443428
139.24056568241528
135.33973190363932
137.68045331113365
138.01574069423094
135.24606693116775
134.55953888952405
131.23107008813514
132.2556511467761
137.6899833602434
135.49212851069097
131.71111941090786
133.14578321330686
132.8162009775119
132.75019838766275
133.6996583060578
132.92668576397895
134.0961556534793
134.35618968298698
134.19419914371656
133.43820045426295
134.60512178281314
135.14429480851823
136.41106313860678
135.3778995544005
133.5414861862604
132.98812070803402
133.50882041099908
131.02706780911058
132.00201550733473
134.81577852826936
130.68095042050217
132.81274200492186
137.33965123227205
139.5820999993561
139.32396262863233
135.72523412277707
134.49770753137946
132.85175923045225
138.30597357429752
136.18766635200143
139.11794349364604
141.2884844727671
144.9902593317596
143.13079313530702
143.17589530419534
140.9760491549711
139.16101994106157
143.55864860281474
140.74329366470326
136.86376607748159
142.07737390673196
141.8631638896682
144.94714950002717
146.88900856255356
144.6686488860122
142.13376108234135
142.1824295151392
147.08271238923214
147.92777091786914
149.31825294527783
151.521535872024
146.79041302105452
143.63267414978213
139.5308740506355
134.7783174884796
134.28424525751612
135.56454319523473
132.37408378972108
134.1074247525346
133.79428740274258
134.85292548468684
132.21718977052083
130.73924887258786
131.52374493843752
137.7223662060099
134.61459066485656
132.87220993538435
131.3072043136327
130.05435845763952
128.68301009745872
128.18163097507434
126.32392831154037
124.02529527091892
123.30044598754104
125.56721836860154
128.0531276995807
128.8894625102638
128.6631365636627
126.81313649398932
129.6990939761965
130.22834677417447
131.00363852229435
131.06693487231772
131.17337371755883
134.4763537370629
133.92239620940435
138.9099830629126
134.69112775384795
130.95626861169677
130.30631064098097
129.336692156066
131.51190661160763
129.24599413787104
129.24180563889684
130.16816337586437
136.03368170551235
134.9064983478356
133.3825533553605
131.57947762502792
130.13233448164212
129.21074447872178
128.48567679034417
131.0312966098047
129.04947416371593
128.26077989055463
127.67524364260112
128.15302718062057
130.92967580223282
130.45358757330567
130.6685445603701
135.08472874447153
135.2380953645928
131.40554956015748
133.72625292420324
137.4439522797547
136.3476384926413
134.42781260166237
136.74255753534374
140.32226567308834
139.8119919843969
135.25348170463653
138.8005980203962
137.30247480657508
137.97294971060612
137.30876610559844
137.13647194658537
137.16668873134176
136.88858730924207
141.23568297825744
137.87352165123278
137.27090266921078
138.73735162588648
139.5470098076201
135.60520685349186
133.639126076169
134.61046375161717
133.70648199182742
130.783129477673
128.69630630512498
126.26271641625583
122.90599509293251
124.79529228348497
123.54660201346313
130.138197424897
128.31838726735913
130.7735523841023
130.62132260182938
134.64184733959482
133.64767041414825
135.7350766385455
136.6867393688246
135.38933824065003
132.54514951354915
129.40108162543498
127.94017930186305
130.57793499056416
132.91220585017024
133.6887772261235
133.94887328572048
133.92803963079567
134.98452528157733
137.7034845377951
135.72817031375973
136.063317502862
136.8781768177901
132.7224175009694
132.44226147108708
130.81183024322837
131.37225642475704
132.34680380072786
131.82918727985972
129.54997423725104
127.9250558895364
127.630792233702
132.46340640639932
131.4149887843307
131.59132940023738
132.77966617149735
131.6580030471846
137.56187619933814
134.85372955262756
140.4052961664149
142.54979177453328
138.23306617806642
140.76016976074968
138.91630649180306
136.82547747343378
135.06045389474076
134.31147755250814
132.40712490892153
135.45130914214192
134.5296924598118
133.50706694694736
130.83821897042998
132.36960056155013
130.8518830860375
131.38296523861436
130.92503507720258
128.27189726011832
128.43376368052304
125.8324595430219
126.57262582558874
128.6623754231161
130.21110165229965
133.30585204019226
144.47126978076452
141.6364642532654
140.66661283637958
143.03769849927892
145.48580234520497
153.1797543582371
152.63412822980376
151.78886874631212
150.51365254441
147.70339908415147
145.2159403134285
144.2106479781518
141.78190841607505
140.8992407614626
140.95216588778598
138.99238887222668
138.42890096495017
138.07868688756517
144.5879450099337
142.26307935849292
141.47512945425458
140.43240409356636
139.77125088180694
138.5953848630371
138.85353325776302
138.14697936170367
137.68649317219456
139.3467241856241
138.73627617333452
137.46587722888515
141.92578143330508
140.80532663143532
139.49795535979058
135.56398302386606
134.9612889692647
136.11665296186484
136.86252077206345
133.22834719390224
132.80638269652118
133.36720668407284
136.20323904820222
137.26459471783255
136.11699358011384
134.65839514310915
131.95543444821527
129.94328346519427
130.25456284485273
133.42953784295963
132.77986553629154
132.9032492048196
133.09461267013236
135.17248518494424
132.65572267600766
134.561546019487
135.238404749136
131.8034017366642
135.81949818222046
138.53168647101757
136.52947607254976
134.44400198553444
131.9470557376715
130.58509579165005
129.81610481708506
125.87432680416865
122.44288001563265
121.82046252664918
123.04453713668835
123.81553239521153
123.67079063985838
124.43388538523594
124.57756044871438
124.59382583534895
128.18478950420678
134.14509425055275
131.65745865644445
132.7411586122319
130.95495794697845
132.6555549476627
136.1978926750051
135.1148437302288
134.62652699263407
137.02201460524338
134.52641393864263
139.2612042014475
147.93391047261227
143.69369469701934
144.97224836349665
141.70456959718453
139.49437916166573
140.79438413037334
138.19510792665804
135.82878831947016
134.27016096446428
133.2802990345498
132.51662061970578
135.90279098340707
133.0679791083337
133.66300966378566
136.60890858195248
142.17862065550014
142.99425430042956
142.29431265301082
141.80020538866762
141.42612447028264
138.67096106778558
137.82711035518503
136.88117991544368
137.2086735013161
134.5340140580097
131.87163414134343
134.16320668142984
132.18656247063294
138.78692082836383
137.2768598673849
137.03434515102876
138.87453104348018
138.6371258625304
139.73058478647144
137.55701688261465
138.06457040833763
136.3715725767004
133.35601181058487
133.65958391780975
133.10932819264326
129.7279840565219
127.29641677880454
127.79409101890485
124.12253477384557
123.12367587935091
119.81138677585739
118.77363050779137
117.51266115374935
114.366806590833
110.01483977934403
108.22591280952932
109.13942802204001
108.30228212447251
106.44084474835988
105.49210487427932
104.98065234169944
109.6303350772037
111.75470930087087
111.18226329391403
111.89369011285235
109.48202363179867
111.837052888611
112.62078276183124
115.00774746417487
114.38418930713964
114.89552790967875
117.80720202461623
120.57603638788812
120.54532096821669
124.15169262168628
122.79835216885476
122.68477483178833
120.01803498347097
121.84045250863488
120.41168643659468
121.55339393878546
124.44374650760822
123.8095977654977
122.06771932379013
123.58346402666862
123.84513415746524
125.25658046764637
123.5676943327466
121.8311270148618
121.06596864667948
121.72607112313818
120.67541307927151
122.12456215980654
122.41611702129806
120.98801143407489
119.83888018055634
117.6598792582429
117.07629966297634
120.46740215393248
121.17277245066543
119.04692393841266
121.59783922081465
121.23016688952436
117.45943438512501
116.57731906634292
115.8472444962661
117.01935609513824
116.21813889895434
117.84005118371591
115.07757551528998
114.15691927037705
116.40458732044047
114.87502870983094
115.55982659668926
117.75084422288509
120.44904435667492
125.50526839866097
128.03278375847097
132.50762634247997
137.20606824385277
134.82356802200943
137.92226084838023
140.05632717937092
139.72577884621245
138.58327254848083
138.05451202153685
139.63377407932018
136.341278794336
135.427390171031
136.71714832952068
137.08039465898193
138.62480071603406
139.01076251625105
139.47143374013848
137.91582180123694
134.86672884155823
137.88455188225953
140.03131114208617
139.3198309743293
142.43556077103267
139.97654938582167
138.70465523389652
139.52725018875665
135.21340968087338
136.29154382740518
132.44555101417544
134.16405285701651
129.56463596147756
128.50650773383867
127.82552987489593
126.53312220380333
127.40575866777708
134.58467399588795
130.52892674009237
130.60089563649595
130.15074823877288
129.81651075006576
131.73220279508288
131.655898499983
129.6199558407618
128.18967738973558
127.8754934719156
126.9749936805903
127.5541466576235
128.04157712343778
128.2410068076604
132.306912229148
131.33776678217401
134.41429858931613
135.0733859292409
134.6165541141103
134.38559226493817
130.59672269936993
135.29879390802085
132.80653268023303
131.58574901602805
134.80669928957354
133.15302689028215
137.75577673471017
134.8451389176451
132.87009065946287
136.11074217008328
135.3046922517873
139.83071663625404
139.69090794407373
136.30809148872984
134.40079496461146
131.73572566851826
129.7133643216755
130.29562301356862
127.98514841215885
128.88560198688882
127.56192023626153
125.19201964630032
126.53127388341282
124.6919206445546
128.15181299663158
129.11497958725658
128.52449974783184
126.96800042865762
129.69428001317928
130.30870449114204
132.48288356615686