gamma:0.9400000000000001
65
66.19318849672187
66.28770850114162
68.41373162250837
68.1066580211552
70.02250827716642
70.00680904019264
71.2481388155481
71.10757222877322
73.20999295939151
72.45356481557559
74.76757244600202
74.95105585239902
74.78372862761137
73.7646112404891
73.84724798668715
76.12712654863358
75.33959263485842
75.84773434972116
75.68737551706181
77.3279958350935
78.33248946940209
78.85400257488745
77.70827649910748
75.24090586246821
76.60826772269097
79.31838737345684
79.15213463910347
79.23152117914404
79.28491193291795
80.59996918048294
82.13171988925497
84.86436846423607
85.32686897692354
85.44940210278288
87.30597490203377
88.06895958826038
92.78610369753417
93.94137846953379
94.40942264544071
97.5859208853119
98.57940985182755
98.56938440606272
101.95727913086166
102.11002611000566
101.69411425621091
100.09118052408454
99.81573402125078
100.69706590082032
97.84847207796213
97.6366352537305
97.58205772023578
97.57814109701745
102.75649280985046
102.53119852789132
101.40177417372438
99.7135459178407
98.21196549857726
97.37764323059359
98.65318815442558
98.43090487743129
98.47222247322358
99.91957052806211
99.20069950096433
97.90798966851904
97.21268148050461
96.07318305909284
94.14179573685747
93.66628509495935
94.5754794406417
97.02116066651583
95.85697374493012
94.47671954157661
95.22644317521825
100.3201645100068
100.13667403886352
97.60580568002587
99.39896699454609
98.76766225812796
97.67372231593225
98.01236492903556
97.45649116857739
97.71686346531837
95.73149746700498
100.76258517592095
103.28888450687677
102.45188300530799
100.63619395821671
99.04278286548717
98.93628513100904
96.58859895211197
98.24144078368519
100.6714697508517
98.26994444344668
98.70304675767481
98.74093709593411
97.33218294658137
97.56712712954767
96.89377451266404
96.50236657903363
94.96952860065723
94.8744790653655
97.79049466051504
99.73756473162048
97.66477395673354
99.27648962409042
98.90882039434459
100.27905024021545
101.31627331214135
100.64808508200012
102.24483968226757
103.28434124576157
102.67563097052455
103.83989970340657
104.18840070131746
102.02617426522706
101.80760318059669
103.9727450416488
106.6542883384043
109.66271490241424
112.19772367457762
110.81153889518008
110.37255435078467
108.75227636770872
107.99130125655296
108.6600653274608
106.89143147373598
106.76610709664973
108.00715281442491
113.20800437852459
111.69559787336294
110.537860478004
109.48908929532458
110.60285521945579
111.39666259021257
109.43310713847777
108.53908966706527
106.69784580632862
105.29232863719176
105.84725983914193
104.02402361208871
107.11176992706872
103.88060880916528
101.17956170499086
102.27218681549255
102.34676433374909
102.52792514311972
101.40698905412768
102.41530963789222
103.45351606390153
104.09894585012832
104.79698334707665
104.46993589767753
105.03224762309205
105.97725149930528
105.29317706357787
105.58617358661965
109.1006639731961
107.01708012806489
103.2248473763243
101.93117084268631
103.63561584018714
103.43587295130382
103.90145150812269
108.09905576809457
107.5202298918214
106.84048814720933
107.09544309520311
105.90145843253364
109.81625733568991
107.0868998182635
108.45645932668602
110.26594098993496
108.50026724877368
108.86251834780721
111.22171258561103
111.33193337597996
110.43780507213775
109.74827405876137
109.82765228434538
110.91647659513306
110.12014026747927
106.17752156381958
106.58518454060744
105.69626104329764
106.58207338915037
106.57890611333637
107.53474790395438
108.08992691770935
109.86022046156833
108.53156625642916
109.80429945656772
108.90276998123745
108.7288591945212
107.4821683829355
106.18396192791998
104.83481866941749
106.16806632617721
103.01362344976103
101.67567324023962
99.51876666375388
98.38433686545879
98.44270062516561
97.68791215316044
101.07355871831764
100.85096521423642
98.33017373993292
96.74685102819447
99.11238168368928
95.60860213913055
94.5541569077194
93.1093755873614
93.40517268725715
92.69718157318081
89.62065394273944
91.25557868660627
89.67185560215468
94.19440033327173
94.1579748675966
93.86915493218558
93.54619917191722
93.21359034328216
91.5685777122702
95.02897746835005
95.52990408284752
96.61790916413231
101.04716490935596
100.02060581407297
98.47709774415306
99.9551386882233
98.83644133921116
105.75042479079356
106.7313984732762
110.31605507630931
112.55753858084503
111.87393580800783
113.65853570074383
114.57064769845638
115.42435885644828
116.77765186546972
115.04940881908261
112.26696167255213
109.69388510278742
107.27685933665687
112.47552253741988
109.87786056925667
106.75192481712777
106.38458112217167
107.17477941531698
106.71173432116473
106.51035702992662
107.02978276479237
110.09770469982553
107.13382603705885
107.56986593129187
103.77712430115655
102.18471395614833
101.91631964718214
100.88120661748538
99.87993141035516
101.68299705302597
98.78234724600581
101.14081806516711
103.6237090334784
106.3719173250565
104.92973509558368
107.33032202739837
104.64429499496867
102.15894685453311
97.73284942132317
97.68088873564267
99.90657974494684
100.26043929841008
98.12572745388653
100.0259403109976
102.59584935360007
105.28989171138011
107.041503367048
105.30463658186686
103.7908105599365
102.93185751376014
102.64908395350196
102.00154710215058
101.10938780375947
103.47630975624777
105.58437774356082
103.20078269409582
104.33231584495807
103.45785974643181
103.2909120465968
103.93204559773612
104.37228390247492
103.31608465227953
99.57068973542823
96.98609655575999
97.87723204774686
99.27947927065301
97.66251463811241
98.89384821687524
100.97513660246314
100.39606394622481
98.70323609187477
96.30692190616249
99.16358838037141
96.35792590062397
95.27306775487594
95.82129757106115
100.30537496788617
99.60428809039638
100.96925527220154
103.17322218885624
102.09741184075563
105.46643141356118
104.53390349600635
105.70800360386471
105.1006962135316
106.36588331945384
106.54781068707412
109.09740686213192
109.41471556207135
116.34869159847538
114.73635632351402
115.54095438594906
114.30620886870105
113.47664251490238
113.00465509362961
114.63145211158455
113.82261278045792
112.92351475873018
117.66822237936628
113.17997490505897
112.94144470980918
111.01077680763072
109.42651627338587
107.93235554678994
106.49869231420573
106.12269293588709
106.06913664336058
104.6464408378938
106.74053017178174
105.3334324472338
104.55918236042933
109.35929005724944
109.6933931614874
106.79909932060829
105.25160887485318
105.06662715256552
104.38441068259257
103.39274181635248
102.24651697759438
98.98237454438262
97.2928507970119
94.93991420419265
101.88247292863802
104.60227398147266
104.21125949022118
105.1776836676968
106.54166593431808
105.59799027968796
107.31929611478728
108.61634680916056
105.8479931212978
105.73118684306783
106.00654496772886
105.46458637290448
103.20933052399275
101.03305011876307
102.18425129672023
101.16735393246957
101.65360458451978
104.22285565662742
104.21883499970704
107.89208508778528
110.4517648510772
110.9530913740206
110.23353772381697
107.93407547303697
107.40052020025765
105.09198448080241
110.13106082521603
111.22080403206267
115.01353679889213
112.93108237669091
111.50734268791736
110.46913575056605
114.48637600205265
111.21362686528953
108.71284457297688
110.54411535234702
108.54023289028152
106.97759562410695
108.50965412281978
106.89126348135538
108.62909939091189
106.2243721168851
108.09748350592815
105.92061917797048
109.65905263077315
107.66097291401869
107.43636217844335
109.42118545833793
108.2119809889053
107.91986878525643
108.60430641020828
107.18080144263703
105.12435851915525
104.3479576636962
104.80319406610909
104.77315675717017
109.90977273782292
111.60811198218913
111.04072928955514
109.23296697380997
107.28609883910791
108.28610893553532
109.18841218512848
111.91344762437632
110.03167413515952
107.03200215754171
105.09119007336612
105.77774539140931
107.31018919364695
105.99570389909175
103.06840344915558
104.59392742530072
103.80633786118008
103.49784808785053
104.92727275098656
104.6191019310341
105.6838605820587
105.93237173302481
102.5535699796515
101.90496197468123
103.46603686493393
103.24680123600238
104.14307641111759
105.81353143072201
107.98291570205409
108.69488990022126
105.89548224253139
106.37816434840575
105.1292271121459
105.67680710455114
110.49974982522417
108.58411923046704
108.61246853121915
107.99860784760315
107.61686628916088
106.68979457699727
106.03516594034056
104.81946975295362
103.16936233436205
101.62425409183064
104.79945189561789
105.53662002437339
103.55621486009484
104.99781168962878
108.145220067129
108.94456638216283
106.03724732193392
106.31574163036066
106.24625262968786
105.56375700539964
105.40513709432766
101.72413928571315
101.35794054396618
102.01779529656908
100.0315380671068
97.00493635559125
96.47348847105124
96.05181625320799
95.38617381187373
92.67047247653078
94.7461024293721
95.94299544956695
95.6784092875272
94.96784711329407
93.50923047662252
95.02717840600778
97.7421104391104
97.1081980430611
99.20829376463567
101.47952766542303
98.60194093048253
97.84479595940351
98.96451730075707
99.37488696192868
99.3394121491846
100.16970950690836
102.00848935699646
104.48024891362046
105.11920288719777
106.04729145510053
105.94747428205756
107.50636696426858
109.33290756298871
110.889910432544
111.03016003892148
110.91554946709168
109.93332449709973
108.47576282118017
110.06261375319748
113.9171981695178
116.01056406088735
117.05239656754857
113.83674459598899
113.3059701867464
114.4107311076538
112.59271836147649
107.0601873750404
110.4957182284406
108.07534572107052
105.44804749574797
106.6860982346404
108.26257230441898
109.59703369875635
109.59021213602945
109.13213162003497
107.71784920474121
108.79116593623426
108.81623115321973
107.34325866902621
106.9509985194989
107.77180026356507
109.13532427986793
110.16676773253111
108.13805346856383
107.11409639781628
107.15205078627291
104.9292119102652
106.41766425165369
102.88328334257852
100.00295744270996
98.75834245936771
98.17211301494108
97.46633508524238
102.59455551886457
106.18902782088676
106.5457996254005
107.44209449450432
108.82341354582937
108.04818506218764
109.8705059647676
109.27857553955879
111.22276293852306
110.88900910314473
110.57040744645255
113.05224015807286
112.86759674337966
111.10679158462713
112.03947437225794
113.94057293394116
111.92529836518817
110.55117838688248
112.52668675368197
111.76901187750877
108.49785518579199
107.27743805338186
108.95197309212936
106.85394945163678
105.95367950220563
104.75578651269026
102.3641170918983
100.15433739799579
101.02003109466804
103.7811318089223
104.37087009518645
105.96026698767452
105.13259826892909
104.82292222943691
106.5370924785691
102.39628131964658
100.74349063175076
101.6240927974206
99.11984181635033
99.03461050431457
96.56495740316238
97.88537559182343
98.76789640020952
96.2062898901509
97.14559668167868
96.64995871878838
95.43617058715778
95.50911776517303
96.03938861628829
97.98536400589985
94.09594295206945
96.19713840140204
99.78408572256319
101.75054167213428
102.88651036379434
104.95967826000891
103.41654453767978
110.9369466552059
107.54788713610425
105.78559655631022
107.61442623297721
110.1412522936923
106.66752685847123
108.28445581386725
106.52350373827825
106.75581099833198
107.5513783301973
105.36674902561624
104.66835442586485
103.13368697087239
102.02879888104174
104.8078360312036
103.09881098096076
103.69756929042163
102.55520261231702
103.44864359585453
105.57740077857082
103.48575516987
102.33903287353122
108.0315414176461
105.62854921760004
107.48499611111525
105.8232424661742
103.80814227006016
104.84090597255067
104.20962855287077
105.6852981017737
108.91776734123616
111.30618572531885
110.10257605369502
110.14034983292031
108.14316272561506
108.58220758698141
106.90657573273388
105.42230333122939
106.62791952190933
105.07963705612168
102.96263438341236
103.39889599382776
106.19264307732597
106.39843468560832
106.85408204634402
108.18546876301258
106.27275564970388
108.08315932888777
109.7131971804783
107.66705553393707
110.16122458339974
111.09493818982565
116.56071784922865
112.96281584036227
109.70511374391774
110.21786206524662
108.46004045023055
108.60698181884918
109.61415163046152
106.99178504205581
105.30054131691604
104.61788090467556
102.42118242042562
101.99154220620694
106.63314771985843
106.83652671985026
105.18711483922647
105.84908559423582
106.92047301406454
104.02068577417637
100.72470248197634
96.72040493477465
98.61657816862264
97.84667635695583
97.25248156163332
99.40419271711902
99.18767382198882
101.98274196551088
100.582970524695
99.73090189143265
97.78454170965587
95.62591971924982
96.75350549661657
98.61784314886152
101.13147021146438
98.44345848950455
97.68855559777477
99.73209813071854
99.25171856069045
98.21937647741971
97.67634975116702
97.91094587316157
97.95429193321364
101.32839423801582
100.76226530824526
103.2788088889919
102.95784391006147
100.74405902269443
104.31775830844082
104.95280876247314
103.25899855278165
100.99513869344074
103.60258507299118
104.98727197031442
104.74389634262006
103.70889701277301
104.29897211933138
102.16138291807228
102.8821536045115
101.92134098716609
102.32542031990715
104.19973971726331
102.60886170242169
101.798381926572
98.49824246549133
102.77772806491947
101.17779450894673
98.75458784024856
100.5524459941045
102.35185835142812
100.78981517921737
100.5087356931034
99.08368425206466
100.92732195964778
102.24400794003958
99.82529365455812
102.1174115857658
104.6221441142465
105.59721339974355
107.18983551469684
104.71766076415335
105.34767814058182
104.39776046354959
105.10423928869115
110.07916277996289
107.61405956084995
106.75262350336025
104.72257667838315
104.14640947483107
102.82638728917433
98.81609561882183
97.37629607215389
95.09113907739066
95.36084022320301
95.38186034516973
97.91007891366176
98.5735763430434
95.86775499534939
96.91335130883641
104.23024472517312
103.09271958388635
106.13539421228072
106.83534397566622
106.03548770440713
105.02721934198158
102.82012493708811
101.75954090906433
102.92809241304454
99.1525870254325
96.23321453038221
96.20583142420001
97.80476722979246
95.53159519161649
99.92189187288159
98.7295461564155
96.2500442283067
98.68037678235501
98.77411495469195
103.10420414959616
110.50649724439137
110.10859431504093
111.02229605581456
112.37318400173152
116.83934818053842
113.96086602957686
115.43782136396064
111.76092127142155
111.09063833140809
109.6923732029588
110.88599493333633
109.98448773752811
111.55997237053577
109.63298361333491
106.43491406504612
106.90079983561164
108.95958113491818
107.05209568355704
105.57443377046981
108.11948108487293
109.84364113364863
110.37766037553318
108.69529177334559
107.58838928281655
103.37518737373534
104.32243577028495
101.5681609258198
105.34946640942951
104.7856741441967
103.3054352528567
104.87971793099348
102.72317400659975
101.14530741813942
105.4093046053281
103.4951397778201
105.90604183140967
107.68997589993207
107.30930101527396
105.104504989118
106.79031262753216
105.31761314684881
106.06222211967665
105.52134087998317
100.54386595318557
97.6162309531964
100.16060910227162
99.89318242083019
100.29103225534695
100.98430466737622
98.65805385689481
98.80588217725966
100.04451022524873
98.65372155342496
97.62050454324257
100.30733575060897
100.48924530734452
101.47082552043283
103.3595386639421
108.19602357707672
105.79135143408243
105.08713738829522
105.57751168189714
102.36680451869373
101.95983597036566
99.54176840464022
98.62329495213717
98.02394754630785
95.16239355144836
92.3817126426095
92.05082451347909
93.73353192066152
94.71312885278851
95.3760172110059
95.4255315607142
97.70885188954665
97.67895945407473
96.46039709753482
96.94314592642657
99.4438067787515
100.65973853893098
99.0331552132377
97.0002407498183
98.88752736146145
96.66352871187878
101.04143382143826
101.38905138525844
101.2143611793868
99.50745749808462
99.13005455041655
97.3632619238554
96.81396000707419
97.30559932823547
98.83081306609976
96.36899431826102
93.5012600036524
93.59859016698277
91.89280407135118
92.40045258343261
91.34257649357403
94.52252756053664
95.37290825275788
104.71345478478158
104.54298744445289
103.53046862634321
104.672469828753
106.21352144767789
107.13981907561218
110.85919585239566
106.81936274804531
103.18794419130154
102.88707726792708
105.09606668040057
107.71779218520143
104.15961531237822
102.71201129975593
100.91473371428019
100.72461027099435
101.48731957121788
101.42924957247058
102.25869277800113
101.64223646464173
102.67217737911139
102.17639923854192
101.05147773846558
103.6964819293229
101.76240163486051
102.7033712402679
103.9899625440374
104.50526589689875
107.07169710034363
105.41066456927665
104.51537144454437
105.52587169556766
103.61338353755455
104.56676473268519
104.12859512617113
104.05681261679406
101.87106631887976
101.00376508685481
101.93510363884165
99.55991984733274
102.13955100058405
104.16716950687807
109.04011737841039
106.8644355551618
106.33776366494769
107.28888542236176
106.96380444611314
108.03864129235961
111.09331110187945
112.69415975403214
111.8014682158614
108.56744471002834
113.09980086112576
117.28498776551942
114.30330717408232
113.95454861320623
112.26562353528055
109.26520526432027
107.46731604368769
104.39601108495185
107.06675400765396
110.75825101743406
116.57018536375656
115.15510589002102
111.93337289611175
111.46635553206477
111.39963329001323
108.47393974712085
108.79222405019965
106.66859226644205
109.02178331206315
106.5508121965628
108.2086715708044
107.73563793947412
105.22844404330581
104.4195646959355
103.8183584789262
107.24163931281645
109.45186638531543
110.9716349394518
111.76797407825893
112.93421534207353
114.21793692411073
114.97535429044638
112.55007165435018
110.17731456814337
112.04885629580366
112.03501249621745
113.91336308484061
113.77141031714983
110.14427031122443
111.52658773867759
109.67036538048178
112.81457567217949
114.23283957738718
112.18875838471858
110.1868016608849
111.97231326863306
116.62436343382782
114.57320797668676
114.33566660698311
119.85739966411215
118.06157449466718
117.02107794208544
114.16735061488843
111.75752094806953
110.58024674777285
107.52621233103324
113.81069510852073
115.69106024736327
115.11147629266262
115.15223054453284
114.48030591874479
118.1480708264852
114.77172040400718
114.11648149587643
112.62116800048032
112.3215306792499
110.67454199357842
110.78374466321765
108.5083064181283
104.85699553885263
103.98934920579912
100.65309159230455
101.78901078933005
100.80734637199015
100.81208569392248
98.85503039973581
101.11219084639909
98.87639377160845
98.01597142461806
96.84904974568815
97.77196362820224
100.40303248500682
100.02800267308758
101.0170526198226
100.89894795001985
101.77304424170306
99.88977027363664
103.97658044900508
104.3702399056639
103.59062705625489
101.05962311797437
97.44925524894724
97.79554048843158
100.63565543820604
104.13687549617946
103.58100933900529
108.4219910688612
106.9251349023051
106.94442012618532
108.59847554973764
111.90859963612496
112.43958945215138
114.61320091525596
113.76941327674152
109.33784949305927
106.8374656756322
105.57557654304371
106.3777316604363
106.27929204251372
105.97713295045914
108.71204225054505
106.30436082806618
106.92975558870573
109.33541927415926
108.0371800431236
109.20701580948722
110.23445638166564
110.17089055695564
111.05986423879446
116.40582525695841
115.87717410307526
119.23126953146064
120.57608387778086
119.14796652959316
123.996225034891
120.14235336582406
119.54842632032567
118.63709031610874
113.06972219719208
111.93194677916408
109.82594952250363
106.39608427376137
107.29666840696284
105.34143581407794
101.45210327643042
101.8706416400388
106.69409329287708
105.01393990171621
104.69601043470436
105.28083117946152
106.3926477826115
106.9631952923229
102.51566421273812
101.45087348255603
102.3516377805932
104.74618168663524
103.91998378003733
99.92875916394745
103.09233442044872
100.60327449981064
100.93210902946728
106.66117459703577
108.0958998046509
109.33964747806331
109.0214147479307
106.6549176627028
111.70677651416324
111.08560621349801
111.03880613888239
109.780099130599
109.93523904466858
109.93753670911352
110.24932138840435
110.82465222355104
108.94581534196179
109.13893467630511
109.19454372306929
109.76055255765073
107.56290342429905
109.28908421626565
108.91171152505153
109.88763328561683
110.19301966983848
112.87664695576454
112.61595900199188
113.63520170494897
111.43166163319003
111.43549030717487
114.36101484982788
115.48649352002644
117.60341090351083
118.0977554124865
117.91428733588673
114.96525745243697
117.61225531807953
115.94333842254616
116.50716580756499
119.79590381836081
116.84919257166786
118.68444859026704
119.45883619577738
116.7809993461175
116.95761155332501
113.16036224656169
107.71403116099104
108.81925224735124
107.94803016359465
110.54310679370828
112.0413169619331
110.17648056250219
111.28064857092
115.72887429770836
117.43813020656278
116.68667716973643
113.68879913676376
115.89981977574794
114.77780494537812
115.7563226225996
112.09254861076677
112.11474532086967
110.38722489490236
109.59584525766198
107.97627495940424
107.1813336315053
105.2874582308453
102.00413382477748
104.33589946082998
107.44794088876338
111.31111322962495
113.12070720443423
110.49660833949835
108.9561224976839
107.3487383909999
108.81168718335081
111.48356693119125
108.601892625682
107.63649262662948
106.62559298966087
104.89059264437401
105.31907919727
104.06051064869104
104.87308759031146
109.86622274343347
110.29941634999756
108.90342102450725
106.26171655300622
106.0624918373324
102.98690420284493
106.12418046192877
106.67725956632127
103.14788801533936
104.77378258322223
105.16741270768952
106.38664674444118
107.0686209846029
107.56842640884139
106.73716638184717
108.42526615934538
106.39101559784268
108.59078265787291
105.55142733101916
106.42068620309203
106.34848198594418
105.32581056384646
109.3016192242406
107.29502024981895
104.83978976878714
102.72593831958534
100.17783903099154
99.58637314378333
99.45983587950388
99.20569585434714
98.79766804563211
98.50554522513501
95.90789704667601
98.04669796468865
98.26977088747702
98.15035258813796
98.15796374598808
99.66749370368672
99.14953444737262
98.58977998276762
99.35771535527275
98.91620374608478
99.852850118548
98.69756846586516
98.93856138257424
98.6952066544003
99.08306250466674
98.15464832637618
100.01470315470578
99.07342266324747
101.65324367930837
100.79361542871784
100.96663728214601
99.04034547686494
99.28046885687132
97.75602296583112
103.97621759899086
102.85462730966903
103.81218324729139
104.32595289718496
104.15439738758155
102.32674215846144
99.45903177094225
99.76932602421527
101.73967422628598
103.76501746785367
103.90799860339914
102.84301345481751
99.8914182250668
99.7343443865829
101.80457899139168
103.96865180759907
105.18792964686146
105.42952065326006
106.29973780434801
108.04626752382198
107.18855527304873
107.82695066198481
106.69228722540396
105.89808989124849
105.01235469130873
107.48193189476332
111.43217601980524
112.34814649681847
110.6885408284932
110.14288111551258
110.13008866004336
108.07728521934847
105.35980738934849
104.51507966802316
106.02128717939046
107.40822931121478
109.6927505696309
113.48589902984874
115.83311244081034
116.90620547133541
118.50880010314086
120.80390102289687
118.51571333226242
119.43449618712422
118.94327535273692
114.75183148225784
114.54368599577641
110.7274383525399
109.23499907529468
110.71848898201354
112.5788788814829
113.92298631072009
110.66473094629691
108.04645508272012
106.29068999253484
106.73079779577742
107.02219052337736
105.53394380757489
104.83545624497432
104.83077740304934
102.45251813767374
103.88936362890814
103.78152632120992
102.2200400501597
98.45277329896487
96.58891823779905
94.39243709995606
94.73216735575397
99.8093819354814
103.58045106006962
106.27397067441758
107.08173609343766
111.20152375995848
112.613678391799
114.67923099780096
117.19816222000921
114.57589721529102
113.7365090460455
115.41191291466531
116.08163832563847
115.80131179708613
114.56747163710342
114.04890031798793
113.46483301362537
114.3150255385927
114.00297166888754
111.6844713795198
112.19600592529218
111.72214628811531
110.90761597731236
112.15933448180942
116.36913950445813
114.45646029641172
112.9515379980824
111.07306665458951
110.43728922500368
109.41999048016113
109.4004378810812
110.59648453705283
111.37628349438978
112.29177042583632
109.92791233605381
110.71790115859194
107.90924079055435
105.71188447738388
105.17808636377809
101.47756881218436
103.7302402417456
103.94767531685824
100.73354596446801
103.40491598664902
102.59252724202499
110.13383604862344
109.84856639744746
113.60158900379865
114.47603172405212
116.18653347395282
114.4495120201566
113.87733241532342
116.14402504364212
115.20360778331622
112.21375340929693
109.79969025261731
108.64605296775503
109.00913584846002
107.58717930877908
110.27817165962885
109.01624509766603
110.346867894212
110.49422399366703
109.20348916708419
109.70751476189658
112.66541866493152
109.25121737903491
111.01164570649067
111.6112086488065
109.48319954778573
108.37352284837786
109.43576064669502
112.99818043253572
109.94896863299574
109.26621286766205
111.85424751719881
111.01953170349648
108.66326222055204
111.06373463300348
109.43040459047465
109.86598327082626
111.06158762701492
109.16492912227024
111.78396015493121
112.08853862513115
111.46851818153057
112.41919184042538
111.60239254302324
107.34551484926422
111.73838743999248
110.40719179565941
114.23233942694853
114.08337765289818
112.86879892746256
113.63235850983983
114.2169163728512
111.67957614477629
112.6890761656723
115.18607827811903
113.8954598820325
114.92120909570325
116.16023186766242
113.3723485858984
112.61672477975453
111.40305395616842
109.81319204056386
113.6681489454489
116.54547066284731
118.27961128108997
120.17630038104487
122.39136194048271
119.40877401019988
116.63753236745715
117.2856879040288
117.5118070853514
111.84665948265402
112.57910816313584
112.47631855579235
111.99087611952406
112.48383612108276
116.2112523986427
113.67756329335577
114.48279950232575
114.47683299559326
116.28251134477819
117.0486383268399
118.74277777311566
119.84685691155585
119.43615950376814
116.52256119937111
115.3468482584889
113.32351187423578
111.4513796370883
113.78212752426104
113.20821698034521
108.8599837884838
109.11320044080033
109.04971952364573
106.69035277241319
108.66319138201847
109.36561421992354
108.82863486223751
107.48092482699678
104.58038022697203
106.35888569816026
107.52472950524134
109.20701022120868
108.38430974953774
109.53881751737374
112.63957981251204
111.40096380862688
110.05066124041872
110.02446125164457
111.26487825115252
111.5428745075989
111.19189618234633
110.87174756019525
113.48212723925016
112.99285265061874
114.41257358288816
115.76792588971449
116.43456549454879
115.50820236118861
116.68171059662173
114.01286228400599
111.94949734780477
111.81356574198182
109.49710909423372
110.12096211902939
110.72854088484094
107.11531936940146
103.85667555530574
104.95481061826064
102.1271847030249
103.93722606109446
102.21329254259736
101.07098667073247
103.81741428537315
103.5696766510647
104.7552137844402
106.77804563198679
105.85118171393394
108.19224544364923
108.2244883891225
106.79088734888423
107.70760482307752
106.39199174907009
106.24198526140358
104.4872345435537
105.54744107937127
106.80537405084087
105.85992405190368
102.83698783199057
105.23027405228805
106.24215908792166
107.66822298218067
106.56799341738214
104.78441944722309
104.93830632837756
104.12947323048778
104.21186677610422
103.72529065190744
104.45363893240943
105.76542715719512
103.03409594697395
105.5938314726153
103.9786983213762
104.10071198212134
106.92758685550324
108.8377843350382
108.54184688224561
107.15563616129518
107.74965876541623
107.97942165533931
105.61658726408194
102.07523816496253
102.17733527990578
102.20036241097831
99.85421810052715
98.63806100151422
99.56171168981628
100.72939977466798
100.65449250888042
101.90401128414024
103.11828784465035
102.35095364628903
102.52190775236512
102.8642181066018
99.42798713188299
101.85756266180579
103.95320560889158
101.64425604364331
100.9351935803893
100.69796468788407
100.80711866384273
103.15728240977904
104.1208657279873
105.23348011586131
106.73463767352703
105.65174117438298
107.02671487393945
106.96666135954992
106.31637133057515
105.3041170918057
107.75814741865139
108.66053249312284
109.47014567326475
110.29637759212191
112.0831862393755
108.97106053100109
107.21585950389283
105.3737238187452
105.57877370563168
105.71930100047855
105.90909766871268
105.68655340963548
107.72299329657544
108.05070478572041
108.8197199940373
107.4600775361664
110.34446166948108
111.82614895296608
112.32360611182851
115.63266052002558
117.25989163192291
113.3401852249184
112.17486341109706
117.76568888390572
114.11633297713425
111.99796660377517
111.7942595933806
113.49281081459463
112.05703264516964
107.98153723592515
108.69061936529741
107.0825749178714
104.22721140544077
101.45687569101048
101.13651692918968
101.35465581879293
102.42252207023827
100.5894871129468
102.9945274959287
101.69525697443673
106.27700773472364
109.19686526341434
111.70446588981626
113.31924599224148
114.27060070715208
112.05779967272612
108.88582366727641
108.15594707382976
108.61189247876551
105.35013633328894
106.79353311452778
105.521837211301
109.04517699470479
110.21158756432612
108.88149808316794
110.99861888972228
117.59495775507988
115.58360854895967
116.42854018647765
113.88370538331401
115.18528051385798
116.6904036787344
117.95702671415827
117.30988211069553
116.11672017969128
116.85562805023937
120.0585733935103
116.82131541174348
114.34217094258572
111.09328296409667
107.15238367580035
104.20497882653316
100.76310676105768
100.30978661628794
98.68628120270711
98.76496414926416
99.86691026744431
100.29368935374158
100.01743655062747
96.48416461606229
100.33500150519606
100.90332529224557
104.43889302102063
103.2585676612604
103.39439072876823
106.55909862855572
111.91161729706535
109.77903537486266
108.78863440731803
110.65664375770926
111.67268636254055
110.1066318614037
106.27742950362853
112.60432247514062
111.43276069849088
116.2655453235591
114.20328305284639
111.48645812195439
110.7076986349557
109.00309317216326
107.65106281116498
106.5125958283524
106.28730891094546
103.3164200699035
101.6862052318422
103.14942999733607
101.2383446866536
99.79106654842057
101.14818020695644
102.19155402356706
101.63457324544144
101.50491683280643
102.09701536693531
101.92626688097278
100.11372426113138
101.4824141995225
100.67050816405126
101.21907827599091
107.44090186212593
106.29105893239598
104.39191951629452
102.93374408573635
106.69318608725388
102.11634961111179
104.25234265178072
106.63200679320101
111.89867149238928
107.90475164151083
106.2605645455745
109.0900154457503
112.48201504721472
110.04251640908414
109.23942318847439
107.53727024485204
109.6551701858544
113.13459017414759
110.66865843353733
110.46051470252686
109.38076330724282
111.90722723526052
109.30651850132301
111.34253733157125
111.1982370085576
110.25953920447532
111.53952932675186
108.32827291951449
109.1757874931707
107.78466046774074
110.58856685817359
111.35515052899905
108.76597857220733
107.14035426672706
106.83571893464409
106.4894726365228
105.63849557547644
104.49664234320801
104.5627917070546
104.94184197795414
103.098693505204
102.379814246732
101.10658300174849
100.76083502271098
101.11301070158255
100.73536452643481
98.27790836355783
96.78994240444624
97.37718835166086
97.2634428439384
96.66007178851707
100.18508393913444
101.06148695225538
104.18981481054931
104.68904244859984
104.58416146926739
107.81905385117017
107.67326616347805
105.7929012708176
105.04691597473602
108.15078077707095
109.91168534299715
109.8197815435353
115.43820938306943
116.77709863070329
115.28473874952239
116.2468021601004
114.90653581675575
116.21740029122763
115.93128191227066
116.81057619343589
116.78188125550025
115.457471763175
114.18494445538826
113.1363342627047
114.53036982945835
114.52104140488557
111.38382946486875
109.38265437435633
108.72364592108978
109.33930546730518
107.36803384742201
107.23073795729748
107.84165449148945
113.82641214793642
115.0434044373719
113.91080215318448
113.5066380105349
111.48021578596146
112.62249417205624
108.91318651998105
108.41987682197686
107.9113781342499
106.1732263383884
107.65843658748344
108.35755520716823
106.55163897000958
103.05501706499838
101.70846974942557
99.44998701651431
101.17681304141321
101.43465712150251
99.21520906170984
99.48305788209697
102.15266557656611
105.91542645859923
106.49369314013488
108.026937034768
107.92573459981723
106.89418846387733
106.01375751864792
105.87726290028654
103.73713092826418
103.78589322437625
102.66669617921416
102.32566165591102
103.52631284124931
102.85943156567618
102.48132470229875
103.55385784742688
105.89493905223006
103.92770568625174
104.46836391557682
104.73338887358004
107.46446418318486
105.8514557432735
105.42187830448252
104.08281855701559
103.7700042331977
107.90513898920211
106.95115311303401
106.63892047953082
109.64210446558953
107.27971765881
105.58236778942096
102.57760581055071
100.44261818105711
99.36097332754927
101.50203101159704
100.42855662360128
100.29603973528597
99.3914579340429
95.8809255878801
93.50064095970919
95.06390945710423
94.4481330973778
93.21236122596788
93.32563200709521
93.37588521722805
92.12635530547313
92.11805743181381
92.30954093135182
91.22253251613152
93.0135229671404
92.40353209427842
95.32458228624735
97.13187229651919
98.64797812355334
100.75828332606457
100.8507712432
100.80304911556668
101.084220884316
101.88213342194908
99.62448957366047
97.18834155717809
97.33218827099296
99.97965665756212
102.32029931869073
101.80642720366828
99.7995373677536
100.10635918556797
100.44143239607337
103.86484971301923
105.56806553000209
111.31535628192734
113.13248988681029
111.80779183946562
112.72133924449983
111.48592673304326
110.26098998544025
108.67054934092435
109.3759286590809
106.94490173008565
110.8786912285361
111.60594483566385
114.96028817555586
118.61004172271312
120.07448920712194
117.54830431290645
119.15601985811513
118.93658937460741
119.52208635169521
117.8311967856464
118.72786376271618
117.99383417721089
123.06477860064518
125.47703379096703
122.23668703966516
121.09538865974358
123.20846333719378
119.94023364559422
118.00020373464469
119.0194817804846
118.3599764972427
120.57834092446735
121.86664623237827
120.55941766189282
122.76665753694029
124.38234392692713
123.08694028367802
123.28977916566728
122.64113515057254
122.56040932001346
123.53902662292936
123.32390391613491
121.7997883398838
120.33259879787207
119.52003329273317
118.62247752231733
114.89702793338479
114.25883972375074
117.34467172536094
119.44039472083614
119.44726744218868
117.85535763760667
114.71803473254855
116.60747912804587
118.07425203498772
115.17812837913931
112.51771186170137
112.65043186458888
118.86856568354226
116.75061937692362
116.86151515947928
116.79489483688455
115.83487844306597
114.28161598125737
113.96828765930807
112.1342512215386
110.23545986904051
111.94474936561964
111.99896283993097
112.23372929005471
111.2663181254572
112.09082915236836
113.13328138380164
112.3806619594518
111.95329818818105
111.75368812344735
114.14654893297813
114.62945632679144
113.24570608532325
112.97475624911586
112.79358003896866
111.5304337722957
112.02265956389436
113.67028886545793
112.47175644012707
110.34370850484983
110.03278209519027
107.41577843485045
106.51508155797029
105.83961913638568
107.6802942939194
108.28122890588303
108.78290768398463
108.85459842414718
104.74933419342638
102.76073129394256
103.65081819088984
101.31770876987544
100.12473573936123
100.75158467673289
104.02089277404204
108.2242323838097
110.14109314122629
110.6499474574766
112.42763922491483
113.55624627154329
114.30980945110989
115.08577507551259
115.26280617180672
117.11038838255423
117.53108714435584
115.65632567296959
116.40727226925837
114.65264016853581
114.20847861655311
113.88331807694155
113.76290198802778
113.41036450306478
114.23805175351967
111.36663590927712
111.12471433882247
111.81923851936662
112.13572189427053
110.7797841235011
113.617505278923
111.3388252720566
110.27306372034474
109.30711926870732
110.42607773823376
112.69518289265592
110.84262502855813
110.04315716764698
109.56706769813803
108.8668813668705
108.19331874746433
105.28488810652335
104.13753115046588
102.27301137582016
101.6614897897773
104.5599959103945
105.83988193117362
108.51314631892035
109.72669472101572
111.70965075400765
109.98748826319563
109.52575712373839
106.63867226071135
109.14344147744563
108.54559138807487
107.36101048853031
109.0333605986783
107.9683938190397
107.24093776464545
107.18384660862536
106.58124966255608
106.46733752987735
105.57503088519869
105.06114050038326
105.2274485874087
104.79128742257735
103.77679333431261
104.71105594725123
106.5348615465535
107.28994402474693
114.53319137774909
113.46083597339455
111.81156457559935
109.79272240537162
110.86379893581181
109.82670222833006
112.18634481434131
110.9251149451445
108.6997032268753
107.612343612262
109.31839218048349
112.43385088054835
110.37114242536546
111.12138602049627
107.03414702531923
108.25234378271371
108.57635500717998
111.59212995369776
111.79097736044704
114.22405275427761
110.8400153903088
113.28522397135607
112.32290787461224
112.71631215066142
113.83135985154995
110.5182708746476
109.87848980578539
112.91453155922807
113.48477826125007
111.25628972386916
114.54000818031544
112.7517564768815
114.48838200687446
114.86809304955055
115.13067033683495
115.0599577071965
112.66821152496385
114.25802187076528
115.08638597832079
112.98339178395425
110.45398741494823
108.78100502417097
108.90251120438597
106.69669179293707
104.6491570565945
105.53073467411662
108.64954110264276
105.73951235131746
105.72396106293495
108.73001831225251
114.0077052030869
114.51333025750884
114.42346248831042
118.23001151131142
117.19453370838025
119.61459134414613
117.55090184042898
115.81345284458328
113.88041023667398
112.80882667104467
109.60099237037569
109.8850958331846
110.96982982992496
113.21367280093169
113.70210292838624
113.83928275195547
115.26155973698147
115.08239542870761
114.39254665173495
113.02682803061718
114.63159082604145
115.70140249676025
114.68212623663018
112.60484129569372
110.90695845381975
110.18339122303315
108.10252025568639
105.03745335321149
102.44644180186259
107.65518421414679
111.78238813177671
111.0919906854936
110.73094084495384
110.28602377830605
108.70121024645445
107.74603380145153
108.87562172764736
109.55820194198155
109.37828540659666
107.3684598018916
105.82563100121115
107.50350185831478
108.97883732209336
108.36303238917117
108.30108094572012
106.45076759773345
106.05107233509493
103.74681852483715
105.58131526131353
106.43955838340933
105.8725318803055
104.3884820591323
106.7628417394064
105.42275766129164
111.06454773464466
114.50626235884927
113.6244864256576
114.23281542105127
113.13041962692593
116.52482610871712
115.1456787732178
114.94723506015596
111.90573879307885
111.4655214189409
109.51167055118948
107.89796637201124
110.13790021458121
110.72121267357883
113.95877878212673
114.31358774641265
114.3465513219574
115.02019635117507
115.80165484687613
116.63155488191707
120.33015546445021
118.6565064512466
114.78498729941677
115.41623347407396
114.23931183697289
114.52669895240048
111.49738346583727
111.8626307783563
112.03873495081952
115.1602838862344
116.12243849439164
117.06883403828373
117.11257594012348
118.58835401451564
119.90744370151408
116.81307311119144
117.22943857277104
115.61410439760071
121.60213195950283
120.13726046866306
118.01354585462887
118.8804445668264
115.85179985165412
116.77008791831109
118.00691834342098
119.12267522262621
119.0313567008233
117.84467107072086
116.09576138273611
116.49879827254583
120.98842719282977
118.70982319004236
116.82868086844161
113.88762621873956
111.4935680597055
110.0431355455633
109.2026969951175
110.14069476814454
110.71698741836086
109.24847482276695
107.2376079792978
105.47838244368702
103.02104002379292
110.4383785467406
110.48571890713401
110.98361164798779
110.5276929879487
108.50028094442868
105.86385845057123
105.15939750441339
105.4974307997541
104.31000585809241
103.43045945965027
109.32701466871907
107.68577480136726
105.23743292415728
103.23827325742336
107.13132426210994
107.70175209289363
109.63449179387688
109.60581702529656
109.76049214336965
109.36184518971822
111.51046508372369
111.336939528915
110.44017198687301
110.39686129422554
110.66235207057778
109.83095811844633
110.05038999679186
106.21997894939065
106.12488424419989
107.30590146344902
106.83838265840785
104.882713909543
100.99069619443578
101.96581235364837
102.00285485037985
101.50639983479614
106.6950993102625
109.991072256095
108.6411886230492
106.60960071214478
106.73241380452274
109.26270599439526
109.5107326961836
114.0364142567117
115.14121617128697
112.27927349905627
115.23553358126065
115.60668736201607
114.59761690669602
111.35580497363314
111.21577169225036
110.10351317213124
110.01684464658976
108.53099570960964
110.83131632946673
111.86703076737864
110.09235518537294
108.43395534955494
108.64786887494252
112.3590260907945
111.36887846164667
107.07850095723248
111.73894375527088
111.0767137526479
109.72235791569311
110.63417864149406
110.35175597790563
108.76586511677584
108.19939679466778
107.46870208874883
105.55560436930355
103.20647721008159
101.77613794217253
100.48443338405964
96.75803713234535
98.27421880120859
99.02292419910374
97.54612269073023
100.18073458432076
101.47963632424405
99.46081495028227
100.27224330996827
104.01257209287235
102.82455892060781
103.8355736324907
106.81482223823579
107.49401235710341
110.78624825118497
109.87909292850492
109.09177143705432
109.3586819668174
112.3099808841912
111.25998637186089
110.3497253142221
111.76357438170612
113.33848694435619
116.55769729748756
115.21172371556226
116.24860659418309
116.96126133945135
112.45970809113405
112.99855685175382
110.04755664456427
109.43821265157766
105.82979401329763
108.61254104085943
108.18051987441378
107.09248027441272
109.47401861442849
114.56940442556902
116.71955914021348
116.30216858425281
115.0009350688346
115.71315197081397
117.02249539046484
116.15141688757018
117.26940017072877
121.38163623445462
122.36220101193845
124.33523489565829
125.41445238125532
121.61791654674244
119.50720428260982
118.7555431211457
116.92467767747074
118.37147959709532
117.70136371593225
118.56083636714351
125.85458321600879
123.62505408824327
121.66477412246768
121.4064640882638
121.04428605787824
121.88723228903714
118.50319089312792
116.29483966232334
115.51965262989823
111.84354357787659
108.76632338658305
112.14721217451691
115.0378978570696
115.53980099651474
112.74881079599307
114.4504013184149
112.12711812496309
111.85589254381435
110.37489090327267
109.60543344308925
112.25121790452218
117.32547573135635
117.33176236948493
118.18544590439431
116.13514304204759
117.61075638660058
117.70953046531733
118.58821728239653
116.05202725447118
114.87766548404736
115.71123888222968
113.68017121393734
113.54056443243212
109.40591695632536
109.1360136769466
105.61324444857186
104.7546564582169
105.489030533417
109.58512704457421
113.65255751178387
112.77734356762555
109.27807543744889
112.21543956524624
112.48461161386267
114.767278036708
116.10981176639574
113.49066063330523
113.94348539422938
113.89176100493671
109.89371866182253
108.90801233144536
112.09107321688056
110.9237848700472
109.5942811112022
110.02816565051056
110.83706183936411
109.30369304296171
112.00974868372376
113.31896858374438
109.82361431418967
113.92560085507975
112.9880514051958
113.38857492048156
112.27562900647366
109.24998443348129
108.82317937537285
108.11357114701549
107.1705925638648
107.93701146565805
107.03706531036804
106.40826193387372
106.15726982896133
107.01194562998928
110.94162880015202
115.75973089992684
115.58231972124838
117.19336264039543
116.4141593534505
112.80888730521663
112.44914442657705
112.86923766611045
110.80935413571112
106.2896354709104
108.32084189678694
111.98856839761856
109.1166291982469
109.04702026712032
108.417316234542
115.29430468045575
117.32915232657533
117.27020684124966
113.7589898224558
115.62469204970317
114.55709354590842
111.93464568385284
110.49822947981447
112.41701239908724
110.76750933689249
111.10332258071959
110.69818171965152
108.4528049437721
110.12254262198293
111.34344768628723
109.39584979296838
111.84250773998178
114.0777844853637
112.73901645819629
109.86858450439192
109.22511487214688
109.68574565347471
112.49773847376244
113.35113666098655
114.07340089874303
113.67850587766549
115.62439772750449
113.9951938611937
113.79624811652778
114.33471391978796
112.62151198505506
112.64681686606855
113.23756132927781
113.92498742788686
115.99969051375616
114.00912666054074
115.37234954284163
115.46360148883798
114.14152277158549
113.01526334557269
116.59682013392693
116.77183901361879
115.51385175247582
114.51673012815819
114.06831269661546
121.32812587856675
119.27565215416601
118.8193779730599
125.11735335426948
123.25157588926209
125.89655149071028
124.5460339470333
122.9621784372798
120.39275301768339
121.24470876024243
120.71586564568562
122.62544014495057
121.33972732588624
117.64275471220651
119.28639035181865
117.87038550543528
118.6867360806667
120.441856795603
120.55517511689882
118.45859031888652
116.03580931849945
118.23785064158633
120.31533073531682
121.33663324236055
119.65470991922963
117.43609108884462
119.29788495818734
116.04709813977387
114.83889229837395
115.41641338739251
115.31231797198458
116.88082173593324
121.36520593397692
119.38998236271048
121.16880352850085
118.43812399821039
118.5378655318833
119.99839387896981
118.83572931649336
117.77701307177259
117.75047259479672
116.92645036650114
117.20891402652394
117.31974331556636
116.58657325012487
115.91483770304067
115.7228791710477
125.29325022563961
124.77278663033003
125.3165029222509
127.24115176260486
124.64712829178461
123.81258002594909
120.6818865985537
119.7798873667024
118.27431028446229
117.70317413230771
123.75086923265931
122.35678081585648
125.83704560945617
123.3979191400162
119.02990224557853
120.13308716750082
122.51762506462128
124.33530200376215
119.66293958241118
119.73290098023314
117.2881358454813
116.75287048678095
114.83784858833333
112.54498637285123
111.2986788053773
110.75326216376166
108.5978486429683
110.4934419812881
108.82643231180626
108.87183931265426
110.65609829946375
108.19202509706636
107.67855720058381
109.26239997231949
108.07968544593052
108.4513494856611
109.06263203763608
111.88512704661007
110.77737965395619
106.59628065258549
106.12736715863865
103.83662516110236
104.56911674949629
103.15066119325787
103.38783177226571
104.78666127423752
108.45291630651786
115.01456289268364
112.91351785333696
111.87900307015639
110.95845041425271
111.87536062515886
113.50034639542604
115.60902692463584
116.8782663284779
116.99611266099694
116.24216432621867
114.31543060372167
116.36417093409639
116.98883853002341
114.90129012649209
117.9444550468659
116.1477340232375
117.5991583296994
113.91713610640738
112.08931496021182
110.76686513582479
108.92812328300909
108.65283764190063
106.61390942573543
107.33283111163053
108.6839349208992
109.16912980510291
115.43021761904656
113.28037754731102
112.12187786366384
115.31023986221808
115.98787461362173
117.34051543465142
117.21086897658611
114.9384352378069
115.24948171575653
114.31361126047732
115.34065656062081
118.6601483670286
118.46911319055465
117.38513144676556
121.39848370410739
119.25296246420272
118.79782184170003
117.66099194282818
118.15451747479814
119.27153946997612
116.92537039213815
117.76134033492414
122.85683856099975
126.9429474648879
125.33395480288117
122.64647127790111
121.677984874089
120.26866470516636
118.3858882923148
120.75192057332622
122.20364650315183
123.37329934707216
123.06945576161044
122.61976553454984
118.7757091315524
117.43039028428962
116.39189429614157
115.34486908331925
115.12820104413704
114.64470657113185
111.72896334930991
111.32309236158885
109.6225547170254
108.61121516894515
106.6562109273372
112.10575939080023
112.76603935296924
110.19616237008661
111.21026704003341
111.9566837128362
113.74459740664321
116.61269790926505
116.7531702052488
116.12842122257409
118.74905561973111
120.27865366832278
117.83458437216603
117.29924803329912
115.64254221952062
118.78801427787313
118.49612352594158
117.31431724032302
115.87501885953772
113.48426744124158
113.76462500475314
113.33856932312656
113.79078483231135
112.58876459327945
112.4013797360086
112.30390249403838
114.95865103362854
114.5254157124671
115.20241323786692
113.72617003971023
110.68487619502088
112.25843062648242
111.46551016418272
110.76674708122461
114.46790644709206
111.57552458498762
109.95458321195638
109.16564245385274
115.11555794002555
115.39624831377922
112.31412677114606
112.29365964003146
114.89269357417032
118.56534348560999
118.08023079573162
122.49970285186437
121.15316893381721
122.90092416085137
123.38981300343838
124.61761227435312
120.2750622572787
121.93728527301928
118.06043803236797
121.2328488786868
121.42577426419321
119.676470763311
116.93213776030923
114.76646994448889
113.38809406162525
111.12557238651097
110.65338726458539
109.52569937442497
110.93048533240905
110.99096878713803
115.21796984158331
115.236412145742
115.3247925767815
117.72818224766512
117.33223569977852
119.86251819264164
124.9564224986352
121.79400646019597
121.87484569803426
119.7881341097437
116.44314082583298
114.9683050235933
113.15458468908783
111.13164526672826
107.30418905810176
108.49222724403124
111.57934403754777
111.92597619199063
110.08915175420132
113.16065539738517
111.38496829312606
107.45095568353685
109.5359144245313
111.08536372215418
109.63442096411974
108.99104240690377
115.10386903415626
113.23784958268482
114.06085579013158
115.85329928769907
115.19810866328315
112.59250809185008
116.67341043655297
117.62870140082242
116.85450903241738
116.74307242512974
121.66266833330532
120.78104238379858
127.5797804266651
125.37644262304242
127.03934077207919
123.11738976414853
123.93663115514896
123.52063118150235
121.7787668762517
119.36439476491519
116.90693749100708
114.7615459917559
115.62757811430878
119.48153773490748
116.82683122512908
119.43810425894382
119.81789988596374
117.84055953699666
116.2886428970569
114.44183514618622
116.24056864862743
114.70221192892993
117.17020977446326
118.27935504698046
118.07351055794892
117.10956872260242
115.24582813529567
115.41383601085019
114.00573972035927
112.87433250800942
111.9930216285744
111.33118521018082
111.27757598485354
113.99886626994261
116.7714390567762
115.78421390015124
118.81885671710734
117.95420139887246
118.47757537535514
117.68425164425909
118.48905597934024
116.10625704658726
112.97403068907339
116.13159887271763
117.42800185480935
123.18960675697039
120.1048985344887
120.31792831091322
120.12902550193608
120.7120303915676
122.36076575127339
118.99647523254662
121.39562035864023
120.34272689273566
123.97955775535746
122.54383752209161
127.0570721831946
128.59987072336165
126.70397103193797
124.69062442235843
122.52032628776199
123.33727147928744
122.56154215385645
122.59508880390067
121.4056925078603
118.25859394497682
117.41346635201009
115.3336109634479
117.60843924552665
117.81990946809997
115.83684908611117
114.70760771034352
115.22263726705651
114.27063806436551
115.75739369735025
114.75084998365176
119.14258430202867
124.42200423969994
122.38094770496403
121.95447108845462
121.07276852646613
119.62338592828118
117.53045047041864
118.04663835400831
119.87952115212252
119.7190578652423
119.96815146956978
120.23477549416366
117.99016760772918
117.77548411525441
120.09105235055657
121.7774305662327
118.6951725044561
122.24142827036482
120.07790618360333
117.674078914536
115.77081196951798
115.21357010906966
112.71214262154038
111.15381137304198
111.52271274719844
112.58083484999406
113.74181350414105
115.058542634115
114.38304701642794
112.05084348370549
114.74647350643173
113.2294804875023
114.5491511835238
111.78408324242113
110.76687630080282
112.36379571617462
112.68984176732556
111.58253728132544
109.58948696904721
109.78147831587441
111.0809100048815
111.44089032711432
111.51226000229937
109.63162033725891
106.80537989670658
109.95331449315506
110.8576272821823
116.40717837837342
115.49242710849194
115.90792356094802
116.41962458565976
118.5663054194146
120.6296258393935
119.013160823137
119.99650112309862
120.90661419196628
122.61214249578691
125.11198814388318
125.50028955338985
121.91852514311196
120.51457887090132
120.42350595027055
119.42099201770438
117.36733969267021
114.02720054729083
115.89497776381211
120.97093980474293
121.54178456432018
120.194249224409
118.95504391015876
114.8460120845614
115.61278574650323
110.97861384838306
115.98390798340925
114.37344348637988
114.04778220230486
111.89747112526926
112.89770082446188
112.05203687551617
112.44626339346947
117.43190472339357
117.21440921311103
115.75897674123007
117.6050500562058
119.47467237749423
120.68158160575724
121.6961501760645
121.19038792635936
118.58528898879796
117.80294217318357
118.11085882351597
115.78749488862165
113.87039338808422
117.80267342828371
115.71167167381458
115.06464416158799
115.68568686569297
117.07612459867111
119.25460273193919
115.43259197195789
114.1051716137607
115.76744274072561
120.04261605862045
119.60301640686654
120.15993778618954
120.29907363254608
120.24486017426449
122.68286510579249
121.09662463615642
120.53531376266692
120.02000421866751
119.52015137155075
122.8319883790733
126.81754067158161
124.97540300506985
126.20084572863787
124.12141664286241
120.65026799362315
118.91753574350709
116.77865513326314
112.45019942447114
116.1843487077596
119.2781496710769
116.10667867964807
114.62965132168941
113.28230550708953
115.5258197171871
116.46975109146128
117.6024529457269
115.99816797976558
115.13781586182144
115.13854441633153
114.91465689967505
115.81400772154518
118.45966579231734
120.91019606852294
118.71351457140173
117.09929689919268
116.96496315828473
115.14771487836575
113.9248549100595
115.52924054958822
116.80925766216792
116.18505731122264
117.08751915697592
115.01243505979963
116.92191386877181
114.267652342496
113.10475486922348
110.95638426459178
110.03414241294963
109.09032970911373
106.54992833298607
106.29699618168262
105.42973241245073
104.11165916452933
102.98122414352456
106.04804683732202
107.07661029844178
107.28625972853747
112.7396872817284
110.67818449578684
111.16189743893027
109.9611991216915
109.65037886709307
111.84719778786253
114.89945431446117
115.24158133457505
116.86397304211425
114.73658616077324
115.44413742686856
113.31161408063932
110.42418499777041
110.43834715845514
109.43523485811261
106.65794115422234
102.69621997631921
102.94406926054418
102.59711353560913
99.17550376250337
102.09446299066299
100.31375037226223
102.3475971543339
99.87918983364489
100.6579914934459
100.31272498898389
98.77929220086286
100.22723999852478
98.46719392636315
98.95973990269707
101.27192558559543
101.93921234285769
102.6970199391924
101.16150860919304
100.95740762819062
102.45711545292308
103.67439003418328
105.13777131382656
107.87379108868502
113.71725440726453
111.2936417366569
110.90628384820207
118.39172830041396
122.30928162921143
119.92911782948076
120.24475931234912
120.49298910467878
121.24874751552528
118.22381717735794
118.12016879009462
119.16014558463645
120.20450655777213
121.91367134475891
119.90361433850524
117.91750921048704
115.96146427672329
113.745033916871
114.1520491797306
115.16469500691127
116.10545529500115
118.08656221985989
120.48863014359499
119.83156306285174
120.84253408229655
120.84625769578591
119.46130601134162
120.61094360877765
119.39163645677307
120.60407912969384
123.58852284917478
122.08898740649965
123.10593500006054
122.78478091735678
124.0347962034077
126.62809590942933
127.18502209768288
127.87501453990379
125.24439108839758
122.1589669958139
120.93163919445418
119.80124816187383
117.98905250961488
114.68761228121174
113.16671854506718
112.59162394081216
110.58439481976346
110.24838569349632
109.1914230811334
110.02826429359345
108.9380191688694
108.9256038342765
111.19098444546418
110.61084998047569
109.0302191370431
118.91226551153106
126.09772359775724
127.10789584560871
127.27335355700437
122.78773443105833
121.45110051792244
125.15163417893197
123.77903341386157
126.11666836327522