learningRateDQN:0.0035
51
52.51408599662564
53.95112521595742
55.351819021048094
58.75896182968021
60.81001124202379
61.10429668636558
61.242729026660896
60.46461457075159
62.04260678166793
63.569526300149285
63.470322327596946
64.62715032949711
65.08981852422482
68.37160052511852
68.47207410248186
68.92772917938528
70.26994098895231
71.0234462692303
71.99277717710227
71.092886047155
71.85584228050135
74.1533400362991
74.5567674771026
74.13048752678507
75.09875665053488
74.31807236280184
74.8439486386078
75.47250386395119
74.62373907273525
75.97172211491562
75.50973316339332
74.14526037700445
75.51717460829212
78.64283913434178
78.65240862961159
77.89075333599389
78.78847580609464
79.74528110627554
79.88854898368636
81.1949859372282
82.9511140160196
85.16935701144804
85.10197341017533
85.44226439483585
87.21238733364598
86.64489410244563
86.14489814876396
84.78081382355731
84.7061829391591
84.23050463682053
86.75755665819983
88.23170678311884
86.55332460735659
88.62174828681782
88.50970192849476
89.2059454519722
88.65148230558714
86.481433994435
93.24734134421183
98.34336310434351
96.05806384834754
94.80824469623936
95.02828533151505
92.59952232323393
93.10495844500984
96.7813351252575
96.55076288424692
102.76833469544668
102.85350741892756
101.1998240171429
100.77521405852784
100.77317171487272
99.51644444408053
99.90694469878858
100.3791145977567
99.48066690404478
98.06439214520911
98.92217960105773
98.1846962685359
97.14840494954402
95.94794370538094
92.45277587947096
92.59893872066415
91.29588954123669
94.01431249165259
98.33967668956357
97.19611691504375
95.6801765567837
96.88926510594825
97.0329384994739
100.89111826177478
98.51574729643274
96.78933963867105
95.16095326388833
96.76343153066715
94.49924114462456
95.70441291737255
95.70856035329867
94.99692458517539
93.92443298875386
92.54872801655767
96.47508202781034
96.72401584341051
98.25606204713989
99.30487290210942
103.35503671462645
103.20623805308333
108.82106537094417
107.3992616968969
105.7788868590736
105.22053366385819
106.35811747765449
105.30506431185425
107.38904416221031
107.03814276236541
104.6313207935117
104.30305853366225
102.40395241330624
101.56732983805976
97.65768154775454
95.03326361342428
95.38950075064625
94.58830705932996
96.16773164715208
94.65211697728448
95.17128859988874
94.50380979186716
93.49008625820399
91.60573504047802
90.60217428901343
88.45085956236561
86.98196865525847
91.52426012784454
93.35581974859883
91.37784543124039
91.25692763875746
94.27643052289403
92.2899984948723
93.69727323884327
94.0506120645918
93.99610696730652
95.63068681718852
95.49352614481226
93.97305582292648
92.17333744237338
90.29057745852153
93.60953473135962
93.30265093641928
93.06239543786468
93.38552024743589
91.98005440993416
89.71751278427998
87.74559097480729
86.9519282012274
84.84099501230851
84.20159907899995
83.1244857604989
84.23806764377646
84.46400904941855
87.06646816604126
88.68532523238416
87.81274702869817
87.27481301142534
85.73246313553332
84.91091464197883
85.90063309288279
85.22894985379679
87.70857754917314
87.93042037914086
87.90989803289953
87.45058455317442
86.73603115451498
86.12321377671572
83.70465959003066
84.00709514970715
83.43526504217871
83.86412298044556
82.54463844817143
84.33878274071203
83.9675465430853
86.49287335601947
88.22834790615178
87.79657958985453
88.05080092755767
89.07784531358693
89.54106879855352
87.36784778789038
86.0967113266376
88.11290553240067
89.53987597192955
92.0738603680957
92.19556125395465
90.27033884409076
92.32927861690827
92.45561778218077
90.30122446906717
94.31051104513863
92.06021147772448
91.0530638501756
95.59264975119441
94.99319200780516
95.88776392557261
94.31861946661446
92.44153716516752
92.64074918558445
90.62645525063871
91.63443139288344
91.58216075236585
89.78387662039944
89.0565552604627
90.3365477033294
87.27220415664372
84.70936670944924
83.61251097158362
84.40577954987857
85.03266197988391
93.52334428385154
92.25295615155672
92.66029865232936
93.97268507737262
95.12292295730842
93.72772360250025
94.93566213530097
93.37995166174795
94.15266933679189
94.41452448491769
93.60987901901935
94.65889215679336
93.90880536913406
92.520947338824
93.26016213690582
91.69810054799251
89.73753850679873
92.6098350407758
92.51251753588402
92.36809811118636
91.88579749821304
91.52658318327116
89.70918550472011
90.81337488063086
94.61478896985494
96.87025365991116
96.81638680736805
96.93553709176678
95.74773594315607
95.24320936030561
94.88647575961186
93.06442141160467
91.39608329772089
90.86115472013834
89.73812676517763
87.46906285445523
87.99239639417664
87.32824149141663
87.268697332317
86.90099152045585
87.0989045445054
85.05684313750037
83.34519266957129
82.41167617028191
85.57438460852653
87.00043653678941
86.81036557284833
87.3813156408647
89.74479762763568
89.43407268624541
91.49257094522551
89.58730552101335
89.78749403758123
89.59425488739895
88.87017461663491
88.19614906389805
92.09860217433773
91.9791730283676
93.89575908857475
93.69186380342796
93.50178912790648
93.09161495749773
92.97962295007058
92.25804666622871
92.6009427422329
93.33688912182546
92.4010953153178
91.74584204618003
91.71150584780239
94.05861639506243
93.38918146035569
93.50627552538123
93.0344578434414
96.52792427266202
96.1785288564635
98.95296484143617
97.32681144356323
99.08518891738085
96.5302694357259
96.20054481208135
95.31797754480337
95.89804980112764
97.10550020877257
97.33680986814535
94.69012072112022
94.58886672133944
92.71756054227579
94.20993854201187
93.9752600171077
90.93201601747714
91.12517943655966
89.50173385752818
89.59945530697911
90.60559428481669
90.15672175601694
91.29765111563165
91.95308859516996
90.93186545599346
90.23752118350333
92.84357229254393
92.87390229540452
91.5621090701334
95.17181915275485
92.53704295015774
93.77584524748725
94.31138325544822
96.38348567038905
96.09365075111933
95.31652918930854
100.86332386092164
99.39373251936841
100.1808204047425
101.4599749757809
99.12575834410829
98.41936903048439
99.38743523069809
99.73810751624623
102.00563941182548
102.30284079616796
103.22435803925426
102.25431548921308
103.16907917633687
106.12802198919215
104.09981860007639
102.2462943014022
102.78836363307975
102.47706848160553
103.40599376204854
102.09329273649594
99.85899666452909
100.71048670078504
100.3785900567209
98.91460175877037
100.73491282778119
100.77654946518594
99.0381650070443
97.50128525434431
96.21147985497247
97.0700716899753
97.21321413791574
97.38626465853706
96.8381323455765
95.35022552953373
95.89393652134102
98.13786338971097
102.123383434794
99.69696215574358
96.86569722928532
93.93085216882571
93.01463278074539
93.63088650257231
94.38699756256486
94.20487283457183
92.27644530445527
92.06873736359628
91.35961254422536
89.61446242146077
89.65089647466002
89.42555740433994
91.35121648575576
90.25264248100368
97.09808467318972
98.27159366229488
98.67397575161861
100.70330679972604
101.15506833774567
100.13496444151632
98.30115341197326
99.41857239712726
97.08302818922384
95.08899998166402
94.04938478731985
92.27053967264487
90.14791793982589
89.2957642051176
87.88821208014885
87.52654568560783
85.98019298332511
85.48748212400224
86.05296538971398
85.31577576696169
87.2596796699544
87.32765697398273
85.43925148069683
86.16963131156275
86.15756435708272
88.27321255553343
89.92987120794263
88.17404014108008
89.57262152582355
90.67818018813246
90.15718360903286
89.30138680223217
88.03692780581817
90.34921312039991
90.45551925271366
92.59558699636335
93.27697801086659
93.5623511086363
94.14240554751342
97.32089074140329
95.86333726265862
94.36815015454928
93.80293989768892
93.55550301898545
92.20654986109362
91.08777902809142
91.33870711344504
94.17295088764433
93.94759245844358
92.3228622528836
93.24831875658826
95.55791570739795
95.76004430163984
95.97720099573326
94.9506010756178
93.03610375609497
93.82393380990709
94.65470696355919
94.96000449436221
94.02621599249771
96.59429436249714
97.12525970396355
96.1337344687591
95.34495088501785
94.10447135039146
91.82133976266049
90.82888005934932
88.08245239939738
89.17436499494623
88.51601438785272
87.89771787853658
92.13833674968771
90.81880657214053
90.31422734156804
92.4024102289153
92.05791327574836
93.15592750030166
91.76692043030889
90.58011839953812
89.47734434996698
89.74009708105957
89.49078895891371
88.8147870490241
86.72870930973734
85.31431593188665
84.9970627923488
87.30502765829273
87.23851308889031
88.32556808150761
87.86435027909607
87.26467934631535
89.00009304560352
87.37590951161033
87.77194462107128
89.49031008532214
90.81451505042136
88.4406260817559
89.55504732852945
90.18028610308343
92.8070090880402
93.22079604037864
91.98687072607424
91.74885739556994
91.75750261087242
94.85012212921416
93.69047656899873
93.67545122644385
93.7765269415501
92.65983934989053
90.68171101439205
92.77369861210167
90.8072480423555
93.8233101500178
92.13922729836459
93.83986255929743
90.34186881795308
90.43039248839999
90.6978075744937
90.38483968502456
92.42686013439354
94.67513512037786
94.99917865990291
91.6058080824176
91.25925050102668
93.81259954951715
92.69897083094011
91.5575455655708
90.2981735216406
91.48824064756747
93.76567681771496
91.90539313795479
90.48141371174073
92.78799410120972
92.29257246835596
89.13607019084354
88.789174129214
89.05813324306914
90.08750703038453
90.00994260112194
87.9164037147647
88.07990672548112
89.14321801401027
89.87017257578977
89.93492564416722
89.98815596847855
88.59777490893103
87.80110522732714
86.25320211913173
84.73289988944389
84.37552008076845
85.07679303354585
83.56319733200033
83.94243227337745
84.0948293087385
85.01335121751438
87.24464890631076
86.22961800147836
85.98446836559654
83.44828437473996
85.6718924905692
87.3820623844572
86.47594215517476
85.6805448468052
85.0365424059167
85.97996782972523
85.63924412037738
86.1489769462422
86.59614455187044
86.39059157153942
85.66161096117662
84.03977644756247
84.49605603291734
84.87468124027745
89.64839520721955
88.00030780990153
86.63290024405201
88.24520241748493
89.22799321268388
89.66355229688386
90.43197251111684
90.65638466875605
90.82871014017314
90.57671387537987
90.89648176236966
91.53618093270856
91.65557074173341
93.69761484687967
95.87111139270115
94.63312298419217
95.01552831861241
95.11116831280677
94.93002259493532
94.39254749608739
94.51894638811228
92.58467195179315
91.35953852352053
90.22066712727283
90.07550209886296
89.20859661475723
89.29030089194664
91.62626174723484
90.98489140366917
92.86255129069642
95.0379865493122
93.80565891132359
92.90173966913031
93.97996926053342
94.01893771598805
94.6593602169875
93.75299118582495
93.16862865455022
93.16773155869399
94.00144371373639
94.18348660451416
92.64901092123004
90.02611983571578
89.49501094760184
88.6821673395374
89.28882131482483
89.85756698791636
91.03832300309095
90.91884189560481
91.94286582444325
90.16556010328422
90.7363056439141
90.51482062012064
90.11046193844776
89.78173351444768
91.83716989763975
92.21883703649293
92.58483415746991
91.67858914328686
92.92339828311471
91.80904151617013
94.07037350101326
92.86581113653416
93.60393189532245
93.82126703213693
93.14388111905816
92.54380681786336
92.60626285623651
92.53948334019582
91.23541086921048
91.80605819566931
92.41644551422704
92.1722680446611
91.78763919661999
91.36759966986745
89.1735434542429
89.89913381221658
88.8591578480752
88.54727694520403
86.86676647883306
85.76923467608033
87.42033009841818
87.79287557256602
85.77156101352655
83.78582941247376
84.43853150445243
88.20640754870028
90.37377924841483
90.28606999172044
89.3760111913113
88.6308372257851
89.87039689453053
91.58541300481487
95.0926955125445
95.89053101048322
96.29460378679627
96.3541113321625
94.15073358079209
94.96133883514099
94.31241220105332
94.24389866569501
96.47584996782292
94.47861394833824
96.67129911899625
95.13412882572345
95.55485180094502
94.83347624149451
95.12631835104705
94.21500713916443
93.90419841390006
93.97473958416256
92.80742099511214
92.27439026326546
91.80497051031854
91.2200713864059
92.73829332664668
94.68351378847076
95.2317224875648
95.07562315981254
96.22624778326193
95.01388795962387
96.18864617594933
95.66650841670952
93.44470981420555
93.95170622585682
92.72164455023427
94.19448284268194
91.65285712127333
91.68767369551475
89.92624573158464
87.87203928616793
88.42370485583436
87.63672215315478
89.22345970005104
89.8149393505384
91.05740241333841
90.25381087231645
92.25156520912915
92.42544548764015
91.53756538716573
92.01551541005415
91.86606516453367
89.42849353788064
89.06348837453045
89.6115092298896
89.65839218320842
87.20844243775255
87.21710772712099
86.45341136446336
84.70194522702316
84.97738328687379
85.27196509129179
85.41648607262572
85.23952803873256
85.16412731821156
85.62408476657771
85.35372288907858
86.1184126974549
92.04908003058868
89.73915655425543
89.08438470523248
88.67926728712203
89.00675768825249
88.51404371667888
86.50713595359805
87.73958784728998
86.90368663495121
86.56462265125136
86.02182578097737
84.82528380897259
84.88333329694626
85.31079762807322
84.90703131201907
84.9968511366798
84.63428742432693
83.98186445573866
85.45865101542483
86.48947611992547
88.114764415451
89.43197220546728
87.95113095162928
88.3081652276121
90.14341011622984
89.12684172871718
90.77522447013682
89.66249606820564
91.1136905588097
91.52676393379203
91.83568498608717
89.92482895669882
89.6421056808577
89.41879808713409
91.2087960887393
93.36987042413625
93.60309987975786
91.71191233966567
96.14408101856183
97.0024453099169
95.29607898658368
94.02658322972842
94.19197243655574
91.89845659931808
91.17077693855009
89.72894412185069
89.05091765004491
88.6174403292006
88.12248081320035
88.64371740381773
89.96022673828243
88.44194472919438
85.8092881320038
84.741805463056
83.60900794292235
82.7611032234076
82.77739604467862
82.83517080090034
85.19105968758237
85.61445174316921
87.72469309175153
89.71076695156967
91.97057422012635
93.39426931248661
93.15221414608492
92.95581863320461
92.71724344155919
92.26205783227564
91.61301685386717
95.94615685734246
95.3450849266998
94.25373103833692
92.37991721291117
93.81294402633449
93.19374400713308
91.40719645863985
91.82510968315589
94.21767105288001
92.9181382613601
93.0658113795929
95.86294634914681
97.10761175408173
94.38032889546894
93.94055524857302
91.92935124702593
90.11507658587318
88.51020731962035
91.2768614596742
89.07727898598873
88.07459632188713
87.97934864730053
88.68917716582598
87.34007783794031
86.00130784501569
83.9088864226777
87.44083964945962
87.50528107484152
86.81470654966196
86.99238380587467
85.6065145986352
85.78656493077347
84.30882362948375
84.91419921026204
85.74498054371567
86.48482336848157
86.94295535878229
85.90628027025495
88.98775029143145
86.49491892772512
88.05776515106331
87.86438325560388
88.2801096613917
89.37279687591507
89.74565123031849
89.50489737780465
89.9529494409634
89.47752717355525
87.70114299648448
87.06870764836259
86.68893755562274
86.05714274884453
87.35948235590939
86.92863367663477
86.08568306311409
85.31232178207898
86.24045040372218
84.40672149988114
83.20874872684345
83.4182791495796
82.7236142734038
82.41608185706431
84.21485108521226
85.9831713988749
86.23653717948682
85.07998223732832
85.3894995340254
84.61054384463422
85.65801777871475
85.55592488453708
87.86857188612237
89.73823421448147
88.69292014769272
89.31330014615656
92.3332461743164
91.27203741474935
90.27460670465197
89.71268605331908
92.60655477578335
92.3517840298432
95.74503743704115
94.4757684717251
93.4075867845317
94.68513722786166
94.08320384904567
93.50807490257223
91.41892230394934
91.21463761571864
90.38379709676822
90.87531614095494
91.53675313470862
90.2638970382876
91.04198222396846
91.07341516600161
90.9520444922727
90.47211047271331
88.14895810841855
90.87359490821378
90.98688696493734
90.81366916761658
92.40450401879922
92.69300719832547
95.0558639698585
93.03520186340043
93.33182658141799
94.61509463857318
94.5668947602564
93.7379162798435
92.81521195777353
91.12650111091419
91.03154353410471
90.86535145981456
90.72242761413973
90.90974775242321
89.87900483463662
89.58794838142705
88.39079406040528
89.10276800839466
87.64035171348868
87.3440268190963
87.02170774294893
87.94277311725249
88.14668299435277
90.09147089734452
90.02544343860707
90.52889842841145
86.80782018187774
88.13898478194741
88.29730689284033
89.99788848604851
93.44599387874838
94.8821743421709
98.03878245051847
95.36702010575047
97.33836798559315
97.7453691237756
98.17628535518323
95.20733344459619
91.17102276236209
89.40735820980761
91.95574300002252
94.37359565372996
93.68209446142733
91.48127213261179
90.93193905993601
91.18359780445117
93.43155424064226
94.12319880037266
93.13515343952807
93.95569375544935
92.39577425985976
93.642866659022
94.98197929193086
94.35787381920692
93.9702648952556
95.35110011725266
96.6396995135363
96.11576473205504
97.07602043998592
97.88605175607027
98.57145776629604
100.76546589173678
98.60117273658766
96.2444249936233
95.01710167077144
94.50229646169814
95.15217777630653
93.86505164540854
95.5860325030539
95.39111198682198
98.47765867242033
96.79508506904821
93.92049044603239
94.27314058418412
93.84654332900892
94.37486558669224
94.1355285485417
92.41094610183909
90.19195062793399
89.48807230111866
89.94114392746765
88.65772709750205
85.95305954127734
85.59783343262197
85.44645538106928
85.24197072838487
84.1403721157846
81.63098183310458
81.4591175402975
82.06798873379311
82.06904464365259
83.8164250608572
81.66124254426553
84.09693120036643
83.10240630041679
86.47833081850123
87.26748527323579
90.29140817577029
88.31116559715223
88.13670903643528
90.16104144101008
89.3580116126659
88.10837444956648
87.87947841137883
91.10896441431173
92.68007127581143
92.30535131095458
93.26575044529353
92.72005960036135
92.76896959582392
92.66443963340602
92.86170347412839
93.22736998323
94.56150111246833
93.76840478474132
94.15632411138174
96.1255161026204
95.4479006183403
94.30428352481437
98.0197730292142
98.59516617589851
100.37122333392738
97.57301950912303
94.92595870326858
94.89208439661152
93.95413196652632
92.80178846350832
93.82072574743258
94.73873014914237
95.18411027752165
94.4261188390216
93.6772407129442
95.13794544450543
94.53749029397272
93.70134151704083
93.61714631571901
94.57210762540505
94.3692572877839
93.9048783053016
95.55597822513789
91.4901627837491
93.31709052220911
93.28150227830008
91.85748651401155
92.06318233401515
92.53970175920362
91.04208382774992
93.31026503639274
92.44905398584322
92.25987990862782
95.71958610734754
94.04444376125592
93.46928040658781
91.4346467550462
90.93645912628885
91.0634275835141
90.83084310888819
89.45775349006762
88.28094572519609
89.43293737724179
89.09408653830837
90.20923381352108
87.72231816023971
87.29255228164226
89.41420703022386
88.78580555861977
89.79986949664567
92.14831558154972
95.00834056321807
93.88169759622092
94.76131843055062
94.30403324107341
95.14369928914051
94.60688703820574
94.51880947360627
92.04570108106064
90.52947472680248
91.59923404012503
90.29642727947868
89.2027117861172
89.40921673127093
89.10738825668918
90.23840600552663
90.77935553719713
90.2741445148815
92.47390198725671
91.00776524004672
92.25016612584493
91.39216998399233
90.78902962662771
92.43496221034388
93.57461246257505
94.593442778502
96.57191059211144
96.21420511248967
96.51788607445945
97.38128395919087
99.0024876112289
97.64724861960813
96.83303189166347
100.38900133952414
100.16832802055026
99.73215297659956
98.07688281352083
96.66765361901615
94.105420679632
95.72027844498737
96.25866953745876
94.41273893552855
92.2454227354194
95.09178545275441
94.65936465724025
93.98679770733024
92.5991219298211
93.81385657559889
94.56092130931164
95.92368418790797
97.10508141937432
95.96827555612319
94.52940695156447
92.49147492558562
91.36537915918609
92.817254018254
91.93033108248936
94.92770532811302
94.92699200184124
93.51448347756455
92.88760736571227
94.8598520438737
97.00933370300805
94.75741936078744
94.11611819733486
93.37512733122402
91.92606827232531
91.38008617438888
90.25958522308316
90.248989458229
89.04024525271251
89.45768970810164
89.85951730487649
89.00467459358345
90.84015160679054
90.8105901322318
90.28449865351337
90.16813707666263
90.55735629021932
91.26392118240003
91.64779011532156
90.54080667643777
91.41224979256151
90.688768191312
92.80481155862334
94.15477148808834
93.8455800565645
94.48274294183737
93.92546334635264
91.28117619174415
90.87358233897137
89.0708004348842
88.53225704278078
88.32008838869314
88.49474945302481
86.89125148616307
87.24712226901708
86.20855672537037
85.87975343328105
86.08230598990926
85.52470894768447
85.48669880484942
83.56666314030144
82.28887775182248
85.16243397414127
84.33612525619093
85.35809562990445
85.35481134840444
85.57918261199937
85.39046113891176
85.72580181616716
84.85917912033031
84.69110954737526
83.63534007565748
84.04701077254445
80.66556809622122
79.99449159282483
79.52957393646035
81.95748094289763
80.79749242932147
84.97879731170313
84.98635733841972
83.55022210529512
83.5963069547752
83.73585914617266
85.41757354755352
86.10520627417903
87.33614359283916
88.13137579655245
88.66622350050106
89.4880151843981
88.51937381355435
86.52764813039661
85.10798830740191
85.54760352747304
86.40822883119128
87.11603520318047
87.41562553188245
86.42851259981488
86.41377179161624
85.904690380061
84.25781685616808
86.57889983807597
88.88668803611549
89.36695908778509
90.96754100081533
92.66947939205316
93.21132925659622
94.53985307810652
95.74849904543885
97.49890545907022
98.36289663331235
98.74012929690399
100.8593766615867
104.6904642067709
107.80025934897054
106.80594541025363
107.22247333161206
105.77266177237851
104.56073346359064
103.15206302027867
102.87665828440824
100.46202416132617
100.46980202000746
103.12772749668117
103.52340644704819
102.6647594174786
100.47542100774913
103.632524807888
104.48576572594278
103.72046432945328
102.19438150434762
103.44542951671474
101.10749953291752
99.9438076424008
98.4556585076457
100.18536760522527
99.90557328191694
98.80648528417902
98.48632014413816
96.21301222973418
98.29033678676274
96.65974326886912
96.32975562000787
95.69959964610258
93.65469487201787
91.04883009707164
89.75128842292358
88.16698310885418
87.25818161065305
87.55504596511014
87.69066494923256
90.1235228138553
93.15664828879838
91.3690662457319
92.63067195249609
92.18219015860068
93.79399172058964
96.21354113708806
96.43978995768526
95.83390534349763
96.29107170411
95.51234258247734
94.48862659491105
94.12746409717153
95.60647223486907
97.61669949738904
96.41272759179729
94.56085965484628
95.90874223318174
94.30740994733013
92.68307179809653
93.3831319947638
92.79970116426033
93.60118322965853
93.64346551579126
96.78726776616853
98.85392516898898
97.8104838011953
97.05092317228733
96.28817090691581
94.05929058818595
93.74482639480959
93.88322034678151
94.8556271167227
91.48057520323418
88.34512269724709
89.88842375996259
93.25925044420714
93.71671346875361
92.76129546442812
89.21182994176407
89.06439661757145
88.87583649890479
88.65556023742101
89.89000256382832
88.63593617469685
90.7946090919015
89.66865663460673
89.91724780662413
90.79223409591145
88.4321535192256
86.93950222126304
86.86931498626053
88.19543788348129
87.72582345450297
86.25321028278883
86.51905750181744
85.90147355215097
84.2597538469466
84.5432945740371
84.98010023734923
84.64744384381068
84.34449820815249
85.16049386980863
88.15402117382567
88.35467494492175
88.8566364707536
88.05587094032751
88.90003264196967
87.18315567065031
88.34198490212576
87.09020036286319
87.16319882488878
86.41378794058076
86.83852991253667
87.19262883070438
86.29883977373136
86.92973932833223
86.46503891097878
88.19346261085401
86.69192229713262
87.77461049563001
92.58551025380342
90.52617090681547
89.79476227195428
90.26622566993971
89.13739495243438
88.46900055164753
87.14882607114606
87.07874139424631
89.97288515756601
86.61065063854866
86.65360494704328
85.90644515546857
89.51666829274531
91.543278409553
90.06717935902698
91.0975403787891
89.91872286781022
89.15689629896796
90.2481611182211
89.51976886570581
88.66224920420068
88.5593199761311
87.35372873053808
87.60966811706565
86.33374775485126
84.90457428059018
84.24082394132877
83.38477019986095
83.6586047491516
83.99037614083888
83.62191025502734
84.65614723982443
87.92056880208999
87.36973738075424
89.20015455248009
88.93981870340507
88.09653276803849
92.32521831811552
92.45239578955756
94.34796024018672
93.99591840182146
95.09072646609533
93.52926484638976
93.8575377667762
94.00002617910158
92.99547013000276
93.21203173390673
92.92601186007973
93.84992364860508
93.97237716655697
93.13384629386258
92.29671515106864
90.99740291555014
89.45966017707941
88.41826585866414
86.57404006183522
86.42276815987495
88.41280272369475
87.17262707614788
87.35434182418459
86.31426414848315
85.38687397002658
85.03184299985806
88.71392687208342
91.02449031666178
92.25274068178895
92.6885967004857
94.69267928210363
96.10803976438895
94.49945053475531
96.31918462122205
95.8788737966004
93.27143418264276
93.54220819789356
96.22634776682712
97.64332128145483
97.4355647778295
97.18741793547997
97.29843146437487
100.03067193375226
98.44581502263647
96.7607471017508
98.23826556454553
98.81316611746225
98.05987740676385
95.63373262995275
93.97924168682052
94.84041031809927
97.63527532645288
99.41241176080304
98.95051817649488
98.30340157827237
100.4480807271595
98.96149316619749
99.1695914033868
97.0978025121043
95.20086717504198
96.9609983962867
97.75465265528202
98.50811070560518
98.22630959156986
95.67419840870404
95.1279760514828
95.01245286044626
93.83775706039643
93.01887247695237
93.4606070963858
93.67274703540095
93.13596754000055
92.32895736141201
91.4220437255701
92.67450122288224
90.68255186555133
91.93925580806459
93.13725029493692
93.01680584535278
92.08474359945002
94.24108332560267
93.00030214838124
90.89420662962254
91.64778943794586
91.57403724774065
91.89029797047655
90.04440818293162
91.25792082863198
91.67060762514082
91.13795596675823
91.15295309484456
92.69880539296912
94.12139962253542
92.17334207680305
90.70864496057911
91.82487269759665
90.16618900330813
90.306651480289
90.75153560827007
89.4459829251842
88.29686401780006
88.09472325799021
89.67963121620292
89.93869040929309
88.02001685919045
85.9028061487501
88.81317138160638
90.25825214617761
92.08651671091556
91.18393308445366
89.08878014403304
88.24722092307596
89.60294191928426
88.31343779916597
89.47800134451131
88.90291947662107
88.31474137154359
86.46693511534181
87.0141303950342
89.80711894407659
88.80974517996961
87.42253546632286
87.71439159731752
88.25564801540868
89.01413633585265
88.61111291135603
89.25317001205109
87.92004288643811
88.03359665950367
87.83448783930005
86.94652531647175
89.96480398073409
88.91086288338718
90.22435020940848
90.39647398144757
95.29095278982192
94.99434823678898
96.39601020003963
96.98293198078942
98.10275828963391
97.37151641228452
95.52981624308975
94.54721642512325
93.61043238958884
92.61185096396852
91.70229395175502
93.92076401361719
92.31970578710641
92.25627226100607
90.79564719649595
92.06378873830306
93.43902228140854
92.0362452710582
91.50463437569066
90.36879923329114
90.8825032264267
90.98579213284376
91.00257351547238
90.17259443375497
88.86109624785206
88.2795942022744
88.29472511673201
89.44021103298614
89.35321431580357
90.4433452895969
91.39713933719979
92.06109107973805
95.31700430060754
95.34082072105993
94.78013677572474
94.43359056847386
93.37622926948512
95.62413782890253
99.52128621462164
99.11153805164886
100.24506987542144
101.09388958374458
99.25688091176477
97.40865235290535
95.63025182810402
96.09370968783016
94.1328520462481
96.74422762260853
94.83413803224765
94.19330551309473
93.52935168870512
92.42289495823103
90.1324077579848
89.92783706167037
92.48526710204324
91.52905145754836
90.57051753303126
90.87187469189463
88.40366381316697
88.97349359008305
88.5399019491294
88.01713388352444
89.60054991141645
88.55793147432524
89.94642013480166
90.7864588464731
92.33919341861424
92.24088401829711
91.50274300989628
91.98246011270032
95.32796587985798
94.61558359500954
94.03652248261179
91.62818220321456
91.16577861767078
91.08868720392807
90.71937200176518
90.43499917493646
89.28839172936358
88.98197095947943
87.00129411739479
87.04410246966071
87.4744793172369
88.81812846247584
88.07092749812614
87.31400657694202
88.68835041645328
88.38601871274518
89.8792726918646
90.06508843304994
89.80387553186557
90.80849633603734
90.7093811303458
90.97295596588125
92.50659323268071
92.30832457061389
94.99132369008842
96.48543725598265
96.01715450960224
96.45308008698944
95.07666363274207
93.33700293825343
91.35241385636373
91.09718292470399
89.95810632517833
91.66472209238317
93.5079488027785
99.41617361928581
99.12558762856952
99.69009457760416
101.0559412145256
100.23414207364327
99.44935269784132
104.45354881375509
102.99122142026587
101.13843432987726
99.78690085404091
97.65726159081593
99.60020367155926
97.24448302550934
96.04021179348187
96.24076378768885
94.47586849392397
99.03604464555842
96.88974591763733
95.19547574138602
95.96994038207993
96.60398317867131
98.39756117125434
98.45305837953661
98.68428593593413
98.75125604913498
97.05608929479442
95.86981801102188
95.55973614617922
94.1765130457397
92.2955381657778
90.72389738589719
89.4304051089595
90.81460474887159
91.9404416418349
93.83991422111643
93.77062563231938
95.18871746156931
96.24951033407993
99.23953472488758
98.85394046505611
98.6447050628432
98.94878622159142
101.8042350552271
100.35079609263079
99.93869445778942
98.61951640173223
96.51722056712298
96.69590885491864
96.84414477773088
95.58101584983203
94.99376271652775
94.60497612722985
96.55761781824978
95.69757287937595
97.36122328017281
97.50075636174373
95.94826742498302
95.00660826919592
94.85348830515096
93.47198328636162
93.35571419002862
92.71575206347927
88.43389300605612
89.7545649689174
89.92297045687208
89.15814493093944
87.95071203789753
92.89325383100284
93.48124780201113
92.98792327034089
92.03053380732663
94.34089221343905
96.0083575053589
96.56985116524154
97.95419617857323
97.21179723631958
98.57641685030558
99.82835667892186
98.59051061937255
99.80441012427714
98.8630847179064
98.78132507864963
98.42037641292225
98.22349595396533
97.91730889031959
100.48535858333183
100.15734772210915
98.26736077176999
98.83377542450066
98.50476438474132
97.4277228100469
95.46612192308099
94.67969500617679
93.0673657810477
92.65729482283042
92.9552247282419
93.15106921492148
91.61959292673612
91.39794962662934
91.95332432927444
90.38851399871838
90.26721720043736
91.58924096185459
91.55115827019199
93.48967418044236
94.83401886494046
92.55413073182814
92.70507696978422
89.76024426160683
89.06138359840703
88.06306517610376
85.23214608309902
85.01528979129641
84.63469821505942
84.43241276030375
85.62859092373284
87.46978250428477
86.29787473556351
85.68001365171087
87.06887701460268
88.50678859388428
91.59980934856517
90.80315941520139
89.80564951851508
90.12461337503214
90.22344247361202
91.00801567146081
90.67346845089735
91.6185803464137
92.71158292493982
92.61100544103789
95.56692549495256
93.25548087116674
92.8081612421986
92.33111464170226
91.45685346708068
93.45324111035194
93.09594863459257
93.00347983015534
93.83218993848642
92.47055243109584
92.06857702387343
90.70197702427026
91.47060977360728
95.09002302559158
95.67543271838079
94.17655677256623
93.26347692300565
94.36407460165664
94.49716113609816
94.50261002486015
93.70479974621877
94.63692559643914
92.5562584252697
94.38507535486953
94.87613525298069
94.6948996515817
93.54746661168782
91.11881680132132
91.24866630260638
92.28275224113553
91.67190421907127
93.22565727112844
91.98255236988697
90.58253387622965
91.11029892175038
93.35703063909294
92.63969560980831
94.38171763574694
90.93188209778027
89.04181934706563
89.832061006224
88.62219831103366
87.5842396972391
86.22264129409122
86.05923568486243
87.9876354452776
87.46488996611674
87.78363514381968
87.74364489483582
88.41318166535362
89.34926611202036
88.12766874444499
90.67098375253525
90.21719150212436
88.21978317901939
87.49938556718402
86.57812209766982
85.86230438726375
84.2383833824226
84.45231790974289
83.08495853024064
84.53788430710398
85.78925630162392
86.5977593961281
86.89098537625446
87.30862306531611
85.7600033110456
85.2176735691395
85.51073777862157
86.825287993652
87.52485106146074
86.93483217316378
88.3853343940753
88.43326928902509
89.0849691075507
90.10763371828858
89.6845083034667
89.56273054921562
89.0923352777832
89.15127772460612
89.93017251909122
92.51466752576879
95.42633608146681
92.80935392267259
92.85182513154626
93.9627980978199
91.7616579438481
92.03893264303915
92.79102241924748
91.31857186367178
90.49167409469074
93.13383432294209
93.29763046590585
92.9773992412003
97.35475587036169
98.08065882434997
98.70539347632528
97.5554888380684
95.21838247062631
97.30253475736198
97.78450069542406
96.92233823385173
95.91350415854205
93.43878183986548
91.22544231982467
88.61511765414053
87.55256549832264
88.38160485988729
89.62982500152538
89.35239569756442
89.0669546283445
88.52986928832689
90.05770146436177
89.0818424303145
88.76918595880932
89.563886120972
88.55643818612148
89.76556300816485
91.64846046819467
92.66252392662714
90.99715095517823
91.67755062155435
91.0202304998046
90.64876896994397
91.63497877459137
92.76402595405868
93.8661700479764
94.84886358012524
94.9692447384259
94.47742416518597
92.96789182053162
91.25609523646442
91.2910011379555
92.17428536753378
89.8029539736704
90.10840830782392
91.88977775829613
90.00627821631713
89.62610965774458
89.86694382851381
89.26280995471278
87.98300710816133
89.42721135000656
90.75387962068794
88.58218220345553
90.45869681996565
89.68205547251415
91.4942726346268
90.32697742984227
89.31122820449559
87.35788165071303
88.28849492755165
87.77986297644661
84.49051184800318
86.23205159575879
86.99649733125652
88.41871235502995
88.77010872474625
88.5371709798489
89.51485102354881
89.06349869353875
88.78323833546
88.48900895411124
89.78490205743795
89.2167467950764
87.8689145296975
85.49682489635197
84.26638042277146
84.52081846576783
85.19351398584055
85.89399382964638
85.8010910430854
83.98094857057093
85.28216203735832
86.79381100355805
87.37701958391283
85.99640856745582
83.32553605186189
84.44394928757488
86.07028613563578
86.7391588772871
88.83021726269196
89.58665362416254
91.3321206575259
92.23344807830968
91.4101727015475
91.82995727705493
91.86236021287917
92.21759429539217
90.37883482435271
91.74921564167549
92.0451779192807
90.53435500647397
91.04151824808946
89.63095202146594
90.86335939491218
89.86118889432777
88.16632939500167
88.54003762728303
88.59263104589411
90.54810399986069
89.9821536169847
89.56605611028094
90.75774842925563
88.19724826312978
88.63529966856142
88.79137868053722
89.52795993102237
89.16709833071128
88.96025530851983
90.75155076935556
90.0678921276737
89.65265241592256
89.65150504367982
91.2906126248628
90.4881538809983
90.92236104560229
90.64168042283819
88.95861423444998
91.02911504073303
89.66104079432642
88.81438809105057
89.04112845363433
89.1790737322287
88.00903161731792
90.08152065219316
92.83167665395348
93.08654740828588
93.6126405139127
92.93340005388299
90.90154543361845
89.02939023142505
88.8777933779258
88.01963321558905
89.07278191873952
89.84189884871721
90.38073055435076
89.89127930578255
88.23040548681641
90.08718346480875
89.7029294099512
89.85237866941213
90.9540131542251
91.49701211293674
90.7225221764116
90.72787943512331
89.81463837099484
89.29369636275172
87.57736883061837
88.6270017365758
89.50102170457667
89.82214080522189
88.44515296638487
87.070152826905
87.86458907323642
88.36073487423177
88.32993936630255
87.89800280858279
88.5080803288936
88.49291746756971
86.98745179814321
88.31514588988821
86.32593863603843
85.15339378899856
85.29212739177507
86.61687218823009
88.113931079361
89.04295175043232
89.40824427366357
91.85851306091459
88.11034873468402
88.41220113161904
90.4547950908398
87.56745247938937
88.27436350136166
88.85995644549419
88.9051206877302
87.71244662805564
86.78802629866186
87.0862478785828
87.8522531168768
87.73492156923172
87.55564160307692
85.65677711024212
85.27170563465477
84.72476795155659
82.2266042189416
80.43939032166648
81.94213709707373
82.39664795678573
82.88833178619637
85.25155670886673
85.41731906863386
86.07216917659291
86.07919865320659
85.3627608224626
84.27795693699792
83.32332915059148
83.01845361976405
82.30917515564033
81.81869261430231
82.16150709935619
84.87796564373265
86.66283341825336
88.14969969775584
86.20838797677274
86.87853283134548
90.39921226960838
91.82871624403617
90.76110607986115
89.5833086392331
87.70281990462331
90.68634088241
89.91913671618437
91.34584143032178
91.1847495126219
90.8659049247733
92.97390953179057
90.69925851908194
91.66633487836756
91.04626517774325
90.04988857232239
92.77077215792693
94.7332725456472
94.01155859388273
95.83883260377658
93.89491335425156
93.18542455160973
93.25343176993461
94.11397842240194
92.03189089500351
90.37761977505636
89.7283922253089
91.25467690667922
90.01402511308663
90.07633946710357
90.60977975869582
89.46054775420276
90.2368370427699
89.55601670862345
90.28947806708202
88.28559293004284
87.34122338856795
87.90271643579239
89.39890061025116
91.68014346071861
89.88698294195811
88.71677164030933
93.75703818306665
94.28453949111953
94.6772894914343
92.37347370502904
95.04510897223322
96.64085802874925
98.39811756608661
96.05625801810919
95.15431006835553
97.08541180241868
97.86973434752973
98.560721174298
98.21179601258739
96.48835461032513
97.6893080582657
98.1030089437582
100.98614999186512
99.47414422437792
98.51759591577614
96.91726614578482
96.27960309318922
96.9428348856694
98.08549346769108
96.32412002899238
95.40270475499666
94.89568200060795
92.09832291996881
91.6379443568353
93.44166844468494
94.22664345580671
94.81137969966662
95.05197754135952
97.6970835111854
98.59174059760394
95.65483844393334
93.71372197227967
93.70528200173446
93.46946348347909
92.99407322805996
90.82992171861484
92.71373373529731
91.50213802235925
93.57262276486594
93.2055315396011
92.08805896032479
92.24087846806779
91.50287873319542
93.99745801794192
92.64473956790593
92.0913810217748
92.30944983636414
91.4974128431587
90.49159680931514
89.46751600962112
88.45636377769884
88.75500881514796
87.42021570378836
88.80156570685222
88.75531982183668
85.47903176671953
87.61025996181439
88.53641140588924
89.30023379495098
88.12958943059104
89.33551851558694
90.34615860092988
90.15981097108597
89.92876302432494
90.54068858256964
90.37945504886811
89.10716693522212
91.74750345722894
90.44510125281646
89.29646519138154
87.51793162307287
87.90168431865455
88.3877501465884
88.44737431272398
88.05517378241757
87.22195191290074
88.50954924584771
86.50064403359004
85.66465549454048
84.73126714519277
84.8771397321537
88.26557272611574
89.31476111511859
89.26633852874747
90.14837003253963
90.12838962314353
90.70811447360836
90.66217632199488
91.32844762784076
89.00328557690212
87.84968603932614
90.44633174976931
90.89958441964507
88.51935529400528
89.71786801871802
88.27473421291796
87.66478572778985
87.11092863681888
87.1068307654442
88.62694803966036
87.62231413806737
86.3480981235692
84.70487801942092
83.84454015575643
85.55143479104578
86.33553464509446
85.18837850367585
84.4136701114935
84.30182940938843
84.93147429940377
84.6944239325624
85.44537023953995
84.39330231344597
85.2035895924863
85.98885944934415
88.89185714970489
88.83864706871567
90.15464896964062
90.32329577896051
90.4691899045536
90.31727507754862
88.93026391651927
91.71352532944753
92.89093310783356
93.29677229073368
92.12320949104337
91.51232061096773
93.74833692112307
92.2784131291074
94.60486619757238
92.10673531133942
92.86779675679739
92.54172068095069
91.56309936959505
91.48390529629876
92.23530933414824
92.94219925843997
96.40231314289173
97.30033349554348
98.62360390666005
97.58197844396764
100.28043147783397
101.86177932303814
100.7002839554826
98.75761715160459
101.49470234717934
103.35813446722173
101.36727587782264
101.17751068486363
101.52156244567631
100.54988312328089
101.06801561372515
98.12343243446665
96.74641268851379
94.78233151929568
92.57643815292816
90.33420733821076
89.92021789516771
90.11104430355145
93.03998037811878
92.24372389395045
93.80859540838635
94.59272646117064
94.59322287892535
95.03832454633678
97.37098748827438
96.24169378774523
94.44187779652242
93.55372664784569
92.4238234267327
93.41672657452337
92.47236731161208
94.35866967636096
95.0615287098003
95.52130347082135
94.71241576775422
95.3835486836595
98.13812742456541
97.76524173592546
96.48538934797206
95.8213478583461
93.89267819191656
92.19723623375471
91.15147156002391
92.33559760842151
92.2552119466499
92.14104356920969
91.465321841759
88.94424647364067
90.20327683277158
90.17662618776039
90.19090284591273
90.44032924068405
91.2612058258266
90.68850789527418
90.48829957769587
89.85449159372084
89.07774479406162
88.74440743401416
89.76433692309199
89.93967229089445
88.59642075947727
86.82657520378396
89.29396302383071
90.04259598131041
90.065731994897
89.42134874055787
87.8293886463686
92.26191898414451
89.66542667200055
90.17703511655456
89.3061277268031
90.31802680909382
90.94288310086483
90.31582328999828
89.57236172063575
90.47822102786982
90.4903343763999
89.09686279332868
91.10978964781674
88.30072273445363
86.57848057398475
87.84607147308917
88.29994512629143
90.82627673158862
87.99982786448736
90.37410652826104
89.32831543815546
89.61991859608753
88.96918949698664
88.84985865361455
88.59194241113232
87.87329195179973
86.4673351575691
86.82049304779717
86.80341715105264
91.57715411294525
91.47073894129998
90.72303006616659
91.33165761725074
93.4814647396943
93.78073066984226
94.89673677127364
95.66036042287455
96.36058777766448
95.22021847107382
95.12999746517296
94.91545193156936
93.0399098241059
93.47107049489006
92.73634820560213
95.28521315140424
96.30371023894004
96.53507806625797
97.21895142982827
97.75347530786676
97.29697905021588
96.88339766817097
95.75489806826954
95.030100505203
95.07940186793195
94.60632342994245
94.4588551084819
93.91524831037555
95.75823816829656
95.78922883225725
93.70725445314216
94.3557803667795
95.58838281136566
95.19255394221179
95.14713348307198
96.3651467057438
95.29670065407075
94.50022090658493
94.16720072983316
93.6107758867922
92.99108539337685
91.62085270180008
90.77506088067457
91.9231298844271
94.51392223143506
95.77154222490579
95.22398320207552
92.30843642203152
92.8866699988159
92.5074122731944
92.20705883322778
92.2938055183442
90.59902443793156
89.47817758301606
88.84968573507368
87.67025151915502
87.13492844819014
86.52853554347969
86.08247172981211
87.55448339470665
87.00097852227692
86.52030246091289
88.06931162801706
89.57252820687151
89.22060189761706
91.21870153548042
91.57853574598067
90.09580771274992
88.1055229323738
87.67841150833449
89.10058861160246
88.82775406667312
87.7943438885547
87.08088673152683
87.43766742882322
91.99377744021706
91.17703564463365
90.60677636491639
89.55416187399693
90.18193171750549
90.3858428365983
89.7147179040466
90.77647280042386
89.88721694646354
89.91550654932828
90.58359679907767
90.81801829749284
89.68793462857374
94.98814162484642
94.4182707030663
94.47351434498134
93.79394264235701
92.69201029513536
93.76162188313789
93.63910491737387
92.8719945746059
91.14015851487166
89.98093194612058
89.63201038507525
89.56579887464484
90.14599518773038
92.31156047991075
94.94371270808462
95.45085466636651
94.71230826184669
92.31023680703555
91.34734927979343
91.07331345850078
91.92409245102446
89.87815838373002
90.0796320891744
90.3788867635052
90.19774041469744
91.66934358878818
91.14936491439526
91.46824497108223
89.94604409178478
89.90480906712934
90.4497092027402
91.56926465392165
90.96377050312104
90.60781390455088
90.88031371192207
89.36473760133481
88.45241426432574
89.18051099835567
88.64050216072333
89.74542542803776
88.90587721090326
91.17154839482244
88.20380677269395
87.95469720186469
88.24666183795337
87.03115996437715
89.16063283509912
93.22213037453852
90.91205769625167
91.2257565748783
91.28015126528061
90.05755441436065
90.59976242716544
89.3739468883337
89.78129124317091
89.47581450545465
87.8538999284319
87.95906953904164
87.79274514708382
87.53246735831195
85.87751759494998
85.58971600739272
87.41050572689868
88.14144072786338
89.01984797453763
89.6236760410521
89.24698681257809
91.73723236157129
91.52809525948778
92.43675284153235
93.16459677709038
93.58483432179273
94.35878665744204
92.44293505880029
90.75672838729649
92.6835919922738
93.05141505636279
92.36416627788628
90.9836405849411
92.1347808513425
91.19518667375921
89.85062337770046
90.65098897828409
91.59050882031521
93.7821132491454
92.4678937445702
92.37525153482417
90.52104919078849
90.26732028896417
92.32248064532885
92.06533048303028
91.96984281810167
91.65820784851735
90.80836506820937
88.28806579522227
90.4608057956478
90.69328139209927
90.77981673387788
92.82961073045864
93.94139071567189
95.28775344292974
93.74740496902305
91.11313226596582
90.9903977242151
89.55035683577442
89.7518647238128
89.71699772176518
89.8880722794841
88.6941614521024
90.58223801941973
89.35758374431133
88.69833076639871
87.7694611487331
89.33127869520251
88.94112840509062
89.77597686317797
88.43808318475187
89.11262499854568
88.44900786286091
88.87052468175077
88.74540855382126
90.07784562655465
91.61438747678127
91.01134079249327
91.45829985952712
91.26501895852624
92.11992883469352
91.2573082451923
92.62466306490268
90.9455281088637
89.62284462696358
87.99200103439512
88.71636605624069
89.55356579660061
91.18288405516383
92.91973436909646
91.53369152611067
91.57033654732962
91.91507731909321
92.06675841011592
91.18414055593738
89.3298194539979
87.7572142054134
87.50432848049299
86.77290456483851
87.30716438306467
87.37211214429523
88.83539802260617
88.9032791285304
87.19621947064927
87.60753640466197
87.49116458311838
87.8190298484407
88.41777236397293
89.39314165136072
89.31675667547928
87.96412991171934
88.02276372786204
87.56776417944904
88.92985358128226
88.59515077632898
88.0079729012118
87.22111979879973
87.96405045269262
89.08895956977597
90.53746060533472
92.05755246035882
92.13117014824617
91.60563413609817
92.80545848517252
93.42126130228802
91.61866794545452
89.1917756553292
88.6479357084536
86.82612879986847
88.27683441177727
88.1084173394205
88.92152047942174
87.6176521195419
87.71227586202697
87.81924555309558
87.33224584966355
87.04193681530488
86.88984645762321
88.81333908538734
89.97534451001006
90.76781024901535
92.17984927887204
91.63034971347486
90.04988971299328
91.50221863614291
92.60652387629604
93.21235566468943
92.2721534619562
92.0201351262226
95.07341930153032
91.96504783482628
91.22142196454931
90.45221346101924
89.31184893978453
88.78766616281185
89.93635808706163
89.72576154386813
90.48555741317932
89.31783040785085
90.28351957446841
92.9517658068468
91.61145372708184
91.33374400508205
90.90704697804503
91.3021137924992
93.15167947037408
95.38201739000904
95.30710583029202
93.69987638899562
94.68346893527514
92.84722790809928
93.09512608725998
92.46633959256762
92.78697976543856
91.82269853321529
91.78675383611201
91.42690577649329
92.93082841801065
90.81132549014413
91.40134088298029
90.48313115725982
89.74485439126674
91.33387136549015
93.34384454587386
93.25709964908464
92.22086373326181
91.15214643213129
92.35213984362935
90.32046773202669
88.39610813794086
87.58367175833821
87.57474226674178
88.83991818538732
89.28152725746807
88.97361875344666
88.60822285378977
88.49832761606889
90.32544240859525
90.02467215045526
89.76584985739458
90.44111368559763
88.47235459709454
88.61657005224998
88.7982501979134
89.9007034093797
89.6890750809905
87.81207969327546
89.51148927432469
89.2090807200703
89.32759758720125
86.0151476908965
85.57006740670359
85.92697661862732
86.67546189477792
88.48696580664574
87.32230293669414
86.52702555583218
89.22062395529957
92.39367144825037
96.19723376944847
95.47414952340267
95.2504475179004
94.95167425651717
93.21908423944258
94.0528585785052
91.76457054971979
90.11245758574448
88.90633026569513
89.59704615213009
88.26526581802307
87.90979491829583
87.95263545939058
88.54165604751064
89.89372954408833
92.48033178841136
92.5555681398029
90.64924785984108
90.70635070713391
92.56552610466149
96.67813543584998
95.23889501470559
95.30544931449194
94.38812904625388
93.43938040660498
93.10359377823332
93.19689802133651
94.11920291647753
95.05618621262622
95.90910665755031
95.32260011434204
96.39412063092784
96.0454437454494
96.56254115383398
96.54823244341286
95.22464382003234
93.22215107384152
90.64478734171243
88.19963000201396
86.87586496889945
88.68996313240311
91.48976073559427
91.74270554717617
92.04550955189042
95.88412165020199
96.75378984500223
100.86901455507984
100.75729331714865
99.90139606258452
100.4302907638268
100.11048582164113
103.84028499758166
102.82715839313744
105.23580041204805
109.20800079382296
110.53916629280688
109.23557033828885
106.85623253262906
111.06070079888624
111.79390341168944
109.39989206582469
108.19250638700869
109.01207022743237
108.17854329202434
107.70656882597963
107.06167018086738
106.27948166395885
107.39713934302854
105.14298891447942
104.55721708965535
104.69392111023325
104.67853984027981
103.89501660847574
101.93651259379936
100.5005871561625
99.87040240624412
98.68416298056991
100.87565338974515
100.09966080564969
101.53000187254308
104.55795096942947
105.53815055078475
103.15284637185196
102.58220628088185
102.1827809781818
102.64928357523752
100.65411665508813
101.54600045351424
100.19797704305579
100.3204769382978
100.41242692337481
98.27827218808372
97.12120740875798
96.46758972508744
95.17723803415382
93.84181770717622
97.79523571966931
97.86223571770057
97.42260402918161
97.56234473140888
97.79779338139893
97.33598657476175
96.23239882624173
97.11783937461682
98.31808593540009
96.57885982269485
95.23754534105687
94.46354043521629
95.90381540119763
95.14834139214928
93.72002907008296
93.43890616986532
92.2039425536234
93.84747683076021
93.89409156923732
94.08380594597737
96.42716336191779
97.78591917111164
97.49145410932417
95.70658756855333
94.78821927131074
96.06149026199571
95.5812443907254
94.34658557464074
95.1744719850553
94.04217774663746
93.87306961027716
93.34363184903538
91.40312579256633
93.19412644562358
92.2152383749194
92.86934536362777
92.1772221414596
94.03614274999762
92.7795818617935
92.03363213203647
93.4553972136117
93.77740559184593
93.08113865618117
93.89542297097567
93.99436608544049
94.64994051251225
96.34010873748551
93.80517618620594
94.76109612296177
96.57324992507893
95.55260061009679
93.75806671875428
94.06337565377525
92.69757226072997
91.83489533177047
91.13286314546735
91.6004103569219
91.740392839574
92.80705171581921
92.73719962728897
90.42984173433832
92.46416260441269
92.36454534591664
93.49980668239489
94.11129833116892
93.22072199255835
92.43861281852406
92.4628157954427
94.50569555842198
92.83887833512063
93.46089310840782
95.94880686399561
94.82527283882955
95.68981955585778
98.6367415381017
97.679079593359
95.42032844131822
96.61108237436495
99.04001327812666
97.79006693108084
97.89736478190174
96.0840007771008
97.34058813466424
98.12117687899666
94.76839244283143
93.95300483857302
95.54655438960432
95.27598588199886
95.91360687801468
93.28068293175772
91.72575944663322
90.82481418094092
90.70176589609548
90.95472481784158
90.43125671441052
89.97297618146969
91.26632853479494
91.03334236723535
90.83236191111105
90.59802520395947
90.63866000937051
89.9696483664478
90.71615213133009
95.71297291716188
95.26205428482321
95.88898254327766
96.8111333695465
95.09343746129107
94.2822633458762
92.39948805497096
96.12519377887952
94.55726264025763
92.84649697891864
94.37840797658129
93.19410208256167
93.30222124444295
93.62281539783534
96.00289591997839
96.19860095953959
96.02804832197658
95.64266920381418
94.77267009077185
92.31037226224358
92.29387203590647
92.52315783759138
92.2935256789893
93.70572862428872
96.89747304961276
95.98877443614019
95.10133492081985
94.0410270038812
97.76783694842118
98.96424194565265
98.79426105563886
96.61155645330172
100.16983626476673
98.9804513577839
98.66012852932123
98.41416421303381
99.57148668857229
99.99628222981988
99.91963676135492
98.11861896925507
97.03299908265446
98.42735086006475
96.48127502185325
93.88241744699133
94.70327182227126
93.92186924973507
94.31875614954595
93.43020490413427
92.15853453625913
93.27463473558286
93.17495442977177
93.20673378134563
93.01203130269593
91.74914729604198
92.11013919023758
91.5537277970803
90.73740270765282
90.77570025298839
91.03244319323616
90.13134998022159
88.71338934503298
88.27542950766032
88.92069589139875
88.5699127734898
91.01827042848065
90.15168315229205
89.6637530159361
90.88803507780506
91.30292694669667
91.89440605021106
90.76041499003892
91.54074464751109
91.12227998123184
90.76699616048757
91.77146691017946
89.33139335175775
88.63365306281567
89.6813727938167
90.45671824660865
91.6261754057296
90.38755444054091
91.5307258843247
92.46646267354183
91.47044020872742
90.12709725944295
90.2185271560452
91.402615124238
92.50424023128053
92.65515415528064
92.49973277518058
91.87664332351287
91.33956485724977
90.84433138707483
91.27098690460717
91.36066566486093
89.7605122563389
90.53084958555404
90.82964801596815
91.55311028073929
90.60248439684597
88.73304753297813
88.36154656915085
90.0380394498493
91.0277126772905
92.02700165293845
92.7778429669665
92.14311529701565
90.84746303175568
90.76792571456362
90.44299333930947
90.45455905310153
91.80462237218734
90.83202378232065
91.08249316939623
91.06953008118843
91.7900878286772
94.47611804275819
92.53233240139781
91.57766762817158
90.93218152707851
90.34700674362766
90.20291935518358
91.05872290251564
92.6640223448152
92.88917058583655
91.49548225023894
92.51336406342261
93.54235366903703
94.16014206269152
92.56782303931628
92.41867270577744
92.96393083919669