learningRateDQN:0.0025
82
80.9841596995336
79.89497212928407
79.66127941983795
77.13259910862926
77.46176766796947
78.50720850810305
77.81160717877361
78.335949551643
77.00017598729985
78.15937711123408
77.3647909474564
77.081257844976
77.87793459281976
80.3841869038165
82.01840320755477
83.50484286630814
83.43596587936166
84.0482307760253
82.039945079734
82.08483594834387
81.8778698499618
83.03973688266285
83.16695740128459
82.81329665108319
84.87044479240765
88.22301391629412
87.27387465346014
88.8449526235964
89.61315282091776
88.60357331116487
88.92693244834113
88.8114439283101
90.40449005064231
87.71014109992831
85.96992243380706
85.75586376463644
84.76893438423862
84.3463942714474
85.35944293638761
84.34535004077945
85.26757064811376
85.26993242060874
84.08119524369903
84.68488773381681
85.2745879620126
84.35872786712656
83.96000453812785
84.58022109401698
84.08087516452134
84.71669307033493
88.31223879256692
90.09348705743683
90.8142725951991
91.76165810652952
92.84444803507182
91.63658738556276
91.36290459499376
92.35943493543564
93.0481058104982
91.87555292641554
91.4023085306339
90.1133217528703
90.88444593218219
89.2452248677581
88.82301914495565
91.0454412146312
90.98320603955455
89.20299735615379
91.72643289926842
91.97857613679075
95.46200434900149
93.35874809812037
96.43001604924532
96.15493809232434
95.78676954801274
92.43991029113856
91.1842949339619
93.1899713277959
94.17539318889473
96.9718221139587
98.63906795368483
100.42308643273444
99.75658972997756
99.16345709648647
99.3033382903834
97.90948477911145
97.73462177576423
95.9503403308604
93.25266197409535
91.47142810354272
90.51616910934881
91.27669346486738
88.97628464576385
88.79859804111986
90.88161903519676
91.25202168686569
90.20254864536533
91.72981788047956
91.21222784200324
89.7212309865487
89.65999185883744
92.66525485821889
95.30064044003001
93.68660245577153
94.93453823550158
94.39016446469995
93.02266879221166
93.16278911379695
91.26865907056386
91.0253445739913
92.83851595512604
93.79849543960928
93.51873339147426
92.85066883825009
91.34006349362788
90.41717579707495
90.02777957484788
89.34161442952922
89.4144293310857
87.01835871244302
86.39731097181425
89.55004766692257
88.51513976985481
86.53698705739501
86.31900520643069
85.42505606522377
84.37888036262076
84.22812779458545
83.8551324652911
83.28402701583938
82.08271175539402
82.51067129927073
82.36258249183288
82.50090928866433
80.17035459597699
83.21005774320281
82.41584865949929
82.75816083604902
83.25558452001289
83.18621128347074
83.76980553861935
82.01822485515956
81.4755930681252
82.77979373616179
88.56756358311895
87.11862759043265
87.2616736503645
84.96055990715428
84.41213868343094
83.05079338611921
82.76529665915812
84.68995180569425
83.89128267583482
87.6270568075911
86.22299189228094
86.4671769811235
86.45706230304762
85.98213378800862
86.76550857796079
86.76561373643834
91.2290350506417
89.45505131401694
88.84394597480049
91.31691665355066
90.57636351474665
90.2244002475687
90.96572592024359
92.29018876351515
92.86835776563353
93.69915736888599
93.51491141397429
93.55745008024601
91.90882916157102
89.88189537890527
89.36863594051499
89.4435765128614
87.35860151221203
88.31503578379865
87.46285060811017
85.80196188700968
84.95643448926316
85.29468362391856
88.55043647999466
89.2632509755643
94.09799753004968
92.97760141211688
93.31641502889913
93.14321342816842
97.93107969889351
96.89684459173645
95.876263817168
95.43346778011833
96.55327690559375
96.39667366889476
97.42062274225478
95.90752930996922
94.48429505236528
95.9406546459069
94.51142737691262
92.46623724445934
94.89024593063064
94.08792026490903
95.95039681911481
97.1684225550825
98.50927284209642
96.39021519217935
93.70582358007096
94.20475810556346
95.15720653188103
93.06025525064976
94.64208100618967
92.76118881964899
93.62741541178742
92.46708327035344
91.91408560517056
91.3334222990492
93.02929641054489
93.58622414557148
94.25524777466414
94.83709153797531
95.97906084766245
95.94239232546566
95.92890497154684
99.45159640519532
99.71672011049175
100.29949693944455
98.57635040382942
99.20032620409971
98.46106186684092
95.28646853313745
99.14974060147667
101.24790221570183
100.91381829871231
100.60287153353319
99.69960838037808
100.63162084753785
98.33341818230956
98.47973662366388
96.15572396591799
93.26260896071341
93.60396803225328
93.36950313138689
91.88601767701346
92.58779577097043
91.89934170566062
91.4144781291726
92.15877737704307
95.03379525401209
94.8160162085034
96.27238233457588
94.51238185986935
93.61843616238721
94.02809518543572
95.45409411873855
99.30775789640248
99.22375452116985
98.94982596456198
97.05996391547896
96.76451375234434
98.25684308578934
97.71261663235563
99.15278193168974
98.5969181034026
102.2302998285841
100.22572879802271
98.38345164796291
97.8775423278421
98.11515701982098
97.95966061664414
98.19143703100318
100.74984632001514
102.3443243473331
102.49860918584626
101.96825764690195
101.57630189437619
101.77857249303332
100.0280909397611
100.69573943409769
98.7314019073026
96.9372654133255
97.39954024044445
98.27604126517048
101.85812359104874
99.50435045182556
98.49271842659627
98.0767326076165
97.362729848589
97.71542804172431
99.89600932682535
99.49564172484277
97.01564560356485
95.29308804719963
95.45161911573491
95.87769655812136
98.06174918958904
99.39749712302583
99.03978349459645
96.19329535481822
94.26413940734864
92.28830347705492
91.66984721425774
92.9169278541311
91.0577138572321
90.62386851774453
92.20248176980604
91.14882740475556
92.12543872554468
92.5139910343146
95.55733538120246
98.23151347090194
95.65242980051214
93.52413306924097
92.0337737497961
92.20789260969933
93.85742127153554
91.80907331982891
92.16507774308339
92.48575450162251
91.97906349924729
90.79274358954203
91.20497958036954
87.93874676770216
89.16182086996325
87.68850903180811
86.76206416079496
88.47428311947651
87.61724891614327
84.90806094591433
86.20883543237888
86.71360909539865
87.2118750170151
86.26687035741517
87.93060580985939
88.73178608714329
89.45288353761417
88.65744384500019
89.08680110182911
90.95032669379415
91.64182950994157
91.2990821202399
92.17155002602037
92.31800923938138
92.27912326690495
92.22506716873443
94.37860813322385
93.02083173899389
89.79445323606636
93.4430624963202
94.36106156927968
94.04946424587314
92.31187623911076
89.92052970693047
89.66082472713418
91.30747475267775
94.48508797014513
94.84084401713227
94.06799305687494
96.24599054093537
96.84583153806773
96.33407852134515
95.56821121677957
95.06672039059461
93.6928737857425
94.18151804856102
95.199825725076
93.09037010717539
91.24577286927449
91.41280964544471
92.82656839147187
94.88535230970083
95.85273955591128
96.26386564102995
94.07747548023904
95.98947347732948
95.90723817492443
94.40318151232435
93.69365887516064
92.43506526793912
93.00320482101608
92.4371382423583
93.08092390574531
95.14959822803935
95.74622110806547
96.10225218864687
95.96634388742503
94.64171360792731
95.55630693981107
94.53394155370997
93.39885249202149
92.95425900025664
92.57672702814187
91.49675958359555
90.31394506312436
88.77130940121712
88.29413928127946
87.2639494526222
86.96487185136965
87.36270156053683
91.233874737538
91.06265116844257
89.43507967088836
90.61785963576588
90.01226925338607
88.98602063887932
89.74803508670847
87.91681348744677
89.69505477255055
89.57388285721443
90.58076595725818
90.59458008187406
89.54621329346983
90.08602723428311
90.00633460993565
88.3332938374629
87.00031874945773
88.87462860193648
86.08999255239057
88.35921206183815
87.28308608295845
91.34930411500868
90.08849169790243
93.44993204814338
93.86603653227598
93.92518877225004
95.25613232952436
94.97370508869055
94.67170681908729
95.35978996075613
92.79719225337021
92.65772918201124
89.74821408013287
88.74042172180953
88.08618644728304
87.85872400563538
87.11355399425968
86.34304488238696
86.1314542216012
90.26333353397601
88.92049900259904
89.61236479621233
89.06734574417929
89.70827877669164
95.71157771694926
94.61177639764458
94.28376798491709
94.58615254341362
93.05827095765817
95.26215563839082
94.86561109712132
91.47698720242609
91.90488329975753
91.72725287033924
90.15593685821484
88.04651952259007
87.90209186336088
86.35406839722475
90.24934757937629
90.48853372393265
89.83554187859964
92.06301478771599
91.90839649834582
90.90046665465226
92.29268349373109
91.81511421183536
91.2588083720722
91.19345169149113
88.84819635810895
88.01188756815345
86.8208902741262
86.1669371970396
86.78827713368064
87.12287678864614
87.03439763785816
86.09935452794073
85.97942726176115
85.37530199785958
86.17951797403236
89.1467255483653
90.72777921539695
89.54357821050571
89.68231367148348
89.84349098497093
89.79835251891068
90.72707362618588
90.30003711733511
88.2095053805007
86.16792203138375
87.64106009281046
87.85827502717278
88.37965550512551
90.42079379462446
90.73044345609641
90.53247567568846
91.57866047502813
92.182783294097
90.51627608762854
94.03067919518924
95.67754808066826
96.83969821504917
95.49022989340658
95.99820311853223
94.02058888962172
93.36079817964118
93.44047230565545
91.36368991773863
91.23726122626032
91.86729445455346
92.17377547672791
90.4851738698132
90.95638798596369
91.05914581785972
91.19871948843767
91.88657181533544
89.21437306204108
88.73206014023677
89.23379845970906
87.43767875751738
89.30725916896732
89.59058071361183
88.43813042280541
88.72929193968403
88.76010068066408
87.87027537453763
87.98034439795653
85.04466899302741
85.58924668732507
84.40299525034037
86.06095275097653
88.0441099836079
88.4897119785153
88.4202325812164
87.33576886212565
86.17537046925369
89.79389354075435
87.83207690817318
88.36872696752351
89.32234298625474
88.66270539167672
87.8783158691547
88.56246646765824
87.96928758400462
87.39395534903981
85.81045301471686
85.41737359078583
85.9600111188632
86.66348451288087
86.69309897022974
89.32393976919901
90.08709707506358
89.9681700637152
90.97365088105744
91.91852995438565
91.25445435210746
88.64617270507041
88.3411225412194
88.76818432070561
88.40374539690717
93.00994033672542
91.6476749667852
92.28834298520405
93.09914574587899
94.72192421994579
93.33358371522976
93.13386393911115
94.30750157579068
93.94447342742181
93.059858307454
92.62199583919595
91.49957045249617
91.85458311236361
92.05164946922538
92.24502408309203
92.38026135848976
91.14816099739531
91.91494448958854
91.71968074762763
92.36209640671011
94.71815435881109
93.23991887663728
94.68794910344549
93.5996304144159
97.93394660366113
99.03447652780466
101.50114552079772
101.06242625980381
99.96321747007855
98.86675079684412
100.07401299699569
101.83973294458607
103.05697104529682
100.14495340692172
100.11026860833768
99.3078430292913
100.28395509201762
98.52738111991633
99.80623931538517
101.18254939241784
100.03343860938958
100.55551328570928
99.7972813654749
101.16241594346593
99.02576825042445
98.66521554206474
100.20688301524304
98.85054627444349
97.00114344783427
96.44370108333992
93.97891585188563
95.25964569692991
94.61057901127845
93.67526389572515
93.58919266405492
92.82661268568019
92.3121663716566
93.28497256164852
95.59188021165521
93.02490150848617
92.61482117096965
92.33620135031137
92.08338174693505
93.28114360537292
92.0317723074508
91.09917625701661
91.44983389403139
90.85984560226983
90.87599366759012
92.78262293637702
93.38586189462816
92.65519673073676
91.32484397813033
91.94492780239713
90.87026226319088
89.29989139621576
90.49677128062287
90.41207430441031
91.69167705897368
90.93322729673525
89.58084284831726
89.41359279968773
89.1274021942098
86.48126253790076
88.6677184075001
91.18805304062612
90.07144770839064
89.20306009930596
88.99468127030126
90.17858658467661
89.98834584214377
89.5771906521814
89.00981777407497
87.67975481857238
89.3665763107973
91.47207031196314
93.21840634992492
93.52246476239027
93.17650016629439
93.35103574776035
96.00343877050409
95.93776487910054
96.03129930840578
95.86235218249809
95.36709063775876
94.4816840903587
92.79528061587298
91.78427668011079
90.11343066311632
88.53823231436442
87.69101396395543
87.19119115032564
87.5159786018547
90.22224889558964
89.7820335493966
88.77544804922674
88.0925185698026
87.32338954285133
88.95200455029354
87.66572389178926
86.46116059683182
85.7239372569788
86.67096030892071
87.76736009871021
85.66563893154972
86.5494326871144
88.03003756532863
86.57629015961622
87.57686711495174
90.4287493382802
91.62113129905768
90.78494837547191
89.57533485567939
89.17555228755867
89.67014149356659
88.33392725687094
89.61248383372713
93.76418059271492
94.39658895422787
95.60470509026695
95.55915692689855
93.72810560511773
94.30937992775773
90.94998443150442
90.93576070027446
89.14756363182836
87.91586372096758
90.38212726703716
90.16514061458045
89.68104912400027
88.82814491041394
89.44128388103968
88.97541388910055
90.07953840442426
92.5238516466971
92.9911585374035
94.81350657532681
94.65147887290117
94.30475732766952
94.6500131493436
93.95910967724609
94.60322055471701
99.4078319395628
100.73749698575656
98.03737208166866
97.41176028243564
95.58536018991032
93.94562489849963
92.3830848016765
96.95217750581428
96.48669891847437
95.74141266069847
94.69820562350979
91.91363225436012
89.54611451702192
86.85539660689408
88.52091015949159
87.66747479887673
90.59972447860335
90.32173907613755
89.8944825478188
89.65258038487701
87.20689298064069
86.3266440678144
85.40676656364334
89.60294814647709
91.83058588635095
91.04827382287499
93.58950085209976
92.9827984935834
93.33235052368082
93.28483461476297
90.76068677347811
90.51028801549249
89.8487121674615
89.91810792599719
89.59727093844252
90.71053839361255
91.00703098246598
89.66591389854773
89.29546389624605
89.93798922980915
89.67825635045297
87.3408308354382
86.70014297117082
84.85056285008682
85.03562417212618
85.18414755652731
85.80049528381096
84.97629256756026
85.29979257926423
83.17696580562668
82.78697985072154
82.98898495519624
85.37119723909815
87.35528277405635
89.86081000436583
88.78767101024174
90.14501087406063
90.2156785893523
90.29299079465846
90.5513989536308
87.73312763114757
88.542897798967
86.95877140163869
85.92279192001001
85.68407972178969
85.247624553199
85.51388902551817
86.96476435757175
85.91131544751268
88.3272857692774
90.55537159125154
91.46900964443354
91.69808815939996
91.946125751941
93.55075818691114
95.4911194115276
94.70142117015624
94.67811469860875
93.32520788214136
92.65550922433982
94.65029219534713
95.50294895346231
94.92279625173147
95.74774538442536
96.37310535715585
95.72776022612295
93.02613503187251
91.06728537750385
92.95513154196577
92.97171357022114
91.1179892459965
91.09165619051275
91.89280289635917
95.74012626038905
95.97381061594166
93.6737065199363
96.46858739510947
96.0111399501198
95.60022297117733
96.46237102111569
97.21030533556292
96.69565664495303
95.64119841223778
96.19561289831512
94.07415642497027
95.84355043857786
94.35183957075834
94.53667141397719
93.70632747560806
95.29376582350629
95.78110211503686
94.75353976743806
94.67645512691244
94.95003507363124
95.81772750798828
94.60669738956501
92.23699590576089
91.71392261704744
93.43918264079512
91.21302737469506
90.7762880856895
90.9082483985852
90.45450628214031
89.22264581929971
86.21761405662583
86.35996479147823
89.47554522800803
88.53449702244366
87.98372312983983
87.7616317084487
87.13607545157366
91.46641049376728
91.06997445570532
92.06461556563643
91.89135316420115
92.77707485469189
93.31524989395754
93.99436718601227
94.87207219408131
93.66869091390897
94.82352212603412
93.45882861514391
93.01254009748378
93.74952247321805
93.99029113042968
93.73733235224346
93.53530992673018
92.041754756449
91.94921830373868
91.38213756687297
91.80627388074781
95.57773844661088
96.16647521287221
97.58078993723656
96.72327151512326
95.75079886863367
95.13417926650017
95.1850896492663
94.65971308391406
94.75075960610431
93.83704718265182
92.5894194954393
92.14325939605153
90.97705631476708
93.96110340210885
94.243365363428
96.26153397989417
97.20893605156786
96.73441862221024
98.74041108903124
98.21192324993417
99.26916828971945
99.56639059126252
96.77724583037399
96.928130872583
96.49972646886233
94.15483527362309
92.65849211822365
94.05475167455756
95.60779589482125
94.28714095289183
96.04734835719108
95.2386647748213
93.31674734681913
91.4495950133237
90.65020184195596
88.41151077863204
89.10609901279221
89.69761622502887
88.73718275685808
88.99309422995535
90.66200551882362
88.91186654492209
89.31899051381353
89.8174550435736
91.4621721690168
90.75547679256185
90.47192881686168
89.77029289118921
94.96129275740324
93.90180751640621
94.81856481193573
96.52809620513031
100.19380717446425
100.87717512992616
99.68797503868379
101.74346612668194
100.29664894390108
99.98480509294198
100.82489577035119
103.23632601473255
104.21788453138454
109.63088697065093
110.3251496971352
108.16332905695614
107.29727839619164
106.40877427635888
104.14481942037358
103.59993970416444
101.5071870529536
102.1629534179235
100.63028877345346
97.25242491396469
96.61369462133965
99.8903861629743
99.99549998781903
103.74857546251343
101.40213657902403
101.59037184089483
99.53559526069344
96.85418423989883
94.19134949149095
92.59225454381371
90.07825338757847
90.33228253172635
89.38065728871909
89.10247785105643
87.87074686402848
86.55138220134918
85.17865339609583
84.0534962427297
84.83232654505215
87.21468526245476
86.88642889844289
86.99417508352926
86.91397570484601
86.38084018964767
87.961178354495
87.12313832304798
88.51149800723758
89.34088817756677
88.11447586330839
90.38509855810447
90.2809776879266
90.00595452648791
89.6354365052595
88.56346958531941
88.4912469388367
87.44722649728644
88.33135437099152
88.47970193725868
87.08107601560711
85.42024584544926
87.7947429997269
87.39829509325068
87.74921685323795
89.82104960456242
91.26402909150053
91.66304144982743
94.00497529208396
92.30621585369953
93.93626554606283
92.43238610061424
91.09117072406846
94.66163787468673
94.6743297134451
93.67165773216877
97.7480361374639
97.6516091379746
97.52200236644632
97.83786824096674
97.1634571815724
97.89311172085404
95.65896789778377
94.23818815986243
94.44945788664447
100.24805694951766
96.38940624065131
96.33965471384347
96.67248093687067
96.47542193939508
95.23225247629267
93.60327369958287
92.3142375122205
91.19546789778387
90.3719342423095
88.74765793158613
88.39799976456831
89.55784389419142
87.46531469970462
85.92162742615002
84.72674728293434
84.87736681738781
87.67756232247316
86.39265801182789
86.5275838824332
87.87330173364464
88.4996530583956
89.285894919623
86.67348688803852
86.47663279343344
86.9528639375271
86.01505713009658
83.84618281004639
85.48116212505687
86.95543743966306
89.04348374921555
89.49105946297125
89.54873319991806
89.6384004805191
88.51930539970756
90.61188488616314
90.98754533540645
90.49618280656416
90.87405883364454
89.73169982775028
89.3511236072477
87.93087524706891
87.29692430784515
87.70005142555931
89.13177043303426
90.37730212301047
90.65689960578463
89.88551193901053
90.15541970219331
92.35951298244605
94.01445423824757
92.96110195023012
92.0882851001886
91.14680639184417
90.08533129183516
89.76004330707111
88.31859794926957
92.09488818429347
92.44718055586193
91.49701553524707
90.28744818693315
89.01796141699685
88.72846151660315
87.506682377799
87.8905070399599
87.68190306264653
87.97978695190888
88.12483867108273
88.95996426466183
88.89772762967806
87.94696719614794
86.61321862487179
84.47483005775233
86.32175339140476
85.01961304767644
84.26513058196241
83.05106641870847
83.55336703163874
85.26145307940014
84.18783485984704
84.16758551547325
82.79266441350109
83.44524297599291
84.05873886642291
81.99254903080866
81.39355225172919
81.24062263026707
80.5406706799211
80.341335556569
80.75363469474429
81.76832029275555
82.34745434427444
83.01173666520786
83.80626014516407
84.8743712480974
87.72838380185449
86.68556354130861
86.41087933735268
86.22075231493012
88.706375219623
87.28488838861401
87.72955806567792
88.8133571132209
89.14918213966817
88.41833898026808
89.00240750069337
89.31628509426208
90.1838648438601
89.6658902038871
89.58880856489377
88.32475899196325
88.28631031591313
87.72420077372777
88.51654306389106
87.17414661736437
86.08290123191198
86.65211773914217
86.15044881924604
87.15064050221466
87.54618609049463
86.7163110206653
89.06989718678602
87.23307495289609
85.74539938997825
86.7714167155333
86.34355611318517
85.36209379027065
84.85923246007842
84.8228126503312
84.43768617437172
87.80156174278243
87.55743756687755
89.23304583740023
88.87211084879046
89.54598973735288
90.70831820628388
90.31037741793361
89.26518638789334
88.63979924344363
86.82586387787883
86.69148330786295
87.3503132220466
86.43154269184102
85.25599984287086
85.00625604896989
85.17218281933751
87.30121558523012
85.70014040114594
85.54019399836933
89.60620658751172
88.32910591863569
89.0286847498286
89.40756133378741
87.73675000922793
88.841774122425
87.83768123363205
89.14494653973375
89.5005157155078
89.28884493250874
91.84230476449588
89.79962995905443
94.96844863290126
93.00299331508697
94.16364626365197
91.23463116266223
93.43122843771205
94.35985789235608
93.08145481856381
92.06054225200229
92.24310546843434
89.68795148352876
88.61633951576142
92.05626284772683
93.29467108921968
91.67451160470935
91.14652695143258
92.25216299349626
92.01592141768654
90.22243737925244
91.46156471997271
91.34048277665687
91.4510057883207
91.63919999046553
90.47707118487644
91.8259953841852
91.45969121755002
93.42475319153986
93.65953694153775
92.93512695676884
92.24895978069621
93.70233631726009
92.75499426700227
91.64045889773473
90.68284855274143
90.51843812274711
89.78040510148409
89.71986746224866
88.86891542379402
89.04823712242568
86.11088561397277
86.97398494554069
84.68573272961365
85.36859296763117
87.61649481244847
88.18134505076354
87.5210996615494
86.26707681146827
85.91267587567803
87.1103908471894
85.8503559680566
84.56766277824627
86.27532856903186
87.35465299103832
88.55532800949139
87.22056742590823
87.23348383699569
87.85514156282228
88.1611682812204
88.3954103370597
86.45488200242308
87.23665231716835
87.04152904715421
86.98501345365479
86.72552673440806
87.18775552274012
87.74618404399648
86.43154748552536
87.85401233684787
91.00716677748959
90.68402371022945
90.48204782070657
89.68187768895694
92.42908245277735
92.812075108452
91.83044907649507
91.19155496011585
90.06612068671231
91.10077737698398
91.31736314752048
89.25483716334938
88.7587180231482
87.37481169709454
86.73030481505745
85.87965783767783
87.20356588970384
86.19267941313444
89.12399444907182
89.12578323458203
88.8513706187965
88.18634927999045
88.23735707954287
88.08135730171217
87.305404731778
90.0299480336561
90.1886793897447
89.20206972331775
88.70240830160341
89.2561372423074
88.7448168996753
88.3742072373571
89.18439882251947
88.73289622510399
89.10924488048373
88.64993353534821
87.61737525050276
85.62258315066227
88.96549755205753
86.75000914195381
89.13070204709663
87.59651199653622
89.79357033582686
91.31325431982444
87.41432181910392
89.79717414053454
89.46713839626253
88.70462975034053
93.58421772690777
94.38181191572728
92.86784720290622
92.7279245839363
93.38381517597512
94.22243145591771
92.3799000858147
93.6054191130063
94.26418541433964
92.24964905513309
91.6101393758857
93.46363154632047
94.38893997333031
93.00962965258341
92.31475225898743
89.52190297507971
87.31545186364518
87.53301920738977
87.05236545036371
87.63245905439176
88.49129023335486
88.21798678105515
88.40494241215285
86.39414544230698
85.88870914519934
85.42449436384767
84.56769633999102
84.02108979738735
83.647051235723
82.85998068101242
85.26796484918178
85.26757752974144
86.63176260722129
87.13568220487335
88.59107894355938
87.81295745159458
87.62034175200189
88.45369680505829
87.54355291527096
88.62431367007578
89.34428706163933
90.54749331199072
89.54534389426318
88.93057744775841
88.32194741840786
91.21210184854917
90.285395407816
89.88951786123381
90.7689951995084
89.11798083356638
88.69836509124238
88.50383874378998
86.38779754068344
86.21891073252455
84.47453626446018
85.26963732022355
84.74178990406192
85.78681337748472
87.23412054072251
88.23709892074979
87.8896833335234
87.4250890484175
88.4059126088254
88.37121873030371
88.97554944478448
87.97928340663063
89.72808391528541
90.15122029116336
89.91726277183713
91.67103231270073
91.18650931483694
90.17191824200857
90.40453011568738
90.958819509889
88.94684468313572
89.04972328767109
91.34193441418483
94.25307716320572
95.9497101045887
96.22978864984971
97.29977239187302
97.0266957139908
95.0110324507189
95.07742918228715
95.11965052270169
94.16335511362918
94.62798307763791
94.06597791990455
100.18356765510484
106.45341381759636
105.52741007385242
105.7172034285881
103.50397570720037
102.52004270277695
100.76388228148849
99.8477671411075
100.6106212408733
98.23137355258145
97.67484399739392
95.86047797553827
94.32928970381582
93.08722125501059
95.04578426098334
93.93523213252267
92.48827006374874
91.944966715157
90.5932699143871
90.06549129047706
91.06610993710457
88.90650880690852
89.73844821143825
92.5803491630728
91.03194096954608
89.56037220647531
91.08676299072091
89.6025683746667
87.42220102717867
86.9798736244982
86.457072516091
85.56592493354141
86.29186687804756
85.18705482309748
85.92637930351535
87.84193655501608
89.33706361675858
88.34589775578928
87.69358069033832
90.70814645818211
91.10449109198017
91.72286421766448
93.26913505198088
91.73531889061961
91.20230876939821
89.59132023671609
90.2211110221617
87.84749882645656
86.56872116828174
86.8761703046519
88.15110366519643
91.02525305736967
90.47852204375033
89.98926015531572
91.04465467555252
90.47206526537413
89.54146359424654
88.45875612052781
89.24819629283803
89.58526288533047
89.23681305405226
88.6336727896558
89.49070912753565
89.34897770477399
89.964371046109
89.5466917573632
89.80656119398203
89.6555129710977
89.60045291552531
90.0813730977473
88.52590115905839
90.8868718166032
90.07624063983734
91.38561358814258
91.57900688473934
91.42628770621575
91.40201786206124
90.8173549549335
91.16073709816797
90.60056521946332
91.92899989859642
91.12884238473929
90.0188140851183
88.78415459278617
88.63341140360869
89.40420775548367
89.4328173572865
88.92586687472435
87.37972357458959
87.34995664162683
87.06345930014089
87.6583397204789
86.79591757818719
86.61189981882225
87.48958957185988
85.94050418481866
86.95744841997228
87.19875783467995
85.33892779668729
84.89349240148123
84.81695921198155
83.46319215240982
85.28421004458687
85.13311773522665
86.38114365106803
85.90541749682389
85.8310665820011
85.54554344453175
85.12254737643703
86.0949265118158
85.21200104405511
85.99750377368213
85.29242127858019
84.61854404765386
84.21267031709722
84.01991229035877
85.04657385213473
84.74321689012169
87.44095102074262
85.79937147486709
84.4816764819025
85.09479615920502
85.04766509176639
85.08937693077442
84.84699777436447
85.68841462524115
85.46177307645662
84.92658178912257
84.54878876977217
85.60559408583724
87.63739229744446
86.81013887541502
87.49511388073917
85.67309820592803
85.09431226240646
84.45223249251592
84.95989589127772
83.66366858685336
83.20139868529958
84.79280750229634
83.71676633223264
84.69040915550457
84.88601823011727
85.96766052768858
87.48245389000836
85.45646718849329
84.88188333405044
85.07877688131977
84.03777278876353
83.84905865580264
82.9218387770716
84.14285450721789
83.11780215333856
84.81191068590283
86.10922389920727
86.08273681730573
88.06969405259235
90.10878462204181
90.74930764305289
90.11816894913542
91.3851932685937
90.46053982946367
90.54510190718021
93.476760379405
94.25438009480857
93.78099740353412
93.17306648258021
90.5294958373212
89.74961276646385
88.91543432506631
88.18346100024236
89.8448440011826
92.67919075745466
93.63365892688078
93.25862411461718
93.07622924473834
90.81486455354087
89.74236774462426
89.54168352495658
88.12684388400007
89.08571328405021
87.7574122306101
84.98212493580054
85.23561546062128
87.74207318416501
89.04448925185304
90.48982590396587
90.23551678142753
89.69797149777504
90.88357464733942
90.88431565651621
90.8664423712581
91.44335103175352
92.08699800482302
91.4247161933666
89.08115413324498
89.52825870763895
89.24143602733419
88.42493408075262
89.80337612673203
90.67791920980395
90.21041839589027
89.5619991582176
88.269537966229
88.97636930696197
90.70363688963207
89.79392029712606
88.64403429507887
88.63967055110598
88.13009837376785
88.56255143080666
89.90966597197036
89.71535677562562
89.32359499121475
88.37912934076711
87.76251710399502
87.91875458885646
87.05856929470086
87.08877251035906
84.90447444036087
86.25596699529024
88.35320228408993
88.26814441737059
87.04693450352893
89.18779089921932
88.43859944444146
87.54462345038662
85.34005618756827
84.47512339517284
84.99769534746034
86.96364073689153
89.19029265210081
90.73600733527536
89.77778545943616
89.59692096420196
93.26271755594757
91.50640801368228
89.52296659259885
91.60528049267329
92.56497760803421
92.08642190677259
90.28285877595492
90.72834524924725
90.49738860134804
89.467253318673
88.41851717819672
88.80673379156018
89.20320784253468
88.01167647777812
86.76607968659664
86.34527341629745
83.87125019620498
85.93412917132447
84.96302977340474
90.42120390383488
89.54810006136312
87.26710228429485
87.12949021994915
87.33738386483581
85.78914129422715
86.36654476231398
86.06842718546417
86.15822251112822
85.00557743372062
85.78190699645593
87.55901800884664
87.68611017313594
85.58713024189656
87.6778025513837
86.59997463686288
87.18112671947371
88.31910470601075
89.02181500393849
88.93125998215632
89.23483220803539
89.81291171374396
89.30145933746256
89.2873908525468
88.75972239652518
89.49413104255973
87.09376156733069
87.78928097835056
88.56758632998059
87.97459605765313
89.52148934925553
90.86793750781969
89.12665653728861
89.78926350320005
91.61756333686706
90.82089878039224
89.63409695714934
88.44351010518561
89.30647364494162
90.74107402776623
89.71957781952676
90.54733068140354
89.15158245965276
88.65452374689394
90.15233186423497
90.58947809668572
89.42079310898247
88.42327386198023
86.80888601671067
86.34036744650238
86.4949270976219
87.40381372456551
87.95263077030211
87.64576283050279
87.0900232766666
86.50151899835758
84.54158128294759
85.25343338756866
86.22687713807274
85.38066883348964
87.7761647222114
86.96773137074274
90.12821126636567
89.37422469537142
88.14676778381002
86.31491479931016
84.33508283223695
85.7625835563785
84.41755423261145
85.32989976601205
82.90365808517144
86.30837571632577
85.79360377987128
85.35356367835635
89.02008197315774
90.75777137593983
90.0954317315846
92.80167368020076
93.10879690672576
92.50161696402945
91.63005028574872
90.70057978582074
92.08199994721052
93.94662671268145
94.09099541016535
93.44574756217875
93.27389941534574
93.9400566343177
92.21888916017765
93.31752267822354
93.67408169931555
91.46259647639678
90.39650341123166
89.45590893123583
90.08201534592216
89.07266082250283
88.9072979157727
90.72137009138224
93.50860329791516
90.91719010110623
90.038483691454
87.49601418304718
89.21886916050546
88.12186615365589
87.24289219803528
86.83872709902616
87.2159452453255
86.19118888797566
87.0783288028661
85.6293642700226
86.2731265146253
84.21878010803745
84.58056827541493
86.49989141207753
84.89412553818211
85.2868830747143
85.99600244805447
86.30855962631907
85.93377520674703
84.93352865156706
86.51122746200936
84.35313424814764
85.90662299629888
86.89585045133519
87.83191446316528
86.54359862041758
87.0894718448397
88.38675886196702
88.70705422227172
88.30167042133812
89.62185211354499
90.42043654581013
90.64441949079254
89.66023816248361
91.98195563445434
90.4887858148132
93.96979754340032
94.71667610072883
93.43679066307537
92.53827568002197
91.60611320364146
90.21695046451357
90.38001800956305
90.97608511731451
91.63370875521687
92.44296102865096
92.96598078450477
90.65080781961778
90.69737330249855
88.18844722700548
88.32464473322172
88.54005233447515
86.59885505234848
86.08433383115424
84.59578598747095
82.3590943436366
83.58009162499503
83.45175274690922
85.45021733713273
84.10279902489688
85.48406834374276
84.12941828648665
86.48868709568104
87.86741348158655
88.84195718686624
87.37931522069654
87.16784617211596
88.0799524842205
90.05860858009387
89.31173810754231
88.01846347714901
91.72513883943488
93.31696265825957
93.04958995589382
91.97564811194127
91.00854515134479
90.78880986175909
90.32920053006322
90.46329761085343
89.1589768528822
87.40226597415634
88.89023409937919
89.89599047951019
89.5670100421573
89.08597261008649
91.58551520980262
93.16159660061305
92.44291298017252
93.1011530537294
93.60739521980004
92.41073329682818
89.07618675050287
88.15708538392009
88.06908843650959
86.61063819772822
89.82956673289264
88.22551033087252
86.33992587283963
87.7227091258243
89.45889274259358
88.85816671896133
88.8007622501179
87.20362676804187
86.94635121638817
87.80276707727137
86.19150037314593
85.03362587061216
87.67930059752958
90.38873121865791
91.78018241465297
92.73392742850514
91.95012739321085
91.48176133671772
90.63460353300644
89.43990166304916
88.42723486427457
89.29069190819446
89.71419099817173
86.3719234593675
87.7846698610758
91.46723987310313
88.9347818168031
88.3812727182716
88.44040939042021
89.00745248287785
87.70005974159457
87.10578924017098
88.09954325552381
89.41024396994798
89.01334626831057
89.2845311705402
89.22383984831582
89.46740146881142
88.41205154580166
87.593497069546
87.82916788534001
88.2830526948973
88.91296002646797
89.49287476761181
89.28727548052784
89.92281359814149
91.22995426304178
92.3656272694691
90.28787494015864
88.60934685589663
89.20028849827074
91.0578280668513
91.6435548192937
93.11115964163322
93.01120712864723
92.13358964169151
93.61015444318136
94.37747956502304
96.08016373672736
98.47350474608194
96.12280888890656
97.13514415272978
95.95500041823558
95.45929087350832
94.53511479961625
92.55371577183452
94.05040645295635
94.93109585077805
93.07494249300957
92.83838455889246
91.1756274109709
88.10070493318734
89.18273181359538
89.84234825706054
88.97589516909277
88.70053616846745
87.16530501305017
87.33065036160507
87.93435067159416
90.3542885130369
89.00300441950499
91.33180141731357
91.15959233765057
91.35419453447359
90.91737647146103
89.77813139043883
89.15941641937107
88.49358583124926
89.65655240594117
88.46959118238279
90.11790643907547
89.86419064759231
88.19388893027977
90.24773996511686
93.42939384456898
91.47060668212147
91.66581871879328
95.90634398793297
93.81611393649558
92.26770931152815
92.27135794271726
91.29399117849424
89.5958361580005
90.84366903386154
90.03745133577448
90.66939235290248
90.02086963569528
91.42627832227336
94.7116566562023
92.99575091129852
92.24243245679537
90.90549304316887
89.64021744628131
90.58950764623202
92.99248219223504
91.9904107204469
92.91982459895029
94.78905296253542
91.01417539479179
89.44868687407988
89.29233560539377
88.9230329253909
90.63372346727577
89.74385306838549
90.94122941790239
90.70038288737425
89.79358815078864
90.63481536424644
92.99233119590005
90.86314062710935
92.04728950214174
89.19811596590077
88.11183063827771
91.77562684693896
92.03053767137008
93.105699975112
93.24211270410684
94.63369968942465
94.36500996299708
91.80463045961913
91.87023304708505
90.30131697657157
90.86572732353265
90.2362186109657
89.36287411488372
89.38375454089287
89.49249991800285
87.95751036179357
85.8526278051116
85.81349597406778
86.7262008824376
85.71887661416656
84.54059924151957
83.66589439230665
83.24781003356942
83.56315398711962
83.50498862358685
83.17933684100248
84.74949946899129
82.70186505098775
81.97636523323213
81.16190488415243
81.24144201754612
81.32857462318454
82.111201388039
82.10406001438852
84.65823070705837
85.75855109051915
85.18750444964272
88.0179728251888
87.60260662622787
87.96163820991372
89.12675036858094
89.8032153797739
90.07526477706845
89.5956601161511
88.44559992365322
88.62461326909907
88.84590687580784
92.04764179781176
91.2657335359265
91.08845125779993
90.75753037530208
91.77484337869149
91.29649637432938
90.09222964963243
88.87185707718194
88.87929470196313
89.12678175978083
88.3031749653265
89.47315454621221
91.06617954443115
90.80578880601786
91.69889294840407
90.88738706057582
92.41212311868279
93.29970433398218
92.85430586130008
92.94510206783193
90.74700084732994
88.51639695031201
86.49244208113143
84.45348735604973
85.38859178905405
84.79326426146794
86.57489057528679
86.02582467127377
86.61126873154498
86.00475585049819
84.52828614798673
83.87947955133527
84.36883176482245
86.84625640303754
86.5106288274145
87.83724955705651
87.34583939173152
88.35035423956747
86.37171992182422
88.49620972064201
86.84716970943677
85.32386356267695
84.26977546837514
85.02394066231008
83.50628629292983
83.77581807781914
82.52284735489036
83.66168160585087
83.61402592248785
83.03557255303596
83.15639563162516
82.1828367656986
82.09437149609346
84.12412304758162
88.77087823913654
87.55355636895962
89.46112941740661
90.96099638589943
93.63985868883427
95.10055651359859
92.58059032279469
91.43391138287657
92.46929996343258
95.12488375623683
93.81199906734957
91.9398508489848
90.23388498149838
90.63463831338997
91.82786537010327
93.0418843140353
91.85276213923885
91.53896413603667
90.73519580796514
91.32583211930799
91.7829785912824
91.04528500419788
91.02814764962308
91.63620775193141
91.70988668963027
90.19959473324039
87.66544763053852
87.6986173114887
86.20434778929165
83.18755782612219
87.16503125379487
88.19224987806597
87.66965447626369
88.53597389856294
90.77135336175078
89.94332935914044
90.88777481469026
90.8864145169265
88.68024771003324
93.09312388072294
95.28686456233748
94.39601251831687
93.27154711399795
93.55291350877906
91.34102348222838
92.90068441097598
90.79773619391831
91.26993003459091
89.92947206132703
91.9902000240129
92.49319363950676
90.4954211449368
90.47087883154533
90.99968931569805
91.49566925017473
90.24588790069251
89.0082733605877
87.78413835546482
87.37342795438505
86.55932159278625
86.54280691516456
85.65733086382501
85.28208785380185
87.77179698678275
87.37462135620181
87.93314281679545
86.82067209805159
88.8744642045462
88.91725730093276
86.66625469385731
85.4622793232971
86.63618879522559
88.25235643388977
87.76503346283567
86.44211650141382
87.28261368553285
87.64107004316854
88.81776298451229
89.16173141198246
89.77806874221334
89.28540654910745
88.26003575899617
89.93785830932194
90.41262337995441
90.68614797767897
91.20770294470658
91.38971639406387
93.11975501428626
94.23322828131882
91.96156600388774
93.40963405302173
94.9370220041782
94.83083846477857
96.19615339562891
93.38575519463335
92.04792686970733
92.13326647613515
91.42354466572473
90.40580202488013
90.05368053942625
90.14104394994207
87.21264242240382
86.39020699516864
87.88712380857893
89.47156280252948
88.60121019811514
88.620022304049
87.97375965432126
87.69959795714645
87.33979334722574
88.91910783366738
88.6509851905835
88.20122862374888
90.45158075490936
90.25392500813624
89.77817065065656
89.17516393452087
87.56909364922846
87.86266300790389
85.92251669448318
83.88929600525688
85.06390084965993
87.93459617965699
87.33763279065118
84.43072631658329
83.14236209234215
85.40901720682807
85.94594454941048
86.43872025002958
86.19599346281551
86.08333510871987
85.67723757703442
87.45622852707918
86.9494009481748
88.22150902484813
88.89319578522972
90.39524858795836
87.30806185401791
88.9561316566352
86.0241891612255
86.4284432250433
86.57903066731438
86.31239974564483
85.9773346237536
87.20006842855899
85.44399011999677
85.74485983492542
83.88535902979842
87.57672113064434
88.78036695301411
88.50812565711202
88.05759059432735
88.04221793085166
89.07540617032527
88.7290695440932
88.77622244288483
88.45513970537185
90.19557661083576
89.46384859424391
89.37108533434936
90.54827129017555
90.30067400480704
89.29929720952283
88.57069006486054
89.03219876399586
91.79449858296509
92.93406658596551
91.53966111442425
90.59492464576468
91.23139047634669
94.75907752739515
94.42964442874882
94.99927007512771
96.37123877273625
98.26018474611449
95.84917137407876
92.62415940602831
91.79967377084486
90.18251436374561
90.10683827501502
91.33677926500805
89.33789224617146
91.39445901524
91.53453781134785
94.12741846181052
95.40079962220244
95.24192948099147
94.83459023755672
94.84475621687953
94.97079042365725
98.09042566617278
100.09465947450168
98.97273824920966
99.30831144714894
98.69909584779307
98.98901186984905
98.77069872053741
95.60844848076302
96.40041826474473
95.60457717425801
96.71958172147465
93.87279116047262
92.90932711108073
94.81432398379508
94.42610869841639
95.13429063306951
95.72980718122533
94.50523132317421
92.7149575198455
93.43137685323835
93.67386282526779
93.69982634342163
92.33595868999281
92.3762061970769
90.13238086846076
89.57063733384585
89.40316465730642
91.11219363410338
91.70692561890318
91.02908433075112
92.76236290650748
92.8499582410667
98.30346262066166
102.17393951913186
100.61065321995292
97.97806129933498
97.96360054061729
95.11098029301236
93.24776342713535
92.7377630188703
92.52969260862861
93.11899101769986
91.71672587448167
91.10684489376976
90.34999118593635
89.34954971708056
89.2772968429459
92.91558203605861
92.24471964275675
92.2397875093679
93.03109017755439
91.62484211480121
90.43442378471062
87.86137704146232
85.15507237978196
88.82406065374778
87.0300251354434
86.77803334190848
87.18720333909799
87.86093144948786
87.44488438561073
87.42723851829314
92.3031636244246
92.96786784434269
94.64081446210061
96.88884609202101
94.52229651988203
93.27582923260492
91.89001883889478
91.0827352054966
91.46019927936915
92.8209714620755
94.71913333251985
93.71842714111183
94.71644461019984
92.82064859130635
93.37925300957383
93.53576976048377
91.89736704716556
90.23639220785768
91.5746284916061
89.87097140647705
90.22947570898943
91.00873903081465
89.28438942921636
87.96437635561847
87.53673979895534
87.99349851249703
86.89660055176996
87.75756845852209
91.28350988757968
89.27523591620692
87.84301539082787
86.91233517288269
87.13867970220885
87.88122095557183
90.26334284001886
87.47720727464574
86.98785324936019
88.16917413194444
88.50520052771228
89.79997719600478
89.71163738851106
88.85794369369596
92.86273831173742
93.17523983476671
91.4313046921594
91.15835810987261
91.62020944499466
90.75523366449727
92.70087678457685
91.8170700013034
93.15061979100007
94.14887980244892
92.27755471750866
94.84669112120038
94.74676487445386
93.8786117581788
93.37009990020039
94.70404228044943
92.94023072876443
93.52126183033482
95.08061502861736
94.28512549132503
92.97286736777531
92.2344420186137
93.260475661704
93.83983661867506
93.97818218814264
93.5353072932617
92.43931151996999
92.08793978692898
89.69167509907213
89.0813317393409
88.72890124379524
88.89576008660828
86.5759971397193
86.57998777086392
87.31818487685013
87.49773575913439
89.50280146800243
89.93624770741174
88.16339456442822
86.61861169920512
85.88695640995668
87.61032576188974
88.53045970395462
90.09851204896745
90.46385116413653
88.26918846670655
88.50415178162588
87.26820242802845
86.49230433581468
86.41012840463557
86.99288758313827
88.04201564453183
88.17218162938543
88.7692436463144
88.32338406667627
90.35275877197651
88.92528150976179
87.92097561860709
89.99314013911557
92.30123331172052
90.2415252838427
89.49851440924046
88.31908452784128
87.09000771374548
85.51758846351444
87.24066303944304
85.7490856272853
85.00088862395549
86.06400413571016
86.77359834975145
86.69650176719746
87.92054891864538
87.32538796426108
88.93338457278688
91.1363938561747
90.55360551727885
89.4017422625615
89.0903182172133
87.59355458046325
88.41062650914559
86.42744430151168
86.88394709616833
85.9665476140063
84.81456736602676
84.19402244767127
84.07932300520402
86.12538764717534
85.96639255548021
88.87686585443481
90.17661116721737
90.2659791901597
88.12796138103822
86.82812442612078
89.90265029715906
89.0927506084457
88.25407390718242
89.80742140954499
88.57999747240825
89.45681764614298
93.5438711734819
94.22313418870527
92.60622037390002
91.42939040801286
93.6832254894501
93.01837117133432
90.79754391976522
90.56122623892429
91.06666182560483
92.41906760613612
90.9796846445144
91.8145507853487
90.96894060675213
90.96222274766207
93.62165591042853
91.87145921689674
92.40774289212482
93.48120138539686
93.69784861464679
92.18090959881468
91.0900047510056
91.63201212459303
89.66739819684686
88.2446557363675
89.32123666706241
89.34283484326316
89.71504857910307
92.16103955441778
90.62207871962248
91.25852167338299
92.28504690257024
91.69724004382486
92.5571717883882
91.34292462635011
92.68677160937197
95.03638951084518
92.32887423560965
95.18163392649957
93.5813072868608
91.80338726494288
93.24439842176152
93.65446254658917
95.55082838275612
99.77439061909891
97.06986596283629
95.48918174707671
94.9465672877169
95.2001227286377
93.88462129870773
94.07029128335058
93.70321439527484
92.25066601114071
90.17833169360681
90.38363080794247
88.95391709285622
89.8233067631653
90.61808593192144
91.5603217879509
93.54238009188981
92.7685202984254
95.63382671068698
97.5012921574267
95.02740529731109
94.69120252719283
93.8704137845056
94.25526114313163
93.10348062473861
92.62205189743062
91.58717277832724
93.50694531262462
93.28773121953381
93.17004182018259
94.2499890824844
93.45488055709704
91.6519772862231
90.88720557956061
91.52362805972298
92.62554752304587
92.96600416575707
91.67764510082716
92.12697939376011
90.21673132265636
90.94917752626235
90.80472455992579
92.30099717256745
92.33406475877091
93.05352744523553
93.08038734116234
92.91259938395241
94.11862514124448
92.37261478987558
90.3029308843698
91.88357819832363
91.19536426739187
89.44404366014102
89.84055881983436
88.32558309264144
87.35051310110008
87.38566634218542
89.48698741732683
91.15633139636752
89.42923591757804
90.51989282781308
91.28424737580417
89.80330351645775
89.96761580113
89.05023581879195
88.75291737299612
88.6693353180547
88.41206011232963
88.58084498656896
89.52934443153528
89.52661952764853
89.41504829328699
90.92740281293996
92.24052602865765
93.48392880690966
92.03412430665712
89.4447729099634
89.92768676695503
88.12896736593231
91.13500396336916
90.49807186314237
91.97253442843815
91.6123597259378
90.07852865056009
91.36700253851191
92.25631385909858
88.83812164572663
89.30509749310201
88.79535714369354
87.4101220227337
86.14401028412877
86.14637777470946
85.3831485595554
86.3773677346385
87.53209952946973
86.20719210288057
86.08560895613898
86.47931911844242
86.81393028343057
85.1412080314107
84.88644400321839
84.7496332038139
86.47610042841576
85.70742534087127
87.03656044865689
93.71892914056227
91.44228343691435
92.64100403781833
91.0982343413429
92.10727062242059
92.59238910314305
95.07330359663196
95.01313373282014
95.63361524844863
94.36904694049943
95.12775802527906
94.6264231589568
92.83079448608804
91.41366858842606
90.62043336839653
89.87247149174593
89.86065524685618
90.21331328090437
90.32854310381697
89.07116156014628
90.31533066173473
91.76627588036283
90.8084325109321
89.52771232390657
89.15686118076928
91.49232304467509
91.26231755148122
91.91262749724652
91.7342185363074
92.01142965713323
89.73728864391146
88.59183625979921
91.21456925252953
87.92141350684736
86.87771526242739
87.57921047452723
86.43849539371627
89.64914504027611
88.5801415987678
88.31220687870578
90.96826684292941
91.41311546132594
90.2032039822586
89.10486835800054
89.79007323301545
89.96115366600321
92.39566868287719
91.29934746852109
91.3290955130089
93.70427649433577
97.01931981623706
97.50812856329199
97.44290077706431
96.34638516586051
96.44489838450676
95.81540897253628
96.3526015694416
95.40036623396715
93.61136803431208
91.94748798880438
91.83714105982872
91.25156163368425
93.39634361309764
91.6102039060287
91.88625846519056
89.10401349132681
91.74466271526411
91.688210022446
91.65185207692615
91.49845000091935
91.7561719319495
91.11113446806631
90.44118504319434
88.65026827335126
88.44326634556127
87.46644585546953
87.56398897726115
86.64607660601628
85.8591156708978
88.13236757746145
89.72192990299865
90.92695934682249
89.2310090506047
90.32788536964996
91.11694167126836
89.8116166431104
90.32128235860883
91.03594721219872
89.698516366671
89.17908657439315
90.03660471398034
89.12625962414513
89.27462234781078
89.1417638115622
88.57754912806581
89.83322545941766
89.82437437893785
87.29539025896064
88.58687643761081
88.26846099461439
87.45831084817004
87.17784356156916
89.03453061754635
92.0534421669088
88.95529169304757
88.52705974489947
88.5620204621468
86.7094042628126
87.6740104545086
87.64325901791418
86.33794617413206
86.71997677006664
88.29353779853764
86.4965458014548
86.62584422527456
86.11684992175704
85.41608121179797
84.98179140369872
83.38811708931509
85.61291894751191
86.94868040075234
86.4261892333994
86.15986471639393
84.2606756479408
84.3412680833998
88.65898538273484
89.1998116963258
89.35349911328248
91.63655793359393
91.45303024519248
94.18061882814992
96.51828885516485
96.90784811379874
96.98716979163052
97.60902390214319
98.6936014601907
97.4122270685428
97.68076093373394
97.11469918908855
96.10876101513186
94.13152579662184
94.3071162081731
95.06861210446783
93.39110487719417
96.76306821808534
96.89651810234946
95.27699481623486
95.82580726575675
94.63620093261663
94.09408652042265
94.07099850597879
92.33997552367543
91.01994344973983
90.67314765013583
89.9163857313169
91.62664917350611
91.60349303854704
92.4409258434269
92.86169071022651
92.19977290834453
91.57997664418966
90.35903887413671
89.87830290659656
88.79121435590976
87.71184066288104
87.27461960642108
88.10555267198792
88.78260156172668
89.39584996921553
88.60855768046801
88.49259108042853
87.56537664961304
86.73866703553075
86.96364394012097
86.89268326555528
87.69954087969188
90.20700793586309
89.075561263284
89.29629248166323
86.84406158682872
88.26805432906498
87.46092538244622
88.73127908911717
89.40754149366391
90.26015888479162
89.6028743391978
89.45926295960177
88.30704018920063
88.93662040034873
87.59160381838826
88.7694885645074
89.20339440594317
89.37582646785043
91.0460731110354
90.06750550180799
89.07593700089255
89.01604616637975
89.8629745562019
88.27583884676586
88.7648000235835
86.90524959169407
86.65523654992133
87.37713937338363
86.95381461502885
87.24038941186545
88.08277526874348
87.38768841769439
85.94606165315433
84.71985992824968
88.09100107499184
88.68765145574307
88.27392719484027
87.88289607103442
87.58922818335569
87.57735118705376
89.23278851291983
88.49514963706498
87.41940403221592
86.91725965381406
87.41208598930656
90.49322452755
90.2663666956711
89.01456860045832
88.00850634402263
87.19878626934914
87.76702746396738
90.50610286558128
89.92737955800081
92.70731013998981
94.25650043188337
95.18383528871381
93.79278745505286
93.70080144371566
93.5710716056093
92.3653923563583
90.04033700186476
91.58403834837995
92.09196883017432
90.10496768654978
91.59562310926555
90.06940466180573
88.83011645576998
90.57411540030523
91.23860326661944
92.49743891949423
91.71871585561871
94.75284799949065
93.3877971243246
93.7965464140146
93.78297682199573
93.71452667154605
95.84306591204881
97.42297293068415
95.63831292402493
95.28059033511407
95.60356090842112
95.01326360533334
93.48450240550537
91.99990185585634
91.1246582552744
89.98692375337924
93.86386849614311
90.89803926634994
90.6368929901405
89.94865623868228
90.64096768706649
90.91068932820123
91.32578994939095
92.01041229008167
90.06197440419515
91.001490297482
91.92028149693424
92.00999278564544
91.40276186669308
91.59774629606648
92.72564097477705
95.8094237780552
100.03623405396844
99.69171033440874
100.63081308709613
101.74454171236792
106.3666117288189
104.30591343620154
101.66203779037397
98.39953905481774
98.3940298212623
95.71002870647756
94.86669162188925
91.7767485669976
93.31943031800057
93.74937415306437
93.35497062847226
95.03232503619809
96.50598500559862
96.39251622318866
94.80362193425415
94.84712934384842
94.99355412235252
92.41769358483121
93.92813250640138
91.92649850115961
92.65336227824082
93.15571706652901
95.33125479138083
93.44217146342396
91.53316202974158
92.81490711153586
94.11219730322122
93.71651632263125
95.36816093853533
96.59289763363687
93.26911755598769
95.12836997085354
92.13190241614623
91.06876237283439
90.13135023102241
89.4118893637737
90.67098403412899
92.06289860427376
88.91141949138708
89.86320199624086
90.71976795350952
90.74626351092533
91.52501088743077
90.10193198190102
88.98559749414794
86.51594275400416
86.30137729583828
87.15160482499385
85.94294441461753
85.30498351317178
85.58567030752405
86.38400540433065
88.09858952950476
87.31280417222159
85.54697097291677
86.26614757528422
86.70434496005404
86.2831071063892
84.46631213668901
86.48106737997135
86.40493179816754
87.59370444257374
88.11779517820298
89.77831873409501
90.75951925581106
90.80466582415208
89.46646710967603
88.75361907201702
88.49846904176543
88.81291070094714
88.3921200622134
88.11641502901139
87.77763376545477
87.9043321516666
88.47095318704604
89.39143163377113
90.64838364356828
90.39806893682972
91.19821441333482
91.64984519634035
92.17291110592959
91.1987094440567
89.24067474940142
91.75316224503288
90.60441235072159
89.88103107807862
90.57452041639601
90.4830140302396
89.76498594910414
89.8800639936186
89.84769789749032
90.58592654236983
89.86066139908357
90.82733582232488
90.01837976802933
90.63518525173018
89.40592192450542
88.35973335006732
86.88478410867785
86.73939281000892
86.26665852496068
86.75605269988893
84.40670763541824
83.62504166265096
84.02690828064162
83.47068968131899
83.67257812937864
86.80369381837777
89.58119822560877
90.02643033850678
90.9415859661689
92.24544466385778
92.75826931074127
90.48656674719273
92.62721098697803
95.14296606723902
94.43791432805762
94.59539540401397
94.72362464452522
92.77077383292671
91.69075637132833
93.02858637341396
95.86262455703832
95.16152402569614
94.8061448279241
96.35723304456091
95.48944275976217