learningRateDQN:0.006500000000000002
56
56.718636263113545
59.7826642996423
61.55074079037489
63.196804719145014
66.13812005232191
66.45507423036396
65.89710033505868
66.0045622892615
65.06027863204089
65.62103037084125
64.61135177109695
67.87554229295324
66.99649446856696
67.40234988642807
67.87752277015237
67.42189106523922
68.49124131321477
69.67122796189868
69.09175549654067
70.35961167291802
70.78647697180607
69.78772884871616
70.65286937906491
69.9310147442057
69.89567870737491
69.3827776001813
68.57434399497761
69.10571472967499
70.29369500207177
70.52506137539207
70.60307197377395
72.40963532729515
71.66005593950592
70.43669272197971
70.24962251304794
71.03374894606566
71.69272849667819
73.57756571095791
73.53615745479055
72.52668886813508
73.69298096075606
72.33622127594569
70.81254589576
71.70634763504182
71.39768787337967
73.39437200074994
73.00494673096553
72.84837461660362
76.06400574235906
80.38412811146685
80.57793177205876
81.59680683263291
83.60724322376755
85.90793924166259
84.81720565358339
82.55303113466735
81.38133040708558
82.25312828216836
83.73432753913121
86.8465626235402
87.79319821286734
88.01913455565101
87.90527767307789
86.76908360060315
86.18632924962233
85.52485809837295
85.76108799867569
93.68051873203315
95.06803202119384
92.64496969236855
89.88184286737832
89.26784444914861
90.416871218121
91.50428176546814
89.06221457242111
89.07780272135358
88.82180766424456
87.58886977488609
85.2132230313609
87.62688302927607
86.11857749841782
84.81497029529648
90.30047404956196
88.70620257086188
87.76312219975661
87.14678108254336
86.00938988214769
86.08157702292135
85.61229502967302
85.71427740973961
85.92809924731442
86.19293535353307
85.55273138735838
85.37236057014135
86.13090829966815
89.92118497698499
88.81938314654148
87.08630297830236
86.54224934732163
86.52693692135732
87.9702713485001
87.90182849992047
86.0650540157978
87.06024807019313
86.70968653790416
86.05306602399817
85.74585622173572
87.16864470407381
87.31224684165761
89.46715953583632
89.85825315251101
89.55518917140687
89.56023724650584
88.5960879936947
87.63097648485197
86.63253554274014
84.89467963423515
85.01773030019109
87.57197283768942
87.57247378895968
86.28637809562036
94.48955837497242
92.32058733531768
90.29291401902611
89.25613153947371
87.2216346360333
85.77317815136173
85.53527817842124
86.88918336291228
85.96060812285414
85.27235241881381
85.00898130203817
85.02999600202271
84.71525202654935
86.07660367939165
85.35794789024862
85.75968581104812
86.16182866161043
86.87971193939482
86.5737993077487
86.27208538882851
86.31819442856397
86.50867460023434
87.83597445298714
87.16855321203697
87.24853509886113
87.5429904250506
86.81815232807625
87.65544239415597
86.54964787246506
85.65574834423282
85.4522393637388
86.94661236473033
87.1437106472846
85.98284081650908
85.9084795601976
84.79029175442544
84.75056168888243
87.26359801034927
88.38640802817619
87.86370005481568
88.29042719483662
89.26033011370808
87.94163153486475
88.3049836460132
90.32036648337744
91.05507986682126
90.94726350430581
90.48456423378498
89.66732036028841
87.17483642328624
86.82752070519555
88.40602000737954
89.71327454451487
89.87126738404089
88.57113202301039
87.65266331839062
85.12438816566151
84.95003875851532
83.9554762189234
85.51313284643504
86.3022699385815
84.77022877605334
83.69321874402979
82.47148861368669
80.23643144215374
79.73248756427873
79.38014366358902
78.63913694973084
77.32399432691975
77.26582306372654
79.27678622560123
80.15512055960933
79.26427492777403
79.55447448100558
78.57257873467913
79.1166436848534
79.16007315556743
79.10320309538052
80.67246365284787
81.56181160020219
82.56964091207088
87.66786356467713
89.14614578977175
89.66780489475718
88.19351682110242
89.55180174053906
89.54168652250436
88.3014897610818
88.65835943647346
89.08930498890493
88.7627517739504
88.58432420314084
87.69306776786286
87.7715966500514
88.60724113322185
87.82947919923063
88.94899429816338
87.43694808817074
87.23696877867187
88.94510800090544
86.3095463046238
84.82417710466879
85.60657141941451
89.55074877038604
87.40788678220039
87.39595129703645
90.69073981981947
89.6132903302799
91.75346390653891
94.32825208995197
94.49057203514195
94.05544880364988
95.05416284534556
94.12872633891938
92.99897871746884
90.89013291350241
91.16675164937274
90.62677749769092
88.39785980898597
88.0331279988641
88.59188334086494
90.27867398651536
89.08908474776875
86.64388391158727
87.81259586506735
89.1217567718615
89.70193353726914
91.76558956158854
89.92436054527761
90.37694422033987
92.7660856689496
94.6195770591206
97.88773260900659
95.82774434026426
94.66711902496833
92.78304581722503
90.69114635814293
94.41514096024244
96.19834719653927
93.07286618575523
93.2973117122681
91.842352185565
91.79483330169693
95.58549474463345
93.64550988212073
93.69619121583423
93.638828442765
95.95771606852718
97.30655450193042
97.1526834541589
97.37144517045317
96.19264172384408
98.37140907201373
96.87918055097059
96.46357377011996
96.05029884575751
96.29119980239778
98.57550557295357
99.09363779993826
97.9440312448015
96.4178899780794
95.14541177929085
94.84309996171154
95.31251985320466
95.58843407362549
94.39904944432413
92.17546278478274
91.71424329521808
89.99449567945798
91.6322151508107
91.33966345213426
90.81001427055078
91.0458834280356
92.67344451835729
94.3900504212704
96.76711571696622
97.67281682611306
95.83840758841926
93.7113396140115
92.80399456137687
92.3232122080323
91.81484037643602
95.76077290069439
97.9241397442387
98.77217874909192
98.34163697223305
98.06267074574872
95.85388742311059
93.26565139862652
92.76954936221686
91.7375529093292
92.21409519787493
94.5671393311232
93.4942386749599
95.67158803852801
100.70295825285181
98.48271533046537
96.5873363659108
96.0936069688643
94.52960325809666
98.97081414904665
101.7754044248133
100.25355640858479
100.39352503326435
99.53152316789892
99.64276176537963
98.38704195161921
99.08355852980998
99.61660270629687
98.22050116940422
101.99485038229332
101.83247929719597
102.38657182406821
100.97185623566213
101.56239627190281
101.70677661044736
103.525034107833
103.59151070284923
102.78737682244225
100.2623221980101
99.48138168879825
97.94629456271726
103.39515677383996
106.64888943089953
103.41271213812308
101.62551722868564
100.66244885039713
100.02904199485218
102.10800142014632
99.41910581083692
98.74026859104873
97.5372099932209
97.08636024575398
98.50862793636966
96.6485777780074
94.91269404528897
95.10509403244262
93.42483312280993
94.22946224628517
95.13624376273812
95.17709103853478
96.50446771099573
94.84602133789019
98.41421537739444
95.1830998128315
92.68938936050013
91.78051901076064
92.13672469769858
92.03507591688108
91.30240962407336
93.11628548646361
95.33521247447779
93.56010789581528
94.86086984026429
100.12577706812635
102.44631619574237
101.79067298626667
103.40239213364235
102.43249704516779
100.0204364173956
99.04254103258255
96.71549126330464
97.32961997859276
98.90003635565624
99.66384186053733
100.7995285692129
99.64603409188545
98.40937276684622
96.38127237746531
93.55169928623826
92.3278700441454
92.11110073362039
91.22180562746408
91.03341378307843
92.12497922517701
89.8906960385395
92.01213013693231
91.46817780268665
91.64521545696175
91.14460516144827
89.15656393975657
87.92180350997596
85.86066762424836
85.80559175381838
87.2016654577372
88.29462407539445
87.04745400614215
87.12373857163418
86.56179892711518
86.73527632885582
85.30787312507363
83.71297741971823
83.12368472781256
83.9898241474727
85.83504004782463
86.80173395357951
86.48110871820359
86.81125172958004
88.48066105444566
87.41515596802074
87.89337725567977
87.59036956334354
85.9728806036322
85.72584903139246
87.52875723000655
85.5859187386353
87.35774424679938
87.90294432943287
90.02849450163203
89.76325001442545
89.67161682638748
92.46345259109866
91.0361768907234
89.19105213282867
91.43898727663021
90.57616563498503
90.85101636510518
90.76282905597859
90.67187191698302
91.0158253388208
91.03154738398453
92.57459994239011
92.84855438010707
91.16942005635791
93.35242114813536
91.41779663442591
90.45782549202677
89.17833053978016
87.0963217785506
87.5316872497602
91.06995833623353
91.7178096312843
91.48734266572231
89.01846647606784
88.4201903745313
87.0480423424465
86.64920562224344
85.24364587125396
85.903074042272
89.63004832426952
88.3604915478391
88.2086448190486
87.80940469667543
87.74204205503696
86.92736591765008
87.44879909317034
87.59125084618427
88.30819291908539
90.77224114697394
90.43215933767299
90.5169183520907
92.58616920964187
93.6878054627831
93.9051909781164
94.17941357008385
95.61502368232928
97.45748175053599
94.43498581590724
93.49864273796535
92.47915404136127
90.72819478767153
91.5340958551843
92.45993633984939
92.86166968153861
92.96597065206998
94.00865222806028
97.49118591105506
97.04300610570381
98.38976387912359
99.62674617466558
98.13895257021895
99.10043624024956
98.95822688300484
98.54562578593641
100.44297663613266
98.904411377525
96.11910619646845
95.89931424377338
96.05308532061437
97.43921500402088
96.32729645420568
93.78376046403451
91.45682206994042
91.70238810508455
90.49984954137712
92.56448797288874
93.48853645080966
95.29487450775453
93.73286717056834
94.57326986817507
94.23551627287014
95.79152312602433
94.11063270039787
92.68252363635564
92.54600275862828
91.23404900958116
92.17065101308513
92.95674114900875
90.51700047403524
88.75827881275494
87.38581788649407
87.59474201763612
86.95491023369559
88.52800515664897
87.22949426799286
89.88987325479941
91.09162290988421
93.94514280401421
94.61882212194165
92.27332957488593
91.23421054745796
97.218752201052
96.53463552807227
97.70089589991638
99.264611896848
96.9788830508099
95.39337322056797
94.54804830067232
94.36654391628704
92.28635010449038
93.28260267372617
93.60430532152105
92.59259546890222
95.04088762860084
95.64139708645989
95.31129034802859
94.9346113442338
92.54236974303615
93.11880708321482
93.79935342864664
92.92597109902937
91.46912372301632
90.42223824189153
89.05881536896568
88.1633991545288
90.28635699228748
89.49336354411764
89.54214810018995
87.86932286568872
87.91050760776045
86.96533921629623
88.55363033160074
88.6275426445817
89.38138307154718
91.04990212057506
90.7292898084897
88.81742648542696
89.70163610935104
91.71409082224143
91.16903747159662
90.69003605011319
90.80929028568913
95.774269126166
93.73603203701558
93.5501797884442
91.8080413957494
90.81197331914467
92.30178506052408
92.65346800144087
89.81228097870849
89.2159935399234
88.79956973363439
88.07608642552745
89.56313076955523
88.2634381695026
90.64631947176858
90.71352844302524
90.04785299797824
89.19514213683894
88.8602844823192
88.89689072996018
89.8860207250096
89.46496178432659
91.39200815295578
92.71416773043967
93.45504121576117
91.27128130691436
91.52602162944707
90.83847187206288
88.69349703303641
90.0777021846075
88.78749889652238
91.53592667554669
90.66758056523847
90.21755742102015
90.24173962567642
87.99399935669938
88.29903514322267
86.50940091018555
86.27379044695464
85.24431400944108
85.79018275970623
84.86247251009195
84.66959394357796
85.05897168606306
86.50343025625193
86.19334727571551
86.66975517127648
89.05552263801522
89.25537043292212
90.54509488474733
89.84759271532154
90.40810669652319
89.55724284757473
90.11849513782536
90.80603796422034
90.3406774560721
89.70088107594971
86.45537385558018
86.88016565886015
87.96981779691188
88.20889870380725
89.28077974809186
88.84479800985267
89.70411771333941
89.6076796414859
89.49748221328244
89.61543262931235
88.73328506336264
92.89240036830668
90.34436445804997
93.34637008410591
95.3055739787828
94.12423065242447
96.5919289169013
97.47885477615286
96.76021125168084
95.18544231017758
95.09542886431343
95.03940754333718
93.29074352673807
92.66004823995902
93.05925282882714
92.86462808680994
93.10383257038683
93.27596453307407
89.43101071099603
90.03066141024455
89.78297784603134
88.47514796880948
87.79574550231935
87.12890200043525
92.0328358097339
92.19081702927836
92.11504667804815
92.30857487050115
90.37191870640711
89.38917384775621
89.90453166753483
92.8448505220723
93.41186033233868
95.24549799125337
94.0449989972291
92.4837471895845
92.7823147236324
93.99122578653962
96.54197143817889
93.72475197450402
92.23519144798313
92.53298364441113
91.33024153258424
90.61446422937263
91.40984169801234
89.10522964413687
89.47478895919447
89.00930209158771
88.27071809859044
86.45776095711474
86.61616772966376
85.70660485333568
86.4073022428688
87.65038787270903
86.81771347169864
86.94204182722214
85.87024778230906
85.48185078930274
84.97423701598778
84.43929865402946
81.78596826620306
81.2592295078071
81.66292110037956
83.78055745798618
84.70159160707473
84.78549231172342
83.1494981516818
80.68441526874103
79.79098799168321
80.4190170713115
80.02155424755745
81.11176534294881
81.36034301479646
80.82512701606734
81.77037936162596
83.07368344583105
82.77639052242242
83.73884400426611
83.53793869481805
82.58688143286373
85.37419555245594
86.48298797999544
85.65660441853925
85.57330950655924
87.55633755473244
87.94609139311224
86.96794209402653
85.1224080903286
86.69155165296993
88.14969257381905
91.38689634047032
89.98927312827257
91.72769601436711
90.80245792336622
89.43335491948224
88.27927038899877
88.87011762521004
87.45291632335295
86.27048373875415
85.16876214429787
85.30772269717068
85.29437213197856
88.30599178798803
87.86073793753073
87.49593962625767
89.86717568821851
88.78337293460213
87.18280322703053
86.93418614766273
87.56024878701956
88.09867902568666
86.98965307754634
87.25072367369545
87.436480099543
86.57911819835722
87.81718169023615
87.62710027267248
86.42081814680074
89.03974515199751
88.84101947017403
87.353100828506
85.59295384002225
86.32467832055457
86.39046595579958
86.09006238716309
85.74336697155512
85.1248356903231
86.52300767596535
86.15311066887747
85.16769462171403
85.05881184107561
85.32223220890641
85.60203129761659
85.41500641978199
84.51602154149603
83.14307480057604
84.20468447619794
84.25010195407124
85.80983923831947
84.48030500544859
84.00906374066197
85.26903309249164
83.72763023263968
81.73313946325204
81.74761470098868
81.37827572931775
80.11338641513865
80.45840479627994
79.77827060136946
80.88035264090502
82.30757727739736
81.32192685669635
83.00606989269347
82.27956469598436
84.17833696161215
87.10415574642008
88.34303519319528
92.2332861650642
92.62681964774946
94.87493933310988
97.35581740536828
96.91205798181915
95.2149614141225
93.40800074752987
96.16059468083853
95.835964921277
94.58708414460214
96.18809432409884
95.09942513394545
95.58257354007063
95.47102441898005
96.02812865633564
97.5685332499018
95.25844068488145
94.71574667621219
93.34610664021046
92.64742654814275
91.77988482747817
92.85802965973184
90.85509440609101
88.77799519785516
88.30112140480269
87.36389494247736
88.96703809346413
91.85659555011443
92.4548455438995
90.50918723863315
89.0397802519935
89.7937135854041
91.02014671105776
91.91302992665419
90.04792772133776
90.78171963575255
90.28706195612881
90.54563189873252
90.96050220917596
89.5812118671898
90.1898991917395
89.04263216564168
87.6884529080193
88.41326079315459
86.34432494964375
84.77892713211446
88.36711228450109
89.09352902847877
89.43438286007945
91.23438864811148
93.25683165381294
96.20353416571376
96.8168486696499
96.51291341855205
97.48445815963382
97.2303594263307
96.92671699539176
95.00739488456962
93.96104950597235
93.49749167991644
92.81774964142302
93.1292171775388
94.48777345589289
95.09062089062951
93.5013778831352
94.26416104648942
92.64447451817476
92.46846692035915
92.88152508380158
91.98415044746461
92.70114884096549
92.10440134568644
91.2132999176387
92.4653535350083
95.6209532986235
94.53004429632766
96.87809978240149
95.08527739571893
92.968805931505
90.92440785910519
90.0839134614035
89.0236713319543
87.58048583340425
87.31462791119593
86.77787860854619
85.93450661235896
86.59453852024315
85.29273111691275
84.60595053891207
85.70528032943822
87.02778106979486
85.10328823593919
84.96271509896587
85.2647208894754
85.0630730941273
84.75356204353604
82.34469472802789
82.74243378675841
84.42215799094262
84.69689939278804
85.06216114848075
85.38775403800787
84.29370642489154
83.80841847258655
85.73071298979848
85.24182303720146
86.26493420448351
84.72480235629187
85.00208506655103
84.69575277663655
83.93299557773025
84.28290802257325
85.15906320508289
85.02696943077449
86.44974468296728
86.274583727937
85.08659872245087
85.82191695739029
86.45617923165085
86.3997315955183
86.29095285148055
86.47432101919627
85.94357640673098
85.29658326891573
85.36806268157939
85.88138531754244
86.28562797647609
88.5358077546034
88.4479124546493
87.44321363080402
86.38918624011073
86.26557008951943
86.78285875324782
86.6929190958236
86.5831306378589
85.24641776356937
86.1823517973837
85.38362740333442
85.05277978765992
84.77786246221787
86.0130242395713
86.14091836775472
86.95159891858705
85.16683697617907
85.70345027591003
87.24688606837661
84.92414758258592
86.15153569293456
85.77788684447675
85.18186145207335
84.39382415614618
84.04638385252572
82.26083744922205
83.57231891031407
82.9113865965402
84.53900128350783
84.55480016844476
84.15207863519177
83.1901783943166
82.94979403359045
83.54030644935439
82.043713559547
83.71678045216372
85.96618576074984
85.81695934505778
86.15541811372924
88.00241758403844
89.05209319706361
88.85346546170685
89.26401417963747
89.84827296499277
91.47378416079984
89.56287949134713
89.64029130442744
89.34355472769222
88.23581765207427
90.69949929796155
89.67130743085086
89.35172990391925
89.08897298001861
88.3106646868555
87.60032869452259
86.00363592283234
84.58013231160301
84.8729239232382
85.71934095999606
84.62298068704925
83.66327329332078
84.27179106320227
83.97798582626827
83.72401572143644
82.57146376996106
81.4213286486704
83.69910795166273
84.4910391993585
83.94721710939885
83.86917350332062
86.80859080264369
88.33991135964818
88.0434785655477
89.09297565893192
91.38445311344191
90.46959395336107
91.14811660946495
90.6477959328824
90.7910892776506
90.10552278932175
89.07117547377906
89.92558593215358
89.0219049457022
88.32688366214776
87.35593661271633
88.23244464354107
87.96096185922251
88.57851973051858
89.22957677630004
90.07134864930298
88.15453312938564
88.06181586457787
89.53075237669236
88.53821296590438
88.08082991509792
88.75227780763123
88.622127845741
89.04689900577513
89.54783182869443
88.84970161579776
89.21081430349373
90.87602308906013
93.91114974063382
91.99886917403742
91.33580369628193
92.4739416459978
92.4501731016951
91.44172497873294
90.30906968775663
88.53794128862249
89.49732178363953
88.87554748327268
88.42703161673803
87.30297605868438
88.16190433434703
88.00541947817736
86.33997067904093
85.89970478957453
87.31794244246039
88.73259033362434
90.66281425828623
95.06986644761488
95.58786803439692
94.11476455809975
92.3433108052608
92.86920907784443
91.44435806603109
90.023114681027
87.72922023367227
86.6501315368666
87.46382970681809
88.51883278202624
92.32668400561522
94.09077928465976
94.57287231950181
93.89158797994612
93.89400663481867
94.31114977123528
94.91372809453789
93.60167955210837
93.74905681449529
92.68649172583633
89.84703736156304
91.67122944018077
91.35460661976063
89.58944881923786
94.80225598554681
94.59984118726688
93.2663515273867
93.22421547678137
95.43718476055275
95.83258264035267
96.7394437310176
96.32266101109626
96.26491644515373
95.06464525412213
95.1321171530185
96.33956788728614
94.31483479379244
93.10580293922528
90.62640302954888
89.79454386669309
91.66030466406215
88.99096109600578
88.52144315669561
86.4980761823505
86.97982198739261
84.99825130497368
85.89559917653946
87.02631417665465
88.93286835949301
88.63136928250586
87.24470856599868
85.99510664849136
86.03381805556475
85.1079955800156
87.07657457424445
86.45745380778989
84.96253709305859
85.54839427858758
86.02087083139115
86.71558295537706
85.51950690640643
88.93114295058342
88.21838022057759
91.15694482627477
90.69834202762087
92.44739134569646
93.7646722993191
93.14618879379961
92.8017040374412
91.8918074178191
91.92044093473963
92.11339874738655
91.81505359467248
93.13900137003343
92.38050909470196
92.43985028215403
93.30553648111503
92.53228822656452
90.9266726707478
90.52022238802803
92.86561301758232
92.02387361607929
90.79191445992929
94.66293624703749
92.38497215860713
90.51232822764725
89.35777577223996
89.52808820116176
92.77231244893737
93.13318387268441
92.38367143248676
92.7715707648845
91.62635458653746
90.41055442104582
90.70332630797768
89.76923701114549
88.8868166007293
91.76214664783355
89.62908982034116
88.579855155449
86.59742595949552
86.32595646874965
88.52052122720352
87.51951701928786
88.14972054106849
87.52946083164157
88.79103026063127
90.67946086008922
89.50171196397613
89.31142996645107
89.21829224680907
88.81665810666124
87.99956458633275
86.58294410300745
86.10818648427892
86.2541278120157
86.21386426245014
85.57466412590236
86.76583805570226
87.36284442512765
86.6525053777995
88.1108578200544
88.54149802498945
88.75014998210716
88.98856268946332
88.14279763049674
88.02049917719489
90.59011114818017
92.868845046155
93.7155714709068
90.84718238079476
90.48728971883422
92.13545590919823
92.69815789327899
92.38461009671157
92.30701563954959
90.80199000853128
90.50484538308747
92.19721678584918
91.83756657672517
89.25495573235061
92.19602536815046
94.24574652778867
96.22476175805173
93.78241603708601
92.34832824253814
91.07934334859334
89.3373258795113
89.4230131088053
89.02672929694694
86.84296774214778
87.50426788707468
85.89780401513353
84.54621101262752
83.89308679146768
86.56750487760576
85.25463010797569
83.84745350565049
89.30293152970582
87.77923264825836
88.56051067623706
88.48587653098
87.7056558408008
87.83389614051836
89.34316040520602
89.06934765268707
88.889097142843
91.28152623992722
90.33239941638281
90.48960846578888
88.51339360506984
87.20598588018939
87.76970538010472
88.29552478442787
92.13729804342726
93.63307855478892
93.5233635481573
93.6668682945538
92.84653932686598
92.59337702211047
92.42166195051843
93.26117696726537
94.74404075867159
98.00012839136927
97.25143607522655
95.54159568369771
97.19752582489251
97.26258285287318
94.93292282101717
92.37956883868357
90.76950549952672
91.86979350813218
95.2982861717009
95.21682334632048
94.90695917638737
93.95794600452382
94.04051848276951
92.3339622576602
92.6550881740002
90.59187659517455
91.61989805933521
90.39275562693837
90.33066349682525
91.14041867758048
94.33498555827661
96.43775194063363
99.2515965214392
98.10731672532889
98.7089854144206
98.31437365417084
99.4080402680644
102.43913292510624
102.87218049548693
99.3551557294986
97.70585439946028
96.33559883815875
95.89934186117085
95.03007881095554
97.42756129292826
94.9318913021433
95.21608782380035
92.88274200006686
94.0557352044057
91.816859819516
89.99198405187094
89.70904084541549
90.76906899346832
90.54774246653287
92.3697153109043
90.5160594319309
90.1979067294781
90.01948630068685
87.8022392690302
86.47943380884992
85.56254204218872
84.25858684515468
86.01152787427003
85.55784369434022
86.23275766892249
86.51647505928983
88.10773992634164
89.51172951646072
89.4598682247521
91.24535513487356
90.38400912050278
89.21358387960687
94.05962114771303
94.50980332754496
93.63023433143825
92.33101939226832
91.55967553069812
93.36025034005307
92.0245765650073
90.47654113847362
89.97632736149762
90.91518271613141
90.4726538114567
89.160522607321
88.67969114386062
92.7309551235528
92.96511868130222
92.17292893650341
90.09728292775804
88.40538679697117
87.81160721511635
89.4264304770279
88.2266326483942
89.6207747650233
87.7753270535131
86.63444193943933
87.89600158701235
89.36885312489082
89.18465116538222
90.24034830590327
90.63854425970658
89.4301567891293
88.76525992788005
87.56834739305923
87.08811693257927
86.16228236897759
89.37916374171905
89.43341231951598
89.30634988894039
89.59434211270683
88.3755676065765
90.37347788611306
89.57201627883309
88.20966324346614
87.65468441152436
85.33038335018198
85.62526784905288
86.43898549306152
86.59056980375665
87.36693342638499
92.04916688444142
92.26428731629177
91.97316983202147
91.95229901525784
89.38051386438062
89.84616456239714
88.18356865374358
87.90618648462906
86.28874858368101
85.97084308688416
87.78539834565396
85.76931698203852
85.96933383561321
83.38604592049045
84.5378697316683
91.81834860622278
92.43612483573543
93.83638377879781
97.56042772762464
99.67722702947218
97.19162020317462
97.36591180393245
100.09697717895274
99.66587476680024
97.82761210478921
97.07417201421667
96.62886268675652
96.83139399685935
95.01483767381153
95.1919605506917
93.95268469166798
92.48357396237176
92.98227608099268
92.38877009299696
90.79349513485899
90.36905355621255
88.75737173589899
87.30166513198388
86.25230876598724
85.86188587099845
84.93672069204514
84.79833512735377
84.24510820666335
84.51113190426624
85.5350427372657
85.27613006576523
84.15478892605962
84.33644882170272
84.00473619385924
84.77632370885644
85.06786561291682
84.47850288696016
85.79160773517573
86.89468273769783
86.5076098183154
85.87534484234766
85.33694190654715
84.08239610125536
84.67131312580835
82.97067423654602
82.81409923741681
84.79935601406476
85.69961856561568
84.99671344084815
86.74887936454361
86.3911952710284
88.25735460336539
88.53129450987888
87.3951155631217
88.67712252224442
89.84413964270743
88.60749946260897
89.93003383425109
89.88665714804569
88.38640289186117
87.1727209688745
87.360884631693
85.9752513614771
86.44433677192711
85.2966749571758
86.21072869511714
88.59693687801202
87.24321188858879
89.04915835745494
88.87994948355471
88.65547839782586
87.76273098264096
87.11709141573267
91.79719365004216
90.17747634700595
89.42899933471801
89.20479702770974
87.25843616978698
87.10066402043842
86.07580004786095
85.84354251164665
89.31109201455853
89.8767327470602
91.38028243795927
90.71912502578378
89.1871202755679
87.92750890278091
86.36831613560813
86.37695846534517
86.78669241078357
86.24403472727572
86.30097496649616
84.58911377287333
83.35616912998853
84.83331726559756
84.993299725132
87.04299333091613
86.69466877797498
87.62199312689827
89.4070591072833
87.69838250484142
86.2388837120688
87.34454013224862
89.17855365984909
87.98362833936575
90.02266022178861
88.93400195214723
90.00740743518459
87.71389963749641
88.62739533667448
89.07155780457937
88.77151280050609
88.02140077819045
87.1817780097607
87.52857158230873
86.4378689059395
85.65621138623
85.79546387867715
85.13358538261011
87.0529071388665
88.48131234725648
85.66996547510034
86.08798722628612
87.09786720774693
85.38983252786252
85.75452504918447
86.96491100817036
86.9464136169545
86.34967299824838
88.5570748797063
87.19588482755361
85.68229998413959
85.55499097035351
86.94719162964647
88.57622066123616
92.21266810822382
92.43401739067241
92.69020193227978
90.42092622052014
88.4438389567108
86.54325195081906
86.31255600227703
85.80343881922542
85.15866466060598
87.04535964732159
84.38849355370986
85.63722304109213
85.48954418924049
84.9572970842139
84.09800665303496
83.55020831514615
84.82488182542859
83.92427164855545
84.1257222899719
83.31814843946391
84.22444130049949
84.1967042955554
84.8538656401624
85.48174130583456
85.91906217464047
86.75433113060275
86.7569765298639
86.24660641378253
86.2238380757621
85.32682993926169
84.39842371809915
84.56192717261604
84.83864436538514
85.92534048160881
87.05320728834184
86.9447724743785
88.6738807701783
86.83005657325376
86.94753818131423
85.36951601469603
84.89396574928679
85.8126287551875
84.40700460207313
84.69870861502221
85.8770846454946
84.83854096178953
85.53969282985832
85.4528077435009
85.59987500573834
85.48955680594226
84.7564285644818
87.45861290662138
87.97806334505452
87.63260731775509
88.67278927653342
87.72129090647266
86.33163553453596
85.9193820137543
86.7016417159993
84.7900511041674
83.90052409883353
82.42324110261819
82.51078427591283
83.21114093372422
84.31193410582081
83.6096181980525
82.86806836221464
83.6614852658255
84.50617549713104
85.3787095228502
85.34322451084809
86.27259976444023
87.84033185824073
89.35549332898007
90.10623125875483
89.28297667846643
89.66792651163175
89.24973100027394
90.20664613655978
89.20147720709457
88.09049475405637
88.78464029952535
89.8372917762599
88.85332122791944
88.2141288934713
88.21101887888732
87.59974037797402
87.57075159902168
88.076892854577
87.09656076242418
87.4885980680197
87.17468125145868
87.63258663817254
87.64827378336676
87.95164481629463
87.34819995469343
86.52227379495817
86.61517117990795
86.09324434692998
86.53713375021732
87.49888422539654
86.09171343500668
86.17742975906148
86.46654479100944
85.44472406734668
85.15160815647532
84.69047980516474
82.6215604947515
84.00669828587917
86.48366266743028
87.43024892075157
86.21662823511939
87.96109024436814
87.25456620876702
86.79973330940135
85.52753170163037
83.92019817917166
84.21790179741511
84.0356116713284
83.62848415779541
82.75443958933063
83.96176270005817
85.75286987310481
87.47566292700218
87.60289403903055
88.22126068373275
88.45049310081056
89.21175360996622
90.38234527319386
88.43903226472615
88.15063446133475
88.64712415650483
87.06112510103465
91.59745000755598
90.47609825180612
88.95165746109534
88.99847504308961
87.90992104940804
87.3132763075831
85.63649187213493
85.19363385314965
84.74572497900576
84.4136904624844
84.60318735304119
82.98987057579892
83.83110394158561
84.13884983223718
84.9295527096446
85.07233303553167
87.22472654391517
87.383784480943
86.8060562160539
86.11428592494245
85.80406694204683
85.04424388540728
85.08124799967561
87.20632654835184
86.22320645654405
85.50062041049708
88.37800212469477
87.69506921096294
90.13167891206088
91.0914446251693
89.14410448086889
89.38636490981375
87.80396302358912
87.9052482136194
87.40348771313516
86.43656248746719
85.68057670852221
86.75336859769439
85.39956003865917
83.85906319133346
82.83260405820515
84.84290256339469
85.07198495172386
86.62455665603531
86.49201978752785
85.45798339667819
87.31911024714067
86.8071606782357
86.13929774065767
86.77858634161957
85.8286290897137
86.43539606959297
86.85871911508463
87.89856646556254
88.6930616749154
88.37094380763072
87.55050483599483
87.44682202642396
87.57610357713256
87.47724413516278
87.89498454877031
87.64928981287154
87.36199624661127
86.88247793399348
85.6474470520324
84.36738396875072
85.07269906992423
85.46950112815158
85.9856910033152
85.82319067872619
85.1127975502399
85.14643390596504
83.20354725918249
82.0950976062573
80.84150667654949
79.20268303649037
79.77712696402169
80.54466863405874
80.8290655250344
82.34146862671071
83.38806572177567
86.39593487969182
86.38293981462373
84.81753263068882
86.81340411433567
86.06600515275397
87.22858130259735
88.411301386977
87.9129325077732
86.91692875410244
86.76566097939174
85.83598728238036
88.81584674212937
89.7857864150018
92.41449793116908
93.18783160648202
92.56817027005184
92.76655824140484
91.2373665407631
91.34427945737801
89.76713780538023
91.05909566582939
89.91141726009674
88.5772923037782
86.3085531508545
87.99409358333139
85.66354110680264
87.05805356294776
86.4540802802171
87.85504376814602
87.76167362648057
86.93964048746305
85.49690809954566
84.39013877419896
86.66132452683495
85.88183566802427
86.81341498482728
86.99810608366917
86.2107322674037
83.73356290043817
84.50496681771442
83.89136571353804
83.93161544682447
83.4212593826445
81.55877315489073
80.94602021430578
83.0417972121254
83.39568570070914
84.18331497435801
83.10656616915226
84.88243865681
83.52167654392004
85.44976477357739
84.98687261153988
87.10657176852328
85.94715449846818
86.47438584945843
86.78741510023008
84.20963623661913
85.35912910158237
83.1653417732304
85.66116489827775
85.36783756723972
86.07233743803334
85.61516038801545
88.87783592481476
91.47324847492504
91.82130577861366
92.15056019073339
92.52437942107278
92.70376770567326
93.06309943913931
91.67711718609772
90.96066745241096
89.34582585144575
88.27233578055029
87.77246952401075
87.41747426055457
86.00822320399789
84.36919529618824
83.97603072127099
82.86725098971759
85.0727238686187
85.10225463971332
84.32858736181697
83.74109115345169
83.29530534127997
84.85134141753242
85.4358696817296
89.34097999770596
87.79786533186595
88.82913799116044
88.67045802092943
90.17993701527998
91.023736492732
89.73032082125447
89.49211958769389
88.63935864529648
88.57638795265125
88.42253451574379
88.23175373829254
87.56642340939685
87.38209486191275
86.02342949370419
84.79577771115977
86.86603628881326
87.5486309848215
88.0610096885575
87.78411760870968
86.57213165639601
87.18610803364481
87.14784879963868
88.67561980894764
88.18834738250558
89.7924710048516
90.43833352022942
89.01932492124746
88.44384069394307
87.09296829820595
86.54726415430247
86.30301136847051
85.51492956732328
84.23100138448437
83.00115612589924
83.47420402593393
82.66652066053766
82.7461988670704
82.13809219289831
82.5597740850434
81.37621530705852
82.9902955325599
82.36277498654479
80.40815635286268
82.28856305501525
83.22740015270622
86.26525444559992
85.92562733965099
86.33564206186111
87.67898138287742
88.18821865884529
89.4901807615404
88.5270330008615
89.11774936448928
88.66139902025063
87.60114848911753
88.41199506884381
88.72669777228961
88.7320396446993
88.66593820172027
88.7141872768875
89.04527692646661
89.51936680584629
88.7873295082961
87.63683536387032
87.5410726909459
86.35118947561143
86.44237606418788
85.19658905523234
83.99652978970698
83.33813267036206
83.99238267127517
84.02436027052251
84.29367473445511
82.74225073594917
81.89125525646192
84.35108450878795
85.84140369276453
85.93252864404842
86.95751972437331
90.1293524134512
90.97488882080437
90.46367166557974
89.71427529498104
90.34435413374084
89.76741771695804
89.26491684017802
88.05041303560122
86.83472275903415
87.65091450246581
86.82812109497195
87.10483864479632
85.71328633470578
84.90161099938561
83.70072338101102
83.92829392720357
84.26919690870692
83.69880400604038
87.18254741314237
87.08948106347893
86.57461048573829
85.81509936950724
86.57643838164198
84.78163790303697
85.36536037736492
84.0111561976385
83.1696393847616
82.06344854081426
80.92244270920915
81.58951143921036
81.55779282642054
80.15147574541365
80.24771272791789
81.0307714466321
81.21404934786813
81.75995381797838
82.03228498864692
82.88826999932432
82.41415886358278
84.8568758443533
85.17370927599706
85.70395310683159
85.80543650248718
85.75730615276011
87.92403529335712
85.29927108569684
85.79042695485569
87.55821342299939
87.58791046700634
87.06185538927375
85.32756399108102
87.60526873760551
86.15313894400603
86.2499460530222
83.96036185590899
85.33917053971582
84.57994393401881
86.26249226904932
86.11520478155708
86.37213829102066
87.61907821650406
86.76571236494037
86.44780450830416
86.10227955530088
87.57397197777286
86.45163346359632
87.46024674461772
89.22745517911855
89.20077054389343
88.30879236007301
90.03151530228357
89.8408845867437
90.29607001358939
90.18111771820236
88.5000132898056
88.1570485713245
87.54375487469255
87.93573105019897
87.46684192007572
90.46152896752442
88.37468153176432
87.77947972313196
88.22428213584124
87.62836297780494
87.43892766406253
89.55957650946013
87.87212537009148
87.44276048241723
88.04916310871033
87.5085621546245
89.55905439090984
89.22226954003496
88.96719157330023
88.17569336678025
88.84327791502105
87.97772808647511
87.06750374467427
86.61374277453537
87.45023041904855
86.37531324615595
87.01559067515339
89.8887982767548
87.73860626287872
86.71338829612061
87.74989372256016
89.54511963704842
89.70830309046792
89.26913517841507
88.81186485759758
87.9033068253431
86.5954627190385
86.81978921464989
87.57878341704851
87.90100778646688
89.99436920184083
89.64475323388392
89.35821940172154
90.58695613196039
89.361798286055
89.54814097803451
89.46894705723561
87.52375718472763
87.1810659254171
88.26985802556969
88.2356941934535
86.72200779250197
86.14010252701799
87.29418147447369
87.44668539851911
89.90791382039718
90.2457193644299
90.20305135997944
90.69300754880861
88.63413043775674
91.33575525251612
89.87582162067712
90.26694594900296
90.03473205321447
92.1954614495567
91.33614951362875
91.74454261298945
91.67670153100082
90.25059643532735
90.51180252187173
89.24058836525333
89.07014878393052
87.09353062599875
86.91232284059816
86.81693842627354
84.5636708628846
85.0570459487719
85.02925840340808
87.00915211542727
86.82419435883466
87.34537159759158
88.8247998045189
88.40041206661333
87.58200679805819
87.69008660708376
87.24849715947964
89.33443209074812
87.68091474360867
87.76483863420827
88.17676818562151
87.50398489032004
88.13162447236563
87.02502019231913
86.56900339703965
87.18826327709361
88.51283020437587
88.90140863153322
91.53093672197483
93.00054793696611
92.7052649292651
91.62771748189559
90.9450024855981
92.36341950570586
91.69685602737998
90.87372616394019
89.46010307846039
90.4100767858083
88.63501132558669
87.07943909027021
88.13779260776923
86.60306286971064
86.05664246708764
87.92999648940652
90.95071995436014
90.37937065108066
91.72528633746906
92.68389567250092
93.22035507620033
93.41884451999012
94.05012633527375
96.34843952739709
96.203498649534
96.12711704766774
96.1391132060994
95.24850779655716
94.24305964715793
91.88748440782953
91.4746012342932
93.60832728289942
94.51343414080371
93.91367368474913
92.59532922555505
92.3840959160638
91.03826156016697
90.20629513495807
90.2258287962553
94.9259153468717
93.92419128820431
93.74257844012209
92.68640542207896
92.45834343226502
93.5858182950647
95.41138824281023
95.09563646398453
95.00270913031737
94.45742527155646
98.26525621246931
102.18980012869181
103.26984774467499
101.49177969203603
100.97381162822431
99.08865417274862
96.64849238036399
94.60692082679459
95.34503684411143
94.90268335524293
91.70265280413267
91.7526243680624
91.89312510011855
92.14192739609923
90.43013100044632
90.70413399084255
91.10098097212024
90.35678133600402
89.78838564766411
88.50145657695603
87.35761201564544
90.05062907763885
90.93287801669861
90.36104428715191
89.91766711467993
89.56413535001333
88.02805633223726
88.50353891870668
88.72537930434316
90.47582452809549
93.44169881346592
92.2853309906692
91.66361047261675
92.969057512643
93.09518584339162
97.24499077411278
96.622825192868
94.57811965845247
94.35719021965275
92.47982587619848
91.92824392280224
93.39005653970271
92.29130476522398
93.8119118494621
94.05133857586826
93.63532709636472
92.60716061943432
93.3774018466778
92.98965521878144
92.3606661050067
90.77630568866437
88.63598138500728
88.14098652064942
87.96790948690521
88.3921312091582
88.39974561412349
86.81767942026293
84.62571122947287
84.20695834150688
83.94656567955889
85.08240978169927
85.97272669696174
86.22198572807412
87.58156986937098
86.09020883249869
85.56787172235285
85.73253881418653
86.20062992993118
86.51581087154085
86.03000400934754
87.05319649178291
89.45090173163375
88.5567590358688
87.4103145501626
85.4741807852933
85.97440321497668
87.19313234382932
88.21757612601134
86.55781998801548
85.63558523954326
84.08305793296411
83.79454531949946
84.32236818094712
85.93948113343004
85.64170933831171
85.18260359213369
88.45423377780459
91.22316669692901
90.47535713796327
89.71300404422743
88.91796928384115
88.06018299510285
87.93791629596976
87.17730655773383
87.51773708725374
87.83646176258121
88.37954802399986
88.30029063224995
90.94992806761302
90.06874290069501
90.47117373393208
90.98667880140177
92.2895760402992
92.67541532072889
92.5461340827612
92.68279992299863
93.43444346734928
92.8332342950519
91.58866623908547
90.26862852574631
87.67758161690477
86.96590198846391
86.62080501995732
86.77837430291308
85.0153444353702
85.93265007231618
86.14131797607314
84.66812212241514
85.15796470388153
84.97782600919975
85.10152963561019
86.23494359314498
86.75605641411175
87.30818843019122
86.5876759654533
86.22221653815976
84.85546746949447
84.76931215809705
83.698643812976
83.66014947211237
83.29870487297315
83.61016407455142
83.48080899077824
85.95873789182393
86.13646050472461
84.48123502738852
83.69016275877762
82.49562814053927
83.05356470424861
83.20664981594716
84.90889229746954
83.3602726433475
83.57453688711047
84.03502685866572
85.24475609601379
84.22171408121422
84.66077168220838
83.71692907236427
86.41925753308682
85.55280718834099
85.19372568715592
83.6768292643155
83.1591352510093
82.32668623463823
81.34722084783147
80.44846665791134
79.8757924899809
79.69665590820959
80.12434450270507
81.19356137388849
81.78465666122717
82.20813161571243
81.72694066434407
80.83211450336924
80.63192235191856
81.60064266729981
81.73665661429108
82.47067507065373
84.93622704619247
85.43609546791977
85.29369694908989
83.85502253164145
83.58077728010137
81.43691773618214
82.84952933323235
81.49481743261909
81.55295354636527
82.45592545873818
84.4970058674246
86.53665438037224
86.89048736360546
86.67762577086148
86.53827227410349
86.87146899187611
87.52169830703721
86.72959169119386
91.6736203309106
89.8279875585128
92.3891282594955
93.48205057781298
96.48283462606878
97.45995545629933
96.61951607678421
94.76792907855287
95.29426034664135
95.08925456348763
96.25425855837747
95.50667583107378
94.53642534779509
92.85939257159504
92.16585647715961
91.61977353077494
92.21927479005605
97.59128608781259
98.72797852841637
99.79789439794519
98.01540821577635
98.39477604182552
96.68438557975162
95.76278521672951
93.8357479107297
91.58757124715768
91.60391867112371
89.38359204225344
88.91425305097746
89.52935388278608
93.19304615557196
91.26587335378919
90.34931581192282
91.1904745376349
91.6111351610854
91.59074713304204
90.38168563648135
88.02316956542967
87.92137999538484
88.00134753347467
88.11784066904677
88.75533757440995
86.62122378890085
86.16908802924678
86.228413319434
85.31892425692007
85.3052905461471
84.96488294512714
83.9754699754842
85.34176473342032
86.35178636121975
84.76317761867513
85.68060606908321
83.69431762249152
83.64550923146606
83.37998565161004
83.96694105026235
83.61554013022126
82.36420060063834
84.84081052233341
83.36691458409489
83.18448156524904
85.30642873293121
84.33987982252712
83.65184275574696
86.80307228301028
85.85479041499444
85.83824181251146
85.50050223331917
86.97704411653493
86.61512716343759
88.32957202278983
87.18965235092985
88.36858235656184
87.95499978504715
87.35340677440198
85.70541729331919
91.01472021494284
89.11166358210448
88.20301642990843
86.39621376657226
85.93627894354172
85.10465958786997
84.3372584480292
85.35461807856645
84.96445963959094
85.34049050516234
86.91563520289749
87.91197866815831
89.9649535189111
87.95091709150178
88.23650424397844
85.90895357191133
84.4224534163767
83.27944716241066
84.85422849911967
83.81685385477996
82.42046999690575
82.26654407213788
83.55875191931119
83.53121711713172
84.65150016873471
85.35939048909847
89.86495341605959
90.62363425298652
92.48926523959926
92.69606500227269
94.33016359049856
94.81123108631172
92.81688218225298
91.14611383195628
92.42497711682947
91.3257430135322
89.97128900053694
89.29943234901612
88.11316858707136
86.70422791045446
88.43758315911775
87.79745552681817
88.01102309879305
88.1188711547808
87.35510229379625
87.03916990704678
86.45630163804088
87.2875857459952
88.19586252891217
88.68780265146134
87.84212920867908
91.55437780997752
94.02425461457834
94.82452345466244
93.8924182982648
94.9949614148062
95.57635678539857
96.17766021624911
94.51407060545404
94.53336920383865
93.2173205026891
91.5387007563179
90.88624181419253
90.66214440463509
89.61688554880881
93.9355092412172
94.2467063516286
93.69207873120288
92.42862654354208
93.63362011850192
92.50705772455512
97.24405444622002
97.77236156631179
96.62580221177406
95.40762691313905
95.48556152457446
94.49628532001104
94.29743712738843
92.97059927591548
91.12867450460693
91.01243784512248
89.8532078865316
88.55727258863698
88.74660611825428
87.45135870296305
88.63215245995272
88.40367507815479
87.16455256692734
86.24237747530044
86.38248995633569
85.19155756327446
86.43640227816498
85.3104773359724
84.64222346892994
82.64088503189915
83.3966430506524
82.35563296143175
82.91948434055561
82.49576108338599
83.09734469671729
82.37793089624282
81.59617437715367
81.83671479312267
83.51391955397268
83.41837848075585
83.12128853221513
86.32658120748846
85.97468252336486
87.34954190338537
86.18167937454555
86.93081176278031
87.57501002000349
88.01637058753685
86.76274026274326
87.72550708672675
90.30794655373866
90.4225133994851
90.33576110390405
94.40822203148888
95.62211485655008
96.20037210329761
99.8206316295671
98.71819750480469
99.44334207327013
98.57495352682483
97.95793789725043
96.45727377555956
97.23657534115668
95.6809690766374
97.13121102848406
94.65626322269709
95.74419946217195
97.4609500608434
96.78341672351527
97.23991415737792
96.74311455974018
96.01391290076658
94.17795630432843
94.24602191703083
93.92499661147288
93.12952022306709
92.21025895271387
91.18704519066272
89.15558124653094
90.3835277535072
90.17012122384753
89.01563298831826
87.12491412036128
87.12365200130498
85.83259253887668
85.68879413997695
84.95894116928011
86.32485090963456
87.36112714916848
87.31092918731984
88.64980537791962
89.07921992208853
91.57773533011122
93.45111405684352
95.72506463642688
97.30088768131402
98.43074715927955
99.21654314631549
97.58775977406398
96.51306292611123
95.35254763736175
93.67145667369593
92.15377286269695
90.8981636865544
90.4747826867657
89.68820274491304
88.325795700349
87.02904535898702
86.47351376380048
86.52507868171124
84.77349630539825
84.37461207411044
85.64346892828355
84.63154018887847
84.95409956915917
85.90926424959576
86.32743777339618
85.20668226827321
83.70422102249621
82.8358350869812
81.8887041195393
83.59752379937086
84.08314107059377
82.41585634428333
83.02244016222981
83.73668727006024
83.48495443099422
81.94498973983853
84.26856540774922
82.41685391008447
81.51701678826092
81.26982295685944
81.30951093465478
82.78597529482072
81.13613299349736
83.77105664800656
83.56659849090471
84.8128089326004
85.15302498868257
87.53486905719873
88.51006765845646
88.6530196582369
87.26388756180303
86.31155966460578
87.19595903973656
87.48570658269871
86.83048723032037
87.83121264916824
89.2509100174172
87.85602986076171
87.2565816287905
86.423246117591
84.7050085625195
84.83974253910755
85.07909636536745
85.6927135785647
87.66732677712457
86.08023419790597
88.67279303515367
89.84387581834464
89.34527265003759
90.50444034934887
90.48260583935466
90.38668813366272
90.9176883852521
89.26138068790038
89.69349212638659
87.98416518500103
87.03428880525061
86.91837501998688
87.73008042087714
88.4988514204173
90.38642262964763
89.06039639910365
90.09496228349649
89.9598129535755
90.28144988132256
89.94366118138134
88.61504114409756
89.1411936118099
89.09988506189397
87.76908810594621
88.38912326706154
87.78519920372642
87.36394632733591
86.33854746208692
87.46866475222909
86.71211241589475
85.87217721100245
84.93494957983599
85.2430925477654
85.18199429672936
84.97446886135577
84.51083214317426
84.49881880451196
83.20306240125865
83.67408374040964
83.34793419984437
82.91468214344148
85.27150856679123
86.63179677319154
86.22914906887901
87.18250117292854
86.31333027113507
86.22868705865328
85.75949948527935
85.65594195650587
86.44943382921754
87.35227627094329
87.45730814335994
89.96956323298568
89.69480772991079
90.86013976154426
90.69980049127244
91.68789088825335
92.03936384638092
92.05582920454071
92.11124493211095
94.09426258302007
92.42372451881911
93.22627368701131
93.73039151239321
91.92489520459449
90.34290311726363
92.11394232208023
91.20627885047081
90.69012795281266
89.84716601286314
90.76670985097437
91.87321240321474
90.30468168298903
89.90352294444699
90.5496427544612
91.6075036273712
90.56839135738738
89.20688403278014
89.5930967420674
89.22507554407944
90.4147991126545
89.57419560146906
90.53206310525032
90.20159715338941
90.80693542557103
90.03149133112149
90.3525562754627
88.88712650951676
90.11511066384199
89.96194655471821
91.8389511320818
89.90201133150362
88.91980528907433
87.20015260456185
87.16202906446205
87.93679574585785
87.31420723921661
87.84613862595073
88.66222369897491
87.75912965047723
86.79243089867235
85.96069861841876
86.56170702512362
86.68589392534274
87.35838326346968
87.18985868936204
86.74242329725926
87.77675835749562
87.88529523840529
86.95305739558961
85.71333414688554
84.66751600638395
84.76797857682365
83.5994754139651
86.08942739581305
84.4624764674556
84.88354874023206
83.66092187961935
84.06213407903185
84.98309388209213
86.69744425184604
85.4196824209496
85.61477594171828
85.14513105604577
85.04695811503967
87.476794736624
86.0610420646615
85.84044594897134
87.27800936652434
88.14395629183761
89.51281852562737
89.45757835197959
91.40850341835997
91.00268192425203
89.15977917881192
88.49560299475826
87.67217098221337
87.74347830929041
86.73678626909005
86.91861076974462
87.07056919049867
86.32391538277714
86.38929625003898
88.20319684311582
86.96134162982965
87.710955186758
89.14654034523396
90.74320147258672
92.62795770479241
92.2228463155468
91.61414311448318
90.55728630241964
90.3104031990653
89.46676324857013
88.63399408961178
88.88575479784984
88.07431951771156
87.80510040985914
87.73943444220484
86.40208332082022
85.63310613171917
84.93918949159251
84.63320702218684
86.34371846418888
86.66956685398885
86.54415713020576
84.77974221412977
84.37555845540777
83.25793147348425
82.86223851652984
81.77188161969903
81.41894717480386
83.14845567701062
85.15482087126391
85.95096691336653
85.98485203017195
85.57781468094068
86.62725697667442
85.41173594856056
87.42520791789909
87.22793948738872
90.11994696751213
89.0034142130575
87.69460827813697
89.44569308325308
92.16944650610795
94.72898897054493
93.95911553434722
91.92442505026777
92.9294713377823
92.79667602180719
92.78747425508844
90.2394859453665
87.67289447310415
89.21275518872389
86.84668764426495
85.38365833197095
84.70016541107447
84.44988633381354
83.7891992401226
86.48606459773637
87.47947857790602
87.72985880761034
88.62837607309999
89.8884494017251
89.6914959611557
88.17544664904057
87.8442820599433
89.99783033928138
89.30498351242079
89.70822489495414
88.38367351721435
89.76384189740315
89.11127153323824
87.1917312709854
85.07164001565599
86.9296527513568
87.78101432069269
87.52739866786955
87.76487927086455
87.80708806998537
87.69049477193325
87.26639940563528
86.59258165969783
85.42554886081896
87.33948726081249
85.79157219782827
85.30201352303418
86.53143321391386
88.00241344174599
88.51378953063298
89.75973220367489
87.69445906255757
88.33774152057288
86.9631562860375
88.89001389722316
87.85455510388331
88.13142296810621
87.7408640163089
86.3930345060179
85.57864055230964
86.61038136732897
85.32658569644728
84.40683698719803
84.85021802648276
88.70547975899451
92.00077572674017
95.53311703167041
94.40662909881229
92.98390783769389
93.46141609290515
91.3525991409183
90.36274490828508
90.02263696261869
88.45329432850286
87.2848282144074
87.36156986197325
87.44258367528784
88.35312761740425
88.28788664402578
89.31222197423618
89.18874775633067
91.12837545312728
90.46275967364802
90.30824687401949
89.98614743695683
92.06694803684705
90.02676280433512
89.8957327298374
90.56788856929155
89.51123501267607
88.94328022922973
88.63629601912818
87.35595489232192
88.39673543662403
89.68862133916079
96.45556286435531
95.06534883784282
95.27641498079254
95.39208545865641
93.249647741556
93.66290900072038
92.16563392594858
91.88124318672915
90.78885733290018
90.64569241105958
90.08596117056717
89.85005606439935
92.26963375915545
91.89134135199436
91.8110399761511
91.10834093994073
90.23110885426183
89.8680408980322
90.24896058161346
89.6835575317214
91.05437973130287
92.60328152732754
95.15223972822287
94.04175839615215
94.45568536175514
96.11467498509901
96.30296995155848
95.73834123630478
96.22525324317587
95.4930788428855
96.57242849121685
96.30298808797527
93.07180843815395
92.05330516228088
91.86516295740545
90.77096612803788
89.638937549948
92.23005386576877
91.56845627964246
92.13480193193516
92.71142472096248
90.34562717288024
91.549422991249
91.988854259242
93.40834763153889
91.71135302841323
90.63191909245856
91.56901215935365
91.99475855749237
92.39950939970728
90.80443335776427
89.86145025850091
88.6665910871615
88.55639372633743
90.33358921419996
90.06055558662642
89.26244908013346
87.4630098595773
88.4932358522317
87.60729073905199
87.48955993670927
87.37680465165168
85.66891878787324
84.7156971268299
82.94930408521329
84.92622440608692
87.84200676212451
89.69755218389558
88.94351518199838
87.49595926841978
87.2043759267515
85.71285955350767
82.99260764487059
86.08287682648901
87.69699854660364
87.79825336402523
91.32483981534195
90.59671221132645
93.9082714160397
92.95842847873081
92.19568064052996
90.40936316952336
89.92861201255543
89.1670533380988
88.8971909041695
90.23999221087702
90.08807594991849
91.2351643762171
92.75214667388089
90.99109859982615
91.89648721006287
91.59596208924575
90.23703556235269
90.21863159558217
89.33998441321671
89.96648874779953
88.38321680940321
86.96257846357099
86.23605317575827
84.53337545079634
85.28051749190669
84.03503871208179
85.3260475166257
86.51194116951272
85.87415707125061
85.24308442815322
86.17476190570234
86.26854525806517
89.0653000195049
86.44429219725285
88.87661204507522
88.34274917913568
90.70676555131601
91.22787143679312
92.83783479145087
92.80213065358305
93.11293859259322
92.97480526274434
92.29855282040245
90.16726932899691
92.13724988327992
93.54374102597158
94.19791794775162
94.24451548922559
93.12070507660069
92.07143156786994
90.54381544708218
89.79701353226726
89.8931736603775
87.97538960908287
88.73551909138003
89.36541518927847
88.12682854440897
88.04310958869425
88.9154382516168
88.47072902964693
88.94970850261477
89.5188731026069
87.67070660279725
88.38824685873152
88.67633726154071
88.50696831008462
89.06002353348151
85.7573860423451
85.8561485780169
85.89536817808094