learningRateDQN:0.001
42
44.85770841797543
47.79830117706691
50.89441678794404
52.87566372401312
55.108766972949056
56.26383015896859
60.39754784695431
64.74333619975411
66.07441886266484
67.64557198841187
68.445671718417
69.06925960376492
71.54529124840272
72.01442248550397
71.431618605909
72.47140287882965
73.16606340703811
74.07802699191355
78.08813907016219
77.43320541968207
76.1296833871227
75.78112350301802
74.66731610180257
75.19513640099316
75.39415237109613
76.43373550567655
77.65093972234897
76.46935182841987
75.94053974744182
76.93262785405682
76.0768911333941
75.82262681134969
76.9602815266679
75.98222308791075
75.79055290581447
75.79187097993618
77.64062691749953
77.24414670550217
79.82411496360835
81.59906217329205
81.9142301362586
81.16368672711909
79.29730659824894
82.71073579630296
84.85853658067681
85.77537352681145
84.49913063767265
84.27674180154409
86.08467263250085
86.51861906321365
86.81850589780922
83.65944014930082
82.12197143797623
81.50288002368087
83.66613328431806
83.73561519718096
83.32420894650512
81.14072842613537
78.41063363508093
79.78891608512625
79.71969424021671
81.06396617633203
80.35710050070541
81.05013000500152
81.48120486095313
79.72892791955968
79.33018978208645
79.07086970117781
79.62987511451675
77.05225489117814
75.71850681895108
76.48109972916085
74.65407067189479
75.8168772506555
77.39713248541072
77.27666401227181
76.15604216246203
76.70010615367336
76.5940713375263
75.89501995833861
74.84867932228791
76.4374242351766
77.79140575187073
76.93523469687052
76.64878104317107
76.16151969307535
78.05083341866272
78.3417992182559
76.46680985695555
76.96894441821972
76.970375302828
77.05676453648682
76.62228949741029
77.07932202305
77.6845261992087
77.07814018469476
75.99078363848189
74.86076891552335
74.82887653512383
75.01768992284867
73.9420049293141
75.54486981423715
75.51242969019165
75.45281305546192
77.18797253231664
80.06088073201651
79.2241932479504
78.54540928875849
77.57310853448804
80.00267637512377
81.86319438738575
81.59877956007163
80.91815448367055
81.8855805207606
81.05218577790268
79.40770553322447
79.63078646020294
77.25545029830639
76.23094918980986
77.67098378254272
77.29615399914564
79.94011178442862
79.13752935782198
79.24390935497988
81.55930847902538
80.46994493929259
79.49297861474422
79.06258073177266
77.09289913773877
77.44413263762712
77.49991880591978
78.24258594101397
77.9499786687074
76.96851004634111
77.56695132414741
77.08212289764273
76.86221288512941
78.53236176405169
79.06952780326638
81.18020339874418
80.63802954339624
80.67066912404323
81.708819091493
81.19044065407867
80.3372462062368
79.71811117983798
80.87495186325727
81.7167685758635
82.32937195417568
81.38598294222778
80.39840382456116
80.89587613055141
81.65309917962463
83.54297211153856
83.87618533621477
82.49968309406074
80.0469186669759
81.27826290268793
81.48054771606506
80.2491716201734
80.68141154749003
79.68820084131913
78.88401682444261
81.65122269392236
79.38069462286856
80.09654760448771
79.19947598320826
80.36354939617776
81.37958224560968
79.76814668067776
78.98311275984614
78.44776859097986
81.92134449858989
80.36052726301281
80.38367075581733
79.83158036507287
80.67753669444811
79.28867191607269
80.50092453176225
81.53545716218902
82.22503407509201
81.32274170512368
80.96176070785975
79.74801193297037
80.87926648734445
79.8270651174083
78.0445026326801
77.64293775714897
78.3567795497798
77.71789570144011
76.6695972790327
76.46663942650403
74.39073354444422
75.74087318395982
76.76436204703624
80.42123478874637
78.52302769217795
78.23405019523248
77.19005120825395
77.84283973461889
78.89571303230495
75.67152439807025
74.26027492848155
73.63988114094727
72.45208202622784
72.36674414633202
73.68258150597464
74.50409513746092
74.66184975142711
74.85542382337105
76.67942027688372
76.30806603839774
77.7025839048459
76.80843091410675
77.15788592801785
76.64977693526302
76.90766591339776
75.54203370221644
75.2239865794472
74.85444612444275
75.2778006619099
74.43725560322659
75.02677601722006
78.71104661539857
78.5858251526947
78.38099076402355
78.52376813886255
81.0347200469999
81.67206041836938
82.22600583482335
82.96813113007815
82.65765898077882
81.93419701795769
82.68475933988667
82.34086117496086
84.42557097489698
85.6097847869765
83.52427123349872
83.57059136950295
84.41033729499553
83.21052057835425
81.76254096480845
81.26546604193491
84.08471214519568
83.39982965783553
81.7571479514748
80.14220657467911
79.0411407542766
78.7541397121038
77.84052390451461
79.10335673942954
79.49346079332061
80.6026754107951
80.09467822357749
79.235071924744
80.15098302406265
79.92926619093649
79.89131528370739
80.57685194190013
79.55715763998738
80.92712203707968
79.34837520409391
79.26695243054982
79.5892239553892
81.0359140088907
81.90638651487419
82.92528970077174
82.97761320827264
83.29200924592885
84.68848185414528
83.68873301735898
84.42285867772995
82.96816348358065
80.88671458647345
80.4647672622201
77.58987850485455
76.45581674007158
75.47061446537117
76.21172844092068
76.4933566158019
76.28475528414913
76.30396623742021
78.1265343953697
78.74150194181216
80.45571006928056
79.86739100789268
80.68752803984248
81.22091767979944
83.33093388079594
81.74752850942777
80.30699265122685
79.26873161212247
78.3752374398015
79.34313567172482
78.34720316106618
81.43624169548742
81.38358856320292
81.16104695903836
80.67453392727191
81.13846664272792
79.73787763916785
78.62386509609532
77.31626669187627
77.51458354040011
79.64121041449292
82.70207907536827
82.09383963886397
80.96381995783196
80.54611958834664
80.47107256958428
79.93583855231623
79.70475790964213
78.28936278149962
77.5052302481308
77.65295563083495
77.4905322666733
78.4260807899341
77.84003659551843
77.34183302077072
76.0385251298431
77.20948556480877
76.51520747037235
75.06516320266515
74.73401995046872
75.4330425640243
74.5890861935838
75.34987926023494
75.09517068546039
75.9797443076546
73.9863931271609
73.61373267385068
74.87835864495868
74.82816859491062
75.05278263328702
76.27656552327407
76.01681995653585
74.83434745436003
73.71713652092714
72.98998158075004
72.8122442778621
71.53893242165483
72.42238038738107
76.02421846146893
75.5635826888686
75.31872466427174
74.28850132401675
75.2727645314651
73.09974792626662
71.77004415824747
71.58589165059946
70.37997651326998
73.55985584726862
75.02293333622583
76.54104288274705
76.57357838364626
75.62258511340777
76.38409055411854
77.40859536334351
82.60539988447285
84.4377073926019
83.50091631692412
82.7225099829239
83.40718146123604
80.97543171161252
81.44871592292334
80.095008818344
81.97418234482761
83.61093391670497
84.24801335640608
86.41032398621587
86.96617612424212
83.4926207946073
83.55331996141486
82.40123946578449
82.92425760452764
81.43444496473276
80.6831616855513
78.92792013782933
79.51030256299765
79.44061540258707
77.4016672780602
77.41194225667172
75.39191478992304
74.99376129196355
76.64583489524472
79.99864001334316
78.33071652098123
79.66114845457146
79.52960718157382
81.16516919614531
80.77172357523926
82.29846247007177
81.07272867702466
80.34149127215126
80.45264863940572
80.06596493763243
80.60804717911407
81.2482344697048
78.98291872611915
79.87026601237434
79.14513793552209
78.60768287680696
79.67740490927095
80.57433094898835
82.05490055133983
82.62848040907224
82.44936387274723
81.52309276525163
81.89849939495183
81.6349943314363
81.65261903631611
79.80112900354393
79.63873044715423
79.93183857001776
78.97964081035505
78.71782322824336
80.70790053909067
80.40083506656663
78.48632095976807
79.29885690555984
79.31494237071304
81.1226014343158
81.59322232094512
80.55214612344912
80.25241937287718
79.83620058293585
78.23757352313213
78.67817073367645
77.31975457030458
79.39591599971374
78.69437501381064
76.68207839901483
76.58880207958472
74.88188370230564
75.28234633397231
75.98593588168353
76.37621481970228
76.30524134658891
77.43689287060425
78.32907229508598
82.31978312562522
84.34428208321783
83.76089916936712
87.12954114946565
85.12433231468341
84.63182268005046
84.46583107830897
82.55216980462403
81.70668332962482
81.42191359351573
82.4952616964368
81.68598643823418
80.37998593265934
79.44658261664335
78.42132594563148
79.84418746515693
79.02046013228001
80.38483650398923
79.28688858425828
80.56317927372633
82.60511202694883
81.60116282646521
79.88319364299726
79.67976525235521
80.15215533914905
79.97528672892895
81.41498073103826
80.2872014786587
79.31875718004416
80.02580572012862
80.79915858990492
81.39554076672299
83.08825247853896
81.71580596580273
82.58525145791144
80.72336022441972
81.09170190864332
79.28898229187094
80.35002079978705
79.34270411033972
81.7005506229655
80.00991275034684
79.64513013971151
79.27984923475546
77.3267696956037
77.04711578275686
81.84044488834799
80.66765091997189
80.60799843913684
78.64818738024508
78.97170645924791
79.55621127468736
81.02801226350522
80.93761885577634
81.84394230739763
81.2274905483813
81.09469343502764
85.71898167906096
83.25014298322608
82.47083385358526
82.39117642817989
83.97916682622784
85.73206036521422
85.43772135724574
87.56545969929692
89.9497971818227
89.97674265277784
89.40647299751214
88.95684021034768
87.27499838569513
87.47930589107106
84.7195524108995
86.21024883170365
84.46649466661296
84.35683832260752
84.37925305173022
83.24591800571876
84.39470404073197
83.37145552362999
82.50160329141613
81.148345723503
81.72244451859991
81.15610698216702
83.0408548447338
83.76558769490043
81.73240563240034
80.92421422455828
80.6290491595889
81.1187762936071
81.6505544089114
82.54240983585252
81.9205622800134
81.62708213951517
81.46324844075207
81.19345281242799
82.39020887203472
81.19509215512767
80.76090639019525
79.9196912558405
77.92098271913142
78.06039943427099
77.70062161153051
77.23241197383221
75.99677067075632
77.23830445121031
75.58116736209955
77.51752928608059
76.10827790679379
77.79030313047174
76.27640906405057
75.82809419954475
74.9047935475451
73.99916022315938
75.80889592876845
75.9071218970164
75.29861658213775
74.7846125022549
79.39204345150753
79.32171734508887
79.14714192414803
80.97658504446555
81.75119630078116
83.11935625850627
82.49633848809644
82.77839807253827
81.82244312834374
79.9162370146507
78.08073875983341
77.63406706471673
76.96412634834891
76.74629262022872
75.14473129406454
74.55500610409702
75.52408872262097
78.49053620407038
79.56136231127618
78.33355120072035
78.98388557812825
80.41154778941869
78.82480480558101
78.85128257321777
77.59386341489518
78.39795101964195
77.99740692114094
77.19191068115317
76.70871789348709
77.3975624094865
81.33613138358531
80.183086853821
79.17107606270348
80.1419015998872
79.50615926267163
79.21883192002575
81.09515526670103
81.6845231087371
81.14771241036048
80.85922384551981
82.8939506125931
80.8607205298943
79.0888817227942
79.81982332664111
79.56305926419988
79.6058085057756
78.7645604434656
79.29749219619251
78.76249004250312
78.87401744302723
79.19805374774529
78.79762452531632
80.65553844056502
80.65765803385175
79.33933593827008
77.33063446862155
77.91953145255958
78.70888621954977
79.07621366107584
80.17984389794276
79.17196449992302
78.70358757634502
77.35428071394465
79.22274646719781
82.42295140146884
83.02467269691824
81.66490228119375
80.79034057253568
79.52276868635698
78.91374981740738
79.60610478415308
80.2305551900896
80.41298833149516
81.18046515907879
81.00114164137041
78.96959208498066
78.48754496738238
78.03354934477744
77.5072390865426
81.45885500724322
83.55519957307905
83.77668686551294
81.27733712049493
80.45914797863126
82.7782506507278
81.39205718015637
81.9810332115883
82.27308888561868
81.74950328089696
80.5924554928945
79.70827584208072
80.88785411517473
81.30054034266307
81.75636691849748
81.44564885165326
80.81242971055833
81.11174525572693
82.9347710678654
83.97070512025367
83.9021975901507
82.91098895299447
81.53383273775766
81.43476240393328
81.13406232701946
80.6269428966688
81.30770406868353
81.64284454692059
80.8014619415816
83.23723944316322
82.73192194901677
83.44494180654519
84.00308753152642
85.15938485638404
84.38417763776741
83.35490149803468
83.06288922678081
83.83756059928871
82.845110868687
81.03589667680781
80.61718410070982
80.00581347759656
79.61536471029284
76.82142631579447
77.14134600119232
76.10227413686752
74.86659950974618
75.8243238902308
76.8015021201219
75.83111463196718
75.53255485352051
74.9565991784868
73.56478121867987
74.79209677328173
74.90704030019901
74.83094015472169
76.00509073342718
76.09623011798278
76.5777004059642
77.91956556488437
80.02593484787548
82.34283513091694
83.13168588756969
83.89011747296477
85.08038279105628
83.58041791605129
84.13875243547096
84.34921828038335
84.20555289214863
84.7798511291645
82.46425495262179
80.89206877512866
82.18124812294793
80.91444150012411
82.43898718027658
83.52500649148122
83.0210982199414
82.39932625358462
80.6143431282459
79.94165042430595
77.96001132719817
80.18816664348958
78.6463607339223
80.00314360270683
79.50849039512848
80.02366844769907
82.69238048853397
82.73851858625875
83.97023997263064
85.43613454186277
85.1936974208938
84.30245104135851
81.67761476316126
83.00856205196642
83.90363454791776
82.56695208212993
80.80651090339673
80.2426353938236
81.53758717436816
82.56673178525259
82.53119094896971
83.12822919179682
81.36912414132932
80.76082522551523
81.68116191379539
80.93105208161221
79.09540720299542
80.23575652444254
78.5409411155664
79.10419945847607
77.06471955302446
77.87844943266249
76.69162442392103
79.0123655017083
78.58074162326736
76.88455276500446
76.22545387403687
78.95418555718662
78.5006940167119
77.31524860145261
78.16875877596473
77.43397415769613
77.02122170447838
76.38668670728525
77.90189806438866
76.99148665827062
79.67382501169425
80.58976095654579
79.29396169129473
82.04330293035204
80.76461705628822
79.23373942337663
80.95633462465726
82.93558094716127
81.18822873195957
83.44184244643745
84.28210707017418
83.3184428828601
82.39360143971392
84.4724486726796
87.75209593441302
90.60544175823574
90.83711851998287
89.52557774920652
88.36040055494944
92.21833496600432
91.88662203719154
89.8299109334652
87.94396326959229
85.64764113239795
83.86509918225647
82.93664066976471
81.7127757154296
82.63156428342666
83.96195268961723
82.38988133988282
81.20421407194202
80.25554713495035
77.46977747155424
78.62348997517638
78.52773610848938
78.56648677837839
78.43983628213871
76.96020572660741
76.77307554346926
78.02248341486711
78.16083417565109
77.06297032381437
76.19895725973029
75.98352508565834
77.88163165340248
77.57494793730342
77.79255450059297
80.64548420340383
81.65285249762802
83.18145633553958
81.25711595537533
80.70694645526085
81.75567857625366
81.06786014524248
80.78932370445727
79.78932814275386
79.7990152935541
77.44919911757046
78.43373408455147
78.1911375929778
77.74312038005314
76.69174728599512
75.72314656542353
75.33262344963494
75.54848698808253
78.82791415956903
78.74964144023842
77.80692764694172
76.3877319966483
75.42074843610888
75.27152730318939
74.57882423045008
76.43966371767578
76.6199005430816
76.40889979747352
76.08833468937623
77.5116418096837
78.5189943292665
79.44424815500165
80.32674194223368
81.49116999715032
82.90647554539053
83.10116410255434
82.85704125649252
81.33209766025075
80.46034277950133
81.3619663919248
83.42145440665143
81.654231699114
79.65679450086452
79.33268798026684
78.18166378500045
77.846845199593
79.6651773750096
80.30400804490357
80.89625244359912
82.4795372291589
80.34253037551032
79.83467653058575
79.27343054398541
78.26634733641652
78.55253801252456
79.55488038352682
80.8997106621781
82.7556401691137
84.24716519164271
83.0161359265896
83.1619351370411
83.06875116191806
82.18128476731607
85.2906702832764
83.34184789330828
82.78315205172858
81.90372323928568
80.9040608474943
81.92099438346303
82.22402752838454
84.59871679901127
83.58467128988333
81.95632676151573
84.56543140934717
83.23998928932421
83.7933400607516
84.52415393065148
84.3256158427751
83.8394919297509
81.53115734538248
81.38771901930478
80.60939235091035
80.4738192471144
79.70224161712609
79.24316788113505
78.28477388210095
78.36251072966186
79.469216934065
80.69915024031714
80.29566110749354
80.58233110870016
80.5022571434678
80.71510390803033
81.71774673113376
82.69092192223003
80.57633689455525
81.19734456169515
83.28736710645016
87.05059546613545
86.1730387263991
89.15792250376664
87.29049046663185
86.41705055595503
84.64820866350323
83.54826418403668
81.95728278057213
82.59801649154726
83.31243988278132
83.66308753638911
84.04160686290506
84.13884004863145
85.58524482747181
87.51036608887368
84.91562606569796
85.17589532822447
84.22644408136468
83.7413570338405
82.05244215669397
83.28164503676075
83.80216512805292
83.50623935255418
84.56123800762971
82.72547857661506
81.23648404591721
80.9952552624595
80.23565632899606
79.72926461831504
78.90226274925008
77.2955730231438
76.60881480302127
78.7111331527838
79.19371914024579
79.35503595753875
80.03424015041517
81.36256399760329
82.48435017432648
83.02259138951469
82.70776708379844
82.82868338478796
81.91207433369186
79.06545852943358
77.2810481303383
77.07841823518308
77.6345992580665
77.06798038130023
77.84486158849236
77.52395576636728
78.28383048265577
76.84781974627623
76.7297160422098
78.74616544246409
79.00982157947644
78.96092386275063
78.96603683339758
77.95966776473767
78.17544400767893
78.58971084291069
79.65810314977325
79.9819446430061
79.10253925140442
80.56234433887391
79.5514293461292
80.10169677603795
79.10990158814491
77.4232359309025
76.62836275807192
76.73882734696326
77.19173628710921
78.87275038649746
79.41704374541723
79.57419751902808
79.97628124244838
79.45609194076758
78.68931630109617
77.68817291451259
80.9325786299985
79.66290491036784
82.36068723226111
81.2551814138039
81.998930813892
80.24782443927884
80.10734156540624
82.30399402886181
81.92262694542816
82.56930374119271
81.09701815979697
81.74454177732984
80.69298280412174
81.4794622845915
80.39748909576313
79.53995990402085
79.7743777629668
79.88793249881705
77.70034228228342
79.05123352421309
79.88980233941737
78.15242878448775
76.79960149201486
79.26939648360658
79.80923627677262
79.38693367348243
81.48719714718912
80.9568838132568
81.23163146673188
81.3459751545565
81.80346966701245
81.47458817634745
79.64612119362566
81.12270474803603
81.59864772672884
82.08875105865283
80.68790430240271
81.21082444856378
80.9113393030797
80.17177984846597
79.21474965690797
80.0316616534956
79.80864916992267
79.72848478927986
79.62986027129314
80.01192068973923
82.66781340586435
80.93202359096354
80.86124300705839
80.60852767788693
80.77012040074399
79.626909473387
78.6075285421592
79.97179267572659
83.58827673631036
86.06544792302105
82.72756765171395
83.45686940658629
83.80476204362823
83.09536229617892
83.46473513952884
83.5638014416598
82.73727944291335
82.85672149509107
83.35582349776581
83.18781870161116
82.0210228069998
82.7968579195235
81.53103965878097
81.40301718352809
82.11536847145355
79.7592563768432
80.75523428040749
80.344413944517
83.22556799129987
82.03517674163534
82.22601263730348
80.38955666686125
82.25389198683324
80.09028048631524
80.26514893003568
79.72294828883138
79.49679053404634
78.9618310207405
79.91945004430352
80.66267171784
81.98940510474145
80.60404120510167
79.62412355271945
79.09630747683251
78.96756565564922
78.5588479273106
78.7112713555132
78.92375810959925
77.08824227323773
76.19903959375097
77.8147745371398
77.80739485953438
78.98211952214085
77.04585893091682
79.2217680511376
77.87111712768592
77.04990704867652
78.40659212215611
81.06394160493707
80.36236308829285
81.64003852032215
79.38897514404958
80.0884800753897
83.66109250429267
82.71457921328296
81.21175373236967
82.87935531103496
82.97871988562268
81.28337223851838
80.23028673015688
84.17605753304522
88.56643766242533
87.28685191470568
85.95469733309467
85.28998180671154
87.78846940839288
91.68680068632635
90.4128465327258
90.81610047935813
87.36411659180965
87.22925184724248
87.62425736705629
84.89162079748534
86.21401441609493
87.5135918434436
88.2249181305361
88.75117426701816
87.0035048887398
84.09824795866648
83.17723179586218
83.36964267858055
83.27898808219047
83.47391625010201
84.3783550744828
84.86729798034308
84.1903314483127
83.4795618019482
82.88802096547138
83.32666418770032
82.26717329611805
81.25648306360854
81.6255500882721
80.44271896991695
81.05676181827353
79.05732784360072
79.64928707289515
80.90032728461676
80.65023256485841
79.670432851642
77.93567452590207
77.575386851462
77.13502972905253
77.52308652766212
79.30227118236702
77.1169271334023
76.80599802810524
77.73857987901204
77.76470302905568
76.77854567582905
75.47765114786974
77.88534650575737
78.78642557615909
80.94225556091942
81.24896597294394
82.15512662274433
82.52643613347678
81.1541770485841
81.02367105422188
79.17446739074339
80.64578981666419
79.59842458975855
78.265269818588
79.10594942441266
80.77302170046478
80.89073252486284
81.40091841011065
80.01987799624062
79.96991102184442
80.65217295814644
79.76776309673154
81.3323947064596
83.9622097483828
85.19954035942973
84.32067805976465
82.85398197006774
82.01664835035852
81.86415299174661
82.37633991833053
83.13433831096253
85.83494663234434
89.62943848771066
88.24294425968974
89.39317496718878
89.37040135630144
87.66834028314796
87.57587466387774
84.55700059635082
84.46886827773406
82.61711893515397
83.97258790609038
83.11725619931059
81.12158971036824
79.99596085659847
80.91826424883317
78.27306629520737
79.067570698836
78.96274462075857
79.48216303046264
81.65540051030091
81.77489817503191
80.46296096716357
81.70610806993197
81.7863825379893
80.69033525712557
79.86496702923506
82.72495832716044
84.04068209014531
81.54592357826957
83.86650161138529
84.90813186388921
85.14105495286164
84.63086988462788
83.5776166027582
85.4568821027735
84.91241017364896
85.49726799716771
85.00304245450596
84.83960105898606
83.87699543779995
85.62346516609152
83.54854892135086
84.37352372696024
82.94272706097368
82.2930412215632
80.43188405088128
81.80325519967013
82.12109980143578
79.83583844003219
80.55144713330488
81.78200762143264
82.53642778689861
81.57545379839391
81.81935557678175
80.59071909224187
81.73675849145214
81.4488880260751
80.14819480092683
80.4422079011757
81.0808327940173
80.11433930401877
80.552480229486
81.98105736789189
80.19130908797291
82.5772848789584
83.51953645055839
84.76101031659647
86.83544338617526
87.48857816312774
86.21223836749819
86.13027737627489
84.80325647448467
84.9668013386044
81.99933255437188
80.17928333663461
80.93149627840721
82.67840393263545
83.68541692543566
85.06420287895861
84.92879828205207
82.3216364279888
81.17528545300391
80.94075872746562
82.6734079385873
80.51200287774029
80.27318894054577
80.35016028779674
81.46866617501746
81.22386821571521
78.7130156071856
77.45542389525102
79.09386768901875
78.11425834589019
78.56768475472813
79.37513853135056
78.0112994948516
79.15654744791651
79.82679406151837
80.86462310762919
82.19237233917136
82.5031454265909
83.18147077045242
82.89296143574074
85.72511638073188
85.91060655078546
85.35412723562857
83.15587528580842
80.99447412973339
80.97372800297822
79.6801496414014
83.33436042956508
81.57491357252067
80.89173912554162
78.42332546782265
77.28060947296402
78.31406734402036
77.26586772408666
76.42694503384315
75.55543960982797
76.73044835375943
76.74109693339247
75.82667608457324
78.5981141342891
81.17969007504827
82.3688964013994
82.51940367795414
82.6482996585773
84.75816224399367
84.84994183590354
84.0991362533103
84.86201572988034
84.13166772739504
84.97491457659578
85.24698235958509
83.8924719481057
83.3341366856417
84.65406355430882
83.41357095967629
83.17103443572715
84.62058065195292
84.84651977335157
83.711805200642
82.87677960928201
82.51790230912246
81.70776910810915
80.30189606688556
80.59540349923543
79.72015686401619
78.7097927036656
79.66392102348648
78.87072306109846
79.1137391294003
78.58489742188245
78.98415232776225
78.26570232301809
77.5673927687367
80.37680404443108
79.56504401911641
80.2005169882384
83.12914893370755
84.51225463725613
87.6707438782018
86.30462965368235
84.6125671726928
83.09933166306298
81.52106974337788
82.61816223603384
83.21323303727588
81.52351897107732
79.1142122133706
78.47144746016679
75.32422062740767
74.5083460644886
73.14560274355762
73.42757393303225
79.5349171228908
79.62176650865025
78.4790059758887
80.30490383487938
81.18481489563489
79.18122761967201
78.20566226227304
78.93006301213195
78.96503021806538
83.45274446610408
82.46926450940255
83.96578569769913
83.32302998310114
82.06742237917105
81.98729825996445
81.93315696580578
81.19495575658432
81.46801801961641
81.9306802658526
83.04796622378451
81.9800952029603
82.04047534443502
82.5857459951642
84.19455058373553
85.22409655615317
83.83112108963
84.17484185204816
85.84284540493559
86.13695959556337
84.28625173345749
85.04913199541467
84.33864017517584
84.74178181757772
85.07969582170232
85.31718012295289
85.04190227687619
83.7628325196297
84.53368715466556
85.20469337227388
85.18544889908938
84.27281528216152
84.09384863768445
84.61934495120775
88.11282815084414
87.6355433835688
85.33768819803284
84.72308836897396
86.11624051893575
87.51880784391834
85.63837236756339
84.3855556292297
83.08729340225862
81.42184814731564
78.825385602156
81.1572283223417
83.64656375342243
81.02200927489133
79.93140213323592
80.80247969026281
78.7601857595262
79.68278876257492
80.45531544213962
82.78444746166494
81.68089361037363
79.57459163014964
78.43914351985745
79.92122387740696
79.62457119294476
81.0570066186538
80.84489270308316
80.2679896320604
77.730925330929
77.72699614243996
79.68060311345596
78.93630539685275
77.27755416208564
76.20583968040923
78.14623897215729
79.7729720139881
80.40606234805924
79.07593706598361
78.3784971718458
79.61432176698594
79.43807815406686
81.1990073275012
78.5483283771724
80.74208674473597
79.01896765185596
78.304832734232
77.47474013210883
77.91538164668783
78.87399906855833
82.05114581548303
81.41945010827749
79.05016943156849
80.09428939391464
79.00466975493684
78.62125894433763
77.16684239969038
82.29345465321695
80.76544568028261
81.0823920906448
82.74339545759177
85.13222881859502
84.94236854301958
85.96597333866431
86.43653562500702
85.56472445787082
85.65421065343334
84.16620760949581
83.11759904411885
82.5801572476591
80.68358668615748
81.3304581632923
78.67945978391798
81.46850561719374
80.15166385652331
78.58143944801385
78.17360055699633
77.58827337170396
78.45755165947361
78.01876802014704
79.23373621197791
81.95025368729799
80.31256552107355
82.11351069658092
80.58370545785495
80.7654954454793
80.53747333257668
82.40570985439507
84.85795606037266
84.53872504398923
82.74121721985729
82.13672185726746
82.52303176199872
82.89988044731201
81.33274230340203
79.02582101009604
78.86637707310717
80.64999540784751
80.55730106576593
80.88744184406224
80.46074867047281
79.98019600677264
85.17204860744138
84.46372858067315
82.28051397721
83.17251496854335
81.78674036153905
81.27020120021486
81.6822971788394
81.873370767453
82.66610680387568
81.44976487307571
81.33235520225848
80.90733369224638
81.22776291865941
82.22417564286478
82.73202593435092
84.99783943285503
84.55279458435723
86.63883298088194
86.48577739719617
85.99121757121262
83.96380031378851
82.75698615808055
81.75445542307139
83.57833901665389
81.92674906916015
81.03181954979338
81.02634859560344
81.56781346946597
82.72054072943675
80.51442029886847
81.85168430438499
80.79583842709873
80.25422638284049
82.26612000734086
81.11689249104766
81.58874642982047
84.39429226390646
82.43801792645725
82.53029198908901
83.67861677880236
85.93902262937841
88.10119500995852
88.43925678164746
88.33968997315074
90.62941750004872
89.80471126517008
89.82953527960532
90.18373219054588
89.95558899565069
91.0975351148134
90.7605709482562
89.34105385400203
95.28506935250321
93.53887344185446
94.68660816667408
93.25518483182776
91.60833908757186
90.70318598342828
87.87964197330233
87.37744886712129
88.47116816684385
88.88519880968612
90.96742434945173
88.3454787163696
87.70269957872553
87.36427607728513
89.44126457457587
88.43994270796837
88.35348790177004
86.34125957084991
86.52849224718645
87.54811611717736
86.17032898071795
85.04453859802922
83.77362187053615
86.17295641861811
85.22636038943283
83.44220742882352
83.66982637446256
81.80969783212453
80.65796372714907
80.19307236454887
82.52212125761214
83.54705757657023
81.58596538011933
82.25355540990235
80.53022473484661
81.60989366571899
80.56094168041626
81.32021361226829
80.96365245373305
83.30369385090994
83.06333667804014
80.9899604895056
80.40856809273313
79.54728194399257
78.73659665918663
79.05592775562205
81.63893753528345
81.02796248998514
81.1728673294979
82.15830761191786
82.48639501055818
82.41422031174653
83.57418709487601
87.15218047659188
85.65164444683177
86.72513290120924
84.36038892445961
84.2247370274627
83.81384998480382
82.9248819830571
84.5970524183485
85.058411477233
86.55434485192964
85.89625647553379
84.8433825443561
83.14043949596436
81.90814177045483
85.4671246592627
85.35858489723967
85.48570873850926
85.25787138533691
85.62221174129657
86.7933426268815
86.66123321736556
86.88788603388822
91.0332339848738
94.30777677976265
91.46744141950434
87.56906877119985
87.41983519772465
84.91572073564505
83.38627226729767
84.70377693398649
83.5290571680844
82.9398048311147
85.64467832477995
85.46737768309701
86.47674793984639
83.37135372458444
85.67621149867765
83.69459852963396
84.39550250715551
84.007557771591
85.03624623614563
84.5614557200684
83.56708757845955
84.21676336352076
82.80037171258768
86.39677395894375
85.91661204437767
83.32827649756553
81.70931477696213
82.29038239331703
81.8702427358923
79.15404488475018
79.19873904661232
78.03347378142111
79.39380783143933
78.73295615298468
78.08621052469287
78.27165582739984
77.22536583293176
77.14871431721323
79.95751492161146
80.27179376565489
84.12048293652455
84.98439092573994
84.70730218449673
85.60451495992693
84.19708001938407
83.00557659958297
84.27821841532513
85.14394454373928
84.60806093460567
84.11861446777954
84.82047164641308
85.14837949801314
87.93133288503546
86.0560036825338
86.44571423056195
83.96560746754987
84.62630284334489
81.59531553720954
84.06862466015406
82.51134359992069
82.46260729901198
83.83738606949954
82.48937264826591
83.5574078169369
84.5533878085883
83.35377821326077
81.04928618066631
79.0997122771133
81.83154427167709
79.87337492751851
80.01914261847
79.62211264845382
79.47409444279745
79.61745652841554
79.98584836122424
80.00554495972082
82.319017668233
83.00769023401267
82.06749203774875
80.54375419768013
79.7853653726015
82.16338221538062
81.51880625252083
80.15340224448738
79.22996083356693
78.19096661524655
78.04850234949441
78.16061132499519
78.09966399252941
76.30484076164474
75.1607602478462
74.88469166128777
74.52993665816125
77.20804911163775
77.28485492416827
75.75826886531115
76.17914787395222
75.8986404579205
76.88947309037833
76.38670185240247
78.05195865406164
77.74592332078359
77.40406595485905
75.90261972291498
76.75870667242563
76.49753399424404
77.96304092856678
78.58762263538381
77.6887557860624
76.66307059098276
75.93545738708812
77.96892391256006
77.3619438647001
82.8703471202862
85.72492845253518
84.02224380587027
80.80437992858155
81.03319016273358
82.44486022360446
84.8711548151633
83.05910640368707
85.29375748365815
84.23600544952167
86.86101529171292
90.94699068649399
89.64682400476538
90.73920644573214
88.2384761527828
88.61473088343888
87.93602914075763
87.53061522110838
86.07221893630192
83.18775801005948
86.26795957646115
85.34694858459028
86.83522667056619
85.95528565684452
86.95811008296938
85.04798010774843
82.5294510631847
82.99579553355811
82.68734589456754
83.68190840823064
84.38351510906902
86.40912331925169
86.61921162877309
84.62702446893869
85.00989285399864
82.51461146690454
83.78690584250596
84.42491045457666
84.97232347733933
86.40594354657892
89.07917762421279
91.81442484176561
93.3338972949027
92.05031208774908
89.34653848788416
89.03922961367417
89.200873194995
87.52383762219162
86.1682965462989
88.17428433793211
86.8814630535782
86.29777974395647
86.41370197884525
85.15477875015081
85.04881770083549
83.29663023107418
83.5270707030577
81.53316621639931
79.73176005611988
79.44124520331343
81.15343755605839
82.16842158827622
82.10873837535433
84.72987065995125
81.5709480831581
82.08970099906456
82.18618410232219
82.48035333652942
83.6165742008791
81.39435055926843
83.49954393405339
81.4329897086246
81.47378054958256
80.84423723414454
85.01374370451265
82.5687127574579
81.46304660562502
79.73158283350352
78.91553203470015
77.98268212181435
78.74581876141414
76.86148404841789
77.17603764666885
78.70547486794669
79.3381102260445
80.01024805141638
79.24121671135735
80.05076176773872
82.74816065441345
82.95331894873965
84.14702576668351
85.24981533602572
85.37268849764149
86.9895987138338
86.17009795663044
90.30662296522794
87.6793411261651
88.91307909461841
89.21957976920457
91.8227946488597
91.1915077994844
92.27709733011268
92.42542554627852
90.66714399633638
89.42826266532474
89.38768336271133
89.39829391936911
86.66339079042368
87.99786755135126
88.97844020490662
89.31209295465601
86.91769141616344
88.442770414252
86.68884777575417
85.94330470053892
86.05563675121014
84.93245933686873
82.25192948067814
80.52163420243924
80.35862249355985
79.77489196562796
77.94699872845356
78.96957882622542
83.22953131425164
84.2255952569498
84.54217506345879
83.95771188002179
84.18807199980435
83.89799546399904
84.20936699135845
84.13128087424458
85.51180098844449
87.87359411166317
86.69430168913256
87.98113678933646
85.98934560271476
84.10775705669354
84.788641129743
86.04763505538091
85.76067984752386
86.108694100508
87.20322228622047
88.27921386307976
86.31007178593399
87.81204286084973
87.6408336264136
86.20848920113879
89.30142450286418
88.6240841124617
88.03352927898605
89.35654776828541
88.49135524990413
87.84104756943512
89.1694586309152
88.45118585813051
86.8608032036961
90.69938958127568
92.22594223055792
92.726068924281
89.89959663226844
89.53565528441045
87.03212172669143
86.69809749998485
88.99708430915396
87.20265501120191
87.65767175016839
87.56228445329123
88.9332794685941
88.06091899608779
87.38212758181426
88.59396564248762
87.9671255425203
86.37204302504111
86.27621889602592
85.34375216867423
83.7655966369648
84.72538587669837
84.85993688139153
86.38266985046579
87.52005752192065
87.1124605086627
87.66661482392234
89.9452180127745
89.73274384878624
90.24809473471561
90.78357432005853
91.93884736706832
90.62157648613059
88.58117148728921
85.5321137887958
83.85659123717248
86.3675250726408
87.81943164321547
90.32174016450931
89.76377914927268
89.934255531187
89.68040198597626
89.04575275005658
88.85742876767078
86.7567881759226
83.04390535977767
82.0722583136409
82.9926869105756
80.5720277805241
80.59562090626687
80.13335907805542
81.52030189796747
84.11980205878879
83.73438614656905
83.20373999941216
81.2335867056976
83.3547346397204
82.31443228902043
80.6314091173229
81.34368959538374
82.09457078792254
80.95318904754929
79.00390544518093
79.09492961900806
79.68272745055482
80.19686594884288
78.54661675645464
79.11225834643164
79.29527835787381
85.85509419453375
85.41187772686898
84.72138387575735
83.20050058502208
82.60952921346212
84.24428486814236
84.83287462115356
82.9821179631741
81.79534017604401
81.81582180920421
83.21317531392673
83.1978567743447
82.921095193344
83.51944594574042
83.47978724637797
84.38100959660163
82.6149068606824
80.79754924431684
80.54525520589924
82.98182949510502
81.7843978191511
81.10561552902223
82.65391133439543
81.07930119160918
80.73144607235452
84.00315516684637
86.85665360067846
86.30578994483405
85.8071294958546
83.86343073275995
81.68475685718398
81.46590294309556
81.069184629386
80.2937702266335
80.53106760581105
80.54924769755283
80.71393032363831
81.66702139599879
79.43061798455915
81.94793940056614
83.33459082102786
83.57054815378503
83.14900196332074
82.68283325197719
83.91686749047146
83.01254462385961
82.91858784767831
84.89062167330795
87.18073663931663
88.49066185430537
87.2233582916214
86.14436251255432
82.81526787140415
82.17967544780419
83.60152243927148
84.23760809511995
82.00992091400194
84.74124926470559
85.14238429429436
88.54575870619782
88.76424999724156
90.96183629829143
87.44111874226114
86.38757454111982
89.7055998711339
88.2952128333865
87.08398886747743
87.6187213327174
87.33655854858536
85.92106373959736
84.40445979926453
86.75909783418568
87.9683022899194
87.49618936698147
87.86493023006511
85.46866981303747
87.73889356942408
87.08630971100766
86.91220989297197
87.68801408778751
85.29652208125407
84.92353457941378
85.2007712340889
84.6205792338216
84.57042920535498
87.6987131111249
85.71422838164052
83.1279693002063
81.87430043280688
85.62456429210003
84.6970705208794
84.34279875352951
84.1233400907646
84.42068324482392
87.5071605648919
87.99149826813864
88.6896451325696
87.67095524679874
86.97685608801908
84.90133270310572
85.72261602976722
85.5394705496401
89.10650322697595
90.47579140646423
90.29569968230865
88.0558868292543
86.88911337408892
88.14108557072188
88.12451698425511
88.38991122559017
85.70554938423885
86.43478106566677
85.46824146652625
87.0479256685722
89.3264233215014
88.302888943326
86.87529097046081
85.78366824588494
84.28862977397718
85.7681241295087
86.60963856244886
86.75618243026861
86.19011684149025
86.93409789520302
87.53148145120167
85.77849171018778
84.03100352599641
82.79284206621838
81.34885152572593
82.35984104252061
86.91260053353383
85.73470708675895
86.85300593465021
87.88584891879766
87.24473563356221
83.9564755901478
85.57707874795139
85.3301498692992
84.22009437836284
84.04967684266698
82.2326607360992
80.65292617916398
81.41107539688547
79.71632430787888
82.39270214942587
83.65564942976523
83.81330595740386
86.39360267586311
88.53924247700725
84.97317498712542
85.02060366837004
84.46344446937475
85.30247268987564
84.49694535723278
85.79769800737982
86.64258018265261
83.64032801052922
82.48452986110411
82.88459344048132
81.92254734996648
80.93706660605434
80.61458432581492
80.46269966268015
81.5917123004585
83.824215883253
83.20863720231154
84.19129462229401
82.85529770369585
83.77609259073557
85.43569957315299
92.92424262634671
92.75545073020379
90.82994799543373
90.77861972486748
91.65318250615536
92.43865717591999
96.28858264007437
94.78766136746722
93.12549698737841
92.03304802819925
89.5673747868043
88.74967078715105
89.63498216523024
88.11046060690258
86.49726257652478
84.62137816370732
85.20680801053345
83.57963022510803
83.99428557857094
82.52721896413935
83.08243328251207
84.1100037468597
84.35018151259929
83.38093532271337
81.21159559485426
83.03750510528413
83.56151163243345
82.21714061144962
82.92217949703102
85.16771488523867
85.80918382784095
83.71841948936581
82.5845957019461
83.11716065174845
81.6558488013629
82.53719070540232
86.31887941936284
84.74691959487215
82.30226256689947
83.96185535237791
84.4404581391241
82.19650136531035
81.6884100407339
81.65970376497381
79.91830980254633
81.54874044338628
81.03398281353677
79.46856758628327
80.54200249926477
81.4279991215912
80.29930453829749
80.0992683969345
82.96667514672292
84.40387724971139
85.28299701654721
83.52112042535542
81.30883510189571
82.00375261129749
83.09639756507259
82.81783606543789
84.61410098795939
86.6242410517494
85.98360167084964
86.41002648342538
87.17264901834027
86.85419295131236
85.10455851729847
83.00629773935003
83.40694277038257
82.48219182131108
80.6367492140671
79.16805349304562
80.60483019515013
80.58593306704655
80.96128064955985
80.37001296411054
82.91709080234611
83.10652363699474
80.80737877285696
81.90276360166696
80.40210545412293
84.6553764896046
84.74852104897208
85.1633939340749
85.12631758930229
83.66735674802979
85.0583328827171
85.4275287422887
83.03572546029118
80.81444110312769
84.45836321387472
83.84929182416163
83.16615838199449
83.92596735467409
85.8435068478375
85.72498985127972
85.45075328414376
84.8199797227992
89.73182192040105
88.83883863792344
90.21117423183028
87.931903219544
88.26264300979435
87.94611409215449
88.11187244509486
88.14947225395798
87.76640686039937
87.09534469740487
88.92807071884438
86.76835976892036
88.7826409344247
89.94425377254075
90.11022284708957
86.6526019959291
84.8396205520554
83.98593511769872
83.94345953402498
82.77708428503513
83.67370548412511
83.81012855098218
82.94667378768214
83.27957864779431
81.95334445658308
80.1449368666571
79.77506227864014
79.92575240919525
79.95290615746623
80.05333840153793
82.07956629773432
80.19319634219674
80.54190372535902
81.2258813370349
80.43124700025193
81.83751233128889
82.9852194343326
86.75601097924769
85.81118328061449
84.70669178381723
86.17457232862324
84.8714940475093
84.85793424366689
83.03211416440432
83.22428047245452
83.70467429006467
85.18894265140831
85.50678797924475
86.66015193621206
87.09690217714842
85.4069724389206
86.42570016928586
86.50774211411792
88.87553880038408
86.88817959397154
84.76365502554837
84.46783411994814
84.88950990116648
84.1365680634968
82.98926246944946
82.3278170283388
81.90364970705505
85.0204295370395
84.53237338329134
85.03534372002592
86.24863369642307
90.65970057822598
90.1374822052818
88.41075237897901
88.04210226686159
87.67111755833007
90.92117177632662
93.23713608796406
91.1114385639826
89.27262498673538
87.67677018842451
86.46817295070622
84.60638636470935
84.47147853237814
86.25807085637642
85.59029798139571
86.2181318376983
84.54366476797247
84.10798618093976
83.34470775072612
86.59176645447963
86.84350132957373
87.04615666485094
85.37127666877512
83.03353326223382
82.16553511729263
83.3816709395724
83.8103860293812
82.43966918684107
82.45169914774179
86.5983328140421
88.43205618397562
86.45224988625806
84.18355917840769
82.18124612437069
80.80202566412022
81.72654868540889
84.37358144748482
83.41930276227573
82.81773729722491
82.17025725852422
81.46779941793791
85.62500576222065
84.44993890374111
84.54665945122058
82.35256119174576
84.39197193073016
82.86391384988598
87.04565964528383
89.34919924119802
87.66240640673713
85.77058188886448
87.53999035278297
86.09249538120874
86.19342901272599
84.64131971553195
85.11325605146187
86.08084010003874
84.77592681035895
83.62595488659066
83.07883666869294
84.34939169861795
83.83655087476647
81.45214333713393
83.94419643695642
83.46547046399797
86.51207328671953
85.3280977369374
86.58889460501253
85.5410188767941
84.36482833804787
89.71111876107422
88.89867209344804
90.26533290503066
91.5443110464538
89.85766248890884
89.06736282535536
88.32075446689142
87.76552956769152
86.6339292220252
87.47148961620796
85.95742625078874
84.32816159672319
85.48378964715785
86.40254159934412
88.58977049981412
86.48427859181088
85.30459521930038
85.05635171834165
83.89580015179574
85.355169482232
85.74855244165998
85.99485095917323
85.4663476342997
83.54883120880748
85.37822857663393
85.05300237649969
86.79665978958062
84.05041400199111
85.44420582810895
86.72404724738496
87.81588022293396
86.35537646046589
85.38054359347295
84.73587571526606
86.3731954092928
87.36879359898599
86.21895116316344
85.93762743383192
87.70263737065895
85.34356338273115
85.41571632445248
86.19771173364536
88.84294951413332
89.54297255937642
89.14168790092275
89.08210621188334
87.84275718761468
87.76013312334219
88.39942779234072
89.85963651927317
91.08473983918218
90.38844186221807
90.37078579430616
88.98622012694443
87.79185257828753
86.42572516778291
85.42492121873101
83.72901955097424
83.69679255469823
83.34278503889158
81.99492310460505
82.67764049418618
83.14991673712966
81.48789561876806
84.142553494097
84.8598618249367
85.33619952214033
84.67479309782351
87.37832816894817
87.22327057786528
88.29141607372185
90.78961624379093
88.78420289954796
88.01431021766041
88.27266317113886
89.46199459580043
91.20061068676722
89.43545523172118
89.24583081975875
90.51166750272931
88.16607583976096
88.22521481191745
85.19077760709654
83.73917797953779
84.20105039725283
84.4319467731219
86.28474925001146
84.96539976112936
85.11460922825404
84.91768343918699
83.38893604178854
81.50787864389281
83.54364615735855
83.46150762141858
83.64977343001921
87.0037623340861
85.06614304175416
85.13726020827988
86.05811999153028
87.62782160567188
86.1678335228632
87.59429988747522
86.99261318145551
86.45416705079496
89.1619403301086
89.31779203746528
87.17280947420161
89.46396958877561
91.37359388533787
91.3565233927592
95.2198866865976
93.13120133574333
92.33834156265016
93.29074008442015
91.97071690480844
90.15239425562328
89.08125278962426
88.53575332199264
87.11559615545454
89.70401268944815
91.3691828479754
91.42681337125056
89.72094530361046
88.94347232118221
87.85921301774006
87.84074499020274
89.48751988575562
90.18897402427865
91.62478828446174
91.1277450146259
91.95965050324745
89.46602108334454
92.21420514627948
92.34012499965135
91.43158023468146
90.40762447574804
88.65417706740106
90.0214317673232
90.9729296556139
92.07223510733824
91.33243272410166
90.63560261013207
90.43326678875877
89.96142311131206
89.58644142798829
88.61058596580477
88.25799837955746
89.52064868236482
89.23023041726826
89.0657648920147
90.76908942655442
88.88213867964537
88.629122573356
91.49564144546558
92.48836637809111
92.31123632842178
92.10460912775781
93.5815110218001
91.18188473503629
87.87798087439357
91.24030536341186
87.81792894415118
85.62449892168453
88.13577801725246
86.67228525421685
86.22862670790805
82.79097274776899
80.75924480687932
79.56693304937066
79.4422140646525
81.75053602159946
81.82668044133658
81.0968021002726
81.27513442499142
83.71173922951805
83.1976253245749
82.83062628827732
83.57532259630699
81.99332738985855
83.91756286408007
84.96664919933636
82.47261752584531
81.97371354377987
82.41732743306426
82.86257122383434
82.67307278372584
82.29583731596897
82.9080511929885
85.98354003048381
85.46036246939572
84.48213910508782
84.88626159945733
82.55073949306652
84.46974565126851
86.06645938977346
84.12584113079572
83.41074377240648
83.70033874082101
84.2334725132339
83.36688403104232
84.75768008816787
84.57634569328854
85.27030386448152
87.13931662353035
86.5636302619411
85.96709694209055
84.49783184835475
88.1714240857498
93.25358658829522
95.52850445423888
95.42125748048078
93.82450893723025
94.62012164684546
92.64303201486521
91.00404286861124
91.51278599052618
90.14236471816984
89.01538054254779
86.73332251404958
87.21825802061255
86.09488869743839
86.90888449237836
84.46588596306417
86.63049501414662
85.75802114358014
84.80290177462341
84.28214378672656
86.05177505986714
84.9728706955199
88.52512038533895
88.70214306574995
86.48304340866974
88.34157089747349
88.23409232078006
86.86247593758742
87.85756327705305
86.81605125839319
86.25407453425643
86.68399523586749
86.72019515289368
85.19106930219714
87.23487916862348
91.78605197563573
90.24530568098449
93.36185759480108
92.50169632961361
92.66177877678571
92.81306556671811
90.64903349614389
89.11929483712896
90.68330432665219
91.18720493962252
89.59956883151271
87.07598390613538
86.86095291863926
86.55646091205953
84.98333448057097
85.34611035092158
86.36703268606666
85.7415760752454
85.62491227192365
84.55928392464044
82.73452171742524
86.8441628076289
87.34618374079567
87.40877708812485
86.27007830520643
86.84181610714577
86.25603739586361
84.92519123312852
86.58098905559773
91.00214282395865
88.92634350960638
94.11767394594114
93.15929808057379
93.68359697635833
91.8026089283302
92.70144816963852
92.71709712464434
92.44808776455335
90.93324214424601
87.48884476367016
84.23656880932197
83.52234207291662
85.99288020313843
88.4344148711794
91.76871627597811
90.63366751425083
89.8301071072079
89.9545617384173
90.57079395458506
89.7410406933862
89.0213301793082
88.75556666179061
89.23078421632887
88.41636505397247
88.11370830658778
88.75275306731156
89.51257652493122
89.11618101918091
88.54822188217256
90.70912548444274
89.55601205903174
90.97748491689245
91.60145593034419
93.84959820812493
92.44673258314735
89.57578133149954
89.74095312393513
87.16397858093246
87.31391225525934
87.96095660579878
88.87669961472868
88.96836004827958
88.21658208007233
88.36115592556295
87.9470955159088
89.04933386353858
89.34349387444244
86.53915365027176
85.71737896887103
84.46212210132535
83.6139042042545
81.76058717289898
80.4277512075633
79.38211678049805
78.81661210197943
80.53484004647973
78.76852355723
78.45616545589252
79.34972730974421
78.30578411287529
79.38807225240635
79.61178817929529
78.59759103699905
83.18559412316627
86.24871118725557
85.86252472188806
88.92340881980302
88.38747578383298
88.18120145022635
88.08791547682652
86.84480726412805
89.37085911169257
88.13409654671935
88.04709176235096
86.13840173676414
87.24498049525909
87.59098694675254
86.18154854683439
86.9805562042714
87.60714679783928
87.36805965772344
88.39622576803028
86.90229577727338
86.97417756578824
90.16052436600484
89.99092412324819
91.15723744719976
89.77869142492314
89.73995308070019
88.67576150095056
89.82320436564996
88.93539653241638
87.04178726399121
87.41832603809456
89.34696730042204
88.96279532764264
89.83450409928714
89.58168564795626
90.06674368945751
90.22883731542665
90.05846309157077
89.35381808161908
87.13032284969047
85.8503701840956
85.13388611920166
84.46049410548173
84.9220508263202
86.7841612059447
85.36073267854077
86.00352244608706
86.40457724692294
85.62497377326403
83.89065495811728
83.68092589970927
82.7528052653245
85.67515321197176
87.49473497927573
87.18494666511035
87.9415621264592
89.52914092168871
86.93529154152273
89.76393621736477
88.25484655471733
88.76883892337815
87.91551400785274
90.46880432972588
89.07439517485875
92.35905433217233
89.47448727351262
87.67842956831721
86.16235416049308
86.91331138800216
86.59637919817244
86.5464283368409
86.0425716550624
86.65131305859471
84.32490832919359
86.24715778796556
86.62208185676566
85.46193548860691
83.72277218368555
87.26771230546143
88.32204233878923
88.48250344036815
91.74275607189651
93.14233054289325
92.83197226334391
91.16984646235112
91.70819854305029
90.32952774203952
88.29663696965733
87.91622674667467
88.73710897098317
88.31164869920156
89.95161465887846
88.46584643248191
88.024239957599
89.0872860396274
89.38092783202457
88.27883988266534
87.35018583717775
88.3389459745134
88.38706138502137
87.95370730239135
87.74522367329436
90.23220021232974
90.93001012091135
89.51591278740945
86.17168845218245
87.92019214500533
87.30989841312963
85.58820102058843
85.13379795465353
85.54852334160815
85.60038181510599
86.21881019851064
85.43964154622239
83.7109387211777
84.2200411342306
85.03070338491105
83.25122429370097
84.80900479761758
87.18293650395344
85.9012719484611
87.30622985406812
86.31541436865976
87.19753530370038
85.61469556701972
85.12260691194992
85.70636832242059
84.44067694785309
84.02618122604758
84.76445606093391
87.66166153112113
88.07269697585184
87.95131844030095
86.59373083707413
84.88418399589904
88.48688662737368
85.27972001834162
83.57385433449637
85.02910119096741
85.30788150111171
83.67135749840246
83.45954184522229
83.89837685716918
86.63534954377764
86.88369934722644
90.95637712347124
92.29690560959583
92.44464509244203
91.50399373297999
90.9545654118588
89.15225121604529
87.92302360129689
90.17953994539955
87.69923298269985
89.78216401229571
88.57036396144127
90.38671730288596
90.04040838217401
90.91128294291501
88.03341027195596
88.51354731382119
89.74180427182031
88.85080444639047
88.05799046126847
87.88571492756662
92.2272868025942
91.71280440703792
90.07595876939925
87.07030774113386
86.54442314174744
87.12072386494228
88.95899441359836
91.00482660023023
88.53158110347144
89.93799135174622
88.5277918785358
86.39746379294951
84.62553236111964
86.01852507298265
86.2931787477782
85.27038480564632
86.45275416600889
84.96902231044785
86.75315316755511
88.80654819466655
90.89546215510066
92.44609610952203
91.45229910216727
92.12252379916596
92.76176459164378
92.49324083572797
91.2465677669268
89.89162472315334
91.68194804882474
92.16400579688319
89.3284059098255
90.90379037572887
90.99899945214872
92.93980223038159
91.72044006982149
88.43264352982494
87.96207267820905
89.82677669621071
89.1620091308428
88.69057151531234
92.45309180282896
91.33347613446269
92.09001363605431
88.9744095230769
88.41817347297433
86.17530488877237
84.79033702722153
84.29809904384277
84.88153046578815
87.69820596322323
86.06923630733998
86.0659277940623
85.91951341602775
85.37482916186417
86.07376774908847
88.58408223338387
87.96957267633474
89.23592596772357
91.56810044447121
92.46353679780093
94.52566509680167
90.93245707569756
88.5957870424571
87.09696386142195
85.85677678463044
92.11431396112643
90.00836909512931
91.10687286652589
92.9448688842053
91.59163188299446
93.4022920314844
98.35978596817158
98.46511854721703
97.66379375202271
96.54699683708324
94.35884450660501
95.30040698233171
98.84062696658374
97.01547050898756
97.38500759217129
96.47991051662092
94.4578463823825
96.61170390162643
98.32560595992689
96.42579141916413
97.46841507836913
97.61091552481933
97.68266989536579
95.54527561393577
95.35981696687932
96.15271351671143
97.06243042179082
97.24540359077592
95.89671266739559
93.51569447929478
93.58694977959996
95.03653262156926
92.78181564521391
95.32392825365451
95.74278188930768
93.3523274793354
91.49712999176899
89.65558896119111
90.42811268575586
88.89306213120035
91.5748721643321
96.05869715030528
98.03996791675617
96.79951921199425
96.6053106202335
97.02920188723517
98.1502831895756
98.07631531916468
100.39037920682838
97.50983180314664
99.73099591979603
101.47929839369651
100.86301074240545
98.90768571884048
98.49338925404663
96.69510350006782
96.0272327152607
94.83954808221388
94.39139147836742
97.23145047618725
95.38434492805267
94.43061613989619
96.91683858499512
94.9819086555832
93.86379226204858
92.97424453447287
90.45202943519894
88.52790961926341