learningRateDQN:0.006000000000000002
86
84.87283194685644
82.57517237819175
80.02145639173901
79.42175181373507
77.530389481994
76.16116453464531
74.20958991695268
73.76828694261862
73.29834590300565
72.48943136487594
73.40636731446668
70.72504671599097
69.95385260153887
72.92165058127782
75.75837843023436
76.23820529713714
76.67132077912994
75.91464522751068
74.74778717038886
74.30081625102686
73.73231975110514
73.93813334477292
75.20860316999314
74.30242879462918
73.74731926510961
72.97049631549392
72.68545552872996
73.28891201750204
73.69445961663561
73.67534360107604
75.44614255328561
75.51091034744671
74.88327815070798
76.14932317369698
77.84864972952948
78.99937725088216
77.74158635546455
77.59763339242537
78.76369677959885
83.06149775110413
83.18285917496233
84.58895019784207
85.87613277023723
85.84157111776369
84.43886187316568
85.99229231013274
86.93948918966403
86.86374799076216
85.32729251053908
86.03304353021353
85.92396659824954
84.76068937954912
84.02250931572843
84.96546515388704
84.52150799521232
83.49399764064644
84.1240701340412
83.27731777745063
82.35127102962207
84.68139239742324
84.87496011032106
82.39664208039937
82.29815608964574
81.73732838212511
81.04829070781116
81.93741294995237
81.94220775071304
80.41656120111911
81.80536922307985
79.77353094556427
78.34059350303073
75.99769430213257
76.65630548866959
74.8609915184079
75.31534263490767
74.77495472110407
76.01121076995899
76.57446088878042
77.66268516965768
81.0122752796761
80.46007310382006
83.23257707904881
82.67641520970497
81.33412369942086
81.91664614774483
80.78325800740991
80.15619445439343
80.19152547821132
78.53236617284307
78.63018590734288
77.79321849469913
77.96865861603496
77.60073292137477
76.97072818263058
75.97333413318158
75.81115908579959
76.07263259907623
76.86696320196627
75.30512880640221
76.04839746666559
77.66764541221582
78.69991555133717
78.36901678738958
77.08517095682468
77.47809550129617
78.58712003274306
80.07005369314915
81.8269536392793
81.32780930853802
80.13091088258375
81.07549147864567
79.82849026510632
78.25073825000577
76.93844099239993
75.96575231517042
75.79872262706671
74.63979861667765
73.53806956080471
75.32280187996025
75.19975433475352
75.5782025986207
75.54744726768175
75.57046249197481
75.6770796740656
75.05764951028148
75.38216085066024
75.60646796530715
76.83982341119528
77.99735614335958
78.38057521660365
78.81881507462123
79.27013012854607
80.95603400906292
79.8647726249003
80.26334853093435
81.9040701163115
80.24969110528411
79.85699528092029
79.53902692863218
80.28469493719668
80.4589741218401
82.83864639054265
83.22928848218842
83.15387876475506
83.50726590451166
85.00523832424118
84.88422298594016
83.81531550734951
82.2060985250496
81.30695727980165
80.53878744835721
81.73211599432965
84.21850335587666
82.21419637729812
80.97973575001471
80.88047725988982
81.43636721582058
80.55621165826702
79.54212539318272
78.29272352637537
77.40862116806551
76.90032853441298
76.79172319183395
77.53460119389521
78.19828202093588
78.66698913988698
78.3530190146552
79.42963429554445
80.10758565915782
79.13863031657408
79.07457894476079
78.70732588534688
78.81453100505007
79.9774300151013
79.49499349036611
81.46461812931229
79.68825623030634
79.10959093063455
82.94912000658876
83.59849473497695
83.997965800484
84.04772243097271
85.95890569523957
86.13228646249715
86.47694855217011
85.01542562778833
85.29008169974183
85.75508150446885
86.84543420944122
84.74827588212096
85.2245209320978
82.98458529598467
82.59105855321849
83.00236226723595
84.61313606992903
85.352382722471
86.20949611491591
88.07470114004772
86.5750404886378
87.61637664661214
89.86978553300244
87.42277672870085
89.4973176532854
89.13870708758324
91.59602219055267
90.23705882948286
90.22084931908941
89.56455297325364
90.51987758643516
88.12139851768187
85.88481137160029
86.67726816612394
86.79087267856741
86.46106246335965
86.797711354613
86.56476707228826
86.30019863842953
85.7642030973245
85.9682000636376
85.63970998993241
84.93178372626309
85.51764478713064
87.31749983442049
87.406222249741
86.54934913970558
87.0121673494202
88.11395970079249
86.65680432248294
85.7944118001228
84.91239333682901
83.03490373342181
83.65356258805129
82.31778416666229
80.74675813302285
80.20989531930294
80.1334701326791
81.96368865772375
83.49799564628918
85.32572691084852
84.9826896631015
84.94176662910479
86.297525118085
87.21762743858004
87.03446533642125
90.18432891703888
89.43908494491839
90.3327270961914
91.62842831164365
92.7222801622159
92.78703810353458
91.12953341186214
88.98740640407183
88.58073081000468
89.33921577088633
88.82512719494252
89.59781015540828
88.28552634255226
89.22315418574134
92.20967552410279
92.29364682423792
92.97591337110661
93.98308383133232
92.18326148963766
90.90618312497939
90.01088733285988
88.91142000906092
88.63298025479969
88.83327047436738
90.53581093639389
90.39132353258661
91.09091406944144
90.63990153299963
89.47475904163507
91.08271440221361
89.94918464734464
88.09590920917935
88.9270793439528
89.31790344739312
88.54814245225755
88.52522709324865
88.21931974865394
89.06026231154787
87.80120630624548
88.13937372825897
91.28367850719249
92.88515975281925
92.38383600931402
91.06838484612646
90.76323099729701
90.24994585593518
91.38116935905289
93.58608750259737
92.92357025687008
93.30481391943104
95.32709767930412
94.24691935012315
95.11718673754335
93.05175482185375
91.60834423714756
91.48000877392495
90.25725131120718
94.17382967361566
93.21309700868152
94.8380622658853
94.84654386082858
94.07992267209625
93.59476116261423
92.05742500261073
91.79399814408704
91.66962997949659
93.19359053055011
92.22082524783507
92.29382062944939
91.9855708984193
91.05217017221177
89.55861383110879
90.55814185852688
89.02788612993949
89.71603762518393
90.82291867805598
89.33644272835393
90.31945182494646
90.04508904199282
91.91357438059013
90.09025438940446
88.60215348602074
92.78036613831941
92.29120048397242
95.03556247677471
92.89370982077483
91.23464106856491
91.19300885151691
88.77719317156001
89.95938654454329
90.30072163763319
90.60478866946808
91.46571278413978
90.48590619187146
91.76586480877094
90.40610548243205
89.58119349322548
89.3960946467183
87.58538840809578
87.97243030109621
87.47507729604288
86.6976793384604
87.34633495133828
88.01467795044834
88.24131993135632
87.92158933351529
86.30311443062824
86.99781884078966
88.35765513743854
88.38823103050312
90.421597326994
90.38109936275661
90.50420223441135
90.54889087099563
89.99417006985658
88.11529034891336
86.82293189929852
86.63997188785088
85.99739265168331
86.11511878924568
85.66117000438804
86.8798014035545
87.30688953577416
87.04396826935482
86.47803738201118
86.41437234199618
87.30674487239916
87.65654464798935
87.9896113557163
89.5364697866241
89.30596809671493
90.02074214557256
88.88404356304856
90.08583286662629
88.37637563983348
87.97651494411878
88.70879859252896
88.25375298443858
88.25210732537249
86.31827475064594
84.87710661265004
84.28934603955899
84.8657274296902
84.80483412374889
84.62277983095885
86.22687396468422
86.7856400869967
87.41638295792086
87.60957591125674
87.90220644921907
86.61138488832806
85.45341310596638
86.32562345110364
85.27395014793046
89.93484142785559
89.72982780284512
89.97023083207793
89.28961148678411
91.33186923834589
92.5173722498698
94.1325297226219
93.35388560112027
92.99516543168984
90.7308903101921
90.18940197104308
88.85033366824653
89.24716336922016
91.50659644512444
90.65840134154388
91.90332208127509
90.41236284223496
92.20152108907428
90.42024754487134
89.06999470166384
89.08229763988302
88.18654007265403
89.29679630869063
90.83640694550905
92.6814457686569
93.85916649013772
94.04215723829567
95.10543052295321
94.39280975335235
92.89815187160951
92.95340641142147
91.903000704381
90.71935419891041
89.23555918790923
89.29582011250307
87.93197477022655
86.56199220261921
85.74310385158873
85.2263492677896
85.5155647251846
87.49277697672976
86.44230461497072
85.70218906991411
84.32497318285478
83.52830849780551
86.48619073044533
87.18124780812407
87.87862017093765
87.6730734805922
87.36339764258818
87.57074466261219
88.2425311156251
88.72314272591493
88.48444003965902
88.61776702852796
87.38315288098795
88.7273232746571
88.79272163871023
88.91284596666634
88.20794632872008
88.03277566625839
88.81470947614798
90.05618803888973
89.29326989222982
89.54067899234104
88.31877108618606
87.63552185355026
87.83614380832292
88.5969670278929
87.8395186931995
86.95587453735833
86.55189512124689
85.8120760369578
87.49951549923017
86.5899723536064
84.89229648538534
84.74277363181602
84.90696774404138
85.13756311859589
84.38817372276289
85.49523160687383
85.64435032987423
85.01575096550556
84.62822552210956
84.16762915329288
83.20590400001419
83.36051100198551
84.54901867039428
85.3024930785151
84.21924497594274
86.18436412111522
85.58715566596126
85.30366593735407
86.98238423791224
87.5039454305581
85.51151816519656
86.06346440396369
86.34316772260522
84.60861605750165
85.8365513503737
85.8717443478205
84.90400807407381
87.86354313017195
89.12751687606094
88.6283200552247
89.7574301499588
90.25568945390094
89.93564404941954
90.16133693809513
89.11791160629919
88.89255591811447
88.74614170453638
87.43944835445144
86.92904049738324
86.51074980543457
87.45821372542136
86.84484529816517
87.0130377272235
88.80101157385786
88.05208156566464
87.59050949149098
88.42385333955424
86.91750614948788
87.32382811075212
87.34227195953417
87.70455723331315
89.6717796276271
88.51261021181583
89.36932091787276
89.4382746446862
88.80871206030707
89.95328088618486
88.38434782534712
90.10079200375013
89.44868319152307
88.67863396114778
89.04520542905068
87.76667455013363
88.50040437958734
87.63367158500495
86.63189250469514
87.35223411349624
87.2982862001873
88.02355952375262
89.23541230511451
88.18716790573207
86.655124120499
88.50891682241532
86.8456122643179
86.78960248889614
86.85536949024815
88.39291963582036
87.5558090509436
86.69247807160178
85.44684965906846
85.17518741176636
86.3428165179611
85.2678357478942
86.6200862768553
85.65719421109355
86.61566065932563
86.97520738033974
87.36837834904536
87.21560314074323
87.0517433083408
88.02862261800003
87.83868497486259
87.48407517973341
87.3144355358926
86.44360317629909
85.93907252289343
85.41751613892825
85.6461131862118
86.39713598816873
85.98550653305269
85.56287373496004
86.88372805267696
86.60974707973047
86.94206353134524
87.69068985539731
87.21483094906243
86.80587805770493
85.82384268796648
87.8097708318964
88.61625728028285
87.73468982530706
86.64603944759808
85.74079910125822
86.3946149935118
84.85704862285932
84.46711799219418
87.53070933691572
86.65458478449447
85.79114192889159
85.661978199022
86.20308394226048
91.30215947343827
91.29964647120522
90.87299310999232
90.19775815688581
89.60606145392383
91.12698485039539
89.84568300924099
88.90310655172321
88.92902827516609
90.46193101759347
90.600166396712
89.1530714583731
89.20860020687311
89.22427122263501
88.88351580771214
88.73713717332998
87.46830013744508
86.39666757353676
88.35438599179116
88.2256887729636
92.10593795677676
89.64856796261274
88.26445816544805
87.02793444154419
87.55274264869178
86.63245857265699
86.15834310225004
86.27690454822086
86.56022739171402
85.16274563742071
87.94010396088505
85.65935477772588
84.0691436453967
85.10492662658537
84.42495346183749
84.15525324060997
84.73469710844567
84.16131147560996
85.84789683201579
86.52978457464128
86.11197997021704
84.94778199223565
86.57915826216832
88.11211581769902
88.73526275017367
89.28867546044278
88.8632594885698
90.8729965237491
89.88759640890517
91.30483617146122
90.9183644871825
89.5317429734283
89.37099780706987
88.29579659155286
86.82959828860938
85.12384755843384
85.67344223331328
85.47765162418902
85.04398810988863
83.0722022595477
85.4836429537577
84.50357665537011
83.93140011837912
83.78270926721997
82.52073898629688
81.6575718477679
83.42006227583506
83.12463036782371
84.55249536700607
87.86122079426752
87.31130569382283
86.79059801138514
86.41834452236459
85.24413497164672
84.30512495991604
85.41915658040968
83.82622393720156
82.21090747810113
83.11037325135753
84.23051711427391
85.83959373095512
83.46710266867721
83.04831939600416
81.60594391279196
81.97519432415713
82.18729049043154
83.34819548064682
81.79603924997122
84.4276029517646
83.37812877278662
84.43632904645526
83.89375861175552
85.83537424155344
85.61282437576263
83.13730373801728
82.9042669872316
83.95599509964656
84.96815205914538
85.61244532355826
84.6513991720023
84.64556756266776
84.96930051765031
87.05197109943714
87.39595354551763
86.84248733955216
87.24707855285776
87.30437344275094
87.10354915002684
88.10088690685734
86.9490365539205
85.52600859952925
85.70463234190576
84.7035337213632
84.78026978890847
84.38578071294877
86.24999184317434
85.39354272775402
84.58221061615266
85.15125669898161
84.58938256199093
83.69200244876457
83.4575378643472
83.31848649472019
82.21433730809495
84.72595811027253
84.35951530254495
84.23597999079362
86.82414930520441
85.51877379628043
86.0595042430958
85.1951676759571
86.20198185953893
85.5964280178347
85.45490706132573
84.75344396589033
82.50714919910759
83.64626386736613
83.13046492707393
83.59039820404973
84.76464797611479
84.15944873092855
82.6788950754103
86.0196392738571
84.6966817052681
85.63120919844789
86.93034180084359
86.69626784590753
87.04604412574957
87.23361449010675
86.57528027601538
85.53714009895707
85.96695055202427
86.78364487845225
87.74975363033052
89.35443341731329
88.00246906190448
89.11593390490737
87.66559780665952
86.20426209996312
85.06838293342862
83.64454417020792
83.85862774389054
87.42371706643858
86.20349147307051
87.98180583648563
89.18735977356708
89.04325304091896
87.68593465481626
86.13285773911322
85.90084201006552
85.3474173624381
84.69304881217494
85.25225063633859
86.11593600013606
86.15937157289736
86.87895273211501
85.61449245355766
84.45650178568224
85.11210306908004
87.58545822838866
87.58285347818652
87.92719510387687
88.259338099533
88.07819626586826
87.550686570811
87.06384795275082
89.1679956993025
88.67253567485167
88.14205608727016
89.00235116174673
89.32709209338047
90.31400533866946
89.0232250382571
89.92914011946009
89.87932680394083
88.63936271928337
88.51347407584198
87.86058339350417
87.18932959338063
86.58136460373572
86.16561548757343
85.08163901586344
87.01960854172614
88.1793018060348
87.79727349941857
86.56014459230263
86.5841958422395
88.23116177317104
87.60786622554107
86.41308974475389
86.65089990718226
86.07012258772292
86.30638389510597
88.30465713117091
89.56473936404036
91.667286265122
91.13177190026462
92.11584865690662
92.85934229362697
92.35163682117005
91.46470236828517
90.59579529494478
91.61165211205189
91.74971757587788
94.2178125105183
91.45716819487448
90.98248712612136
90.58080604425095
91.19188004147958
89.90075723426799
88.84294194932544
88.46577629450498
89.89531816038709
88.32327690175036
87.94015384428154
88.19393264235946
89.3308357010238
92.12867122402835
90.56691342109
89.2113532746858
88.62122234346397
89.12146028490449
87.50977245008097
86.80458322500003
86.73212794767726
86.28320739247928
86.0404856821801
88.19292332330336
89.50340739806006
87.84207459671813
89.36576798643127
89.83342056111985
87.79692091045459
89.33333635545766
89.0770333321824
89.17437495131877
88.8324709171283
88.51324373132334
88.84415500773343
86.82039667160376
86.59411939099728
85.54845255174767
85.96432514687294
89.34053840021541
90.05677999089126
89.92459574535194
89.94188368961046
92.25776268357087
91.70446081822224
92.89050646665142
93.16870113233112
93.61688692057041
94.26734715392091
93.31220791515682
94.06531964626507
93.97387735583328
93.78884868852084
91.04516107313076
90.6189744982778
89.51017810986151
88.00182218110832
87.93787334263958
87.50277877159358
86.35406934930748
85.62136465988318
85.10354185784841
83.25321901964801
83.15988106060284
82.0258830179528
81.21126314539971
81.3047352649853
81.84223032249618
82.11916408160693
81.90464168147146
81.42887698272379
81.51511247332871
81.35897515897621
81.907559427703
82.9399316883342
84.0947737700015
83.41939684021337
83.23568870649868
85.27146478071545
84.56869379650172
84.59765527467837
83.86361308232657
82.43357134825975
81.62400861591493
80.2514222852329
79.51756940870936
80.94752740849454
84.50356143575799
84.08837075276284
82.64612052843718
85.18059187231592
86.44222329868612
86.83014619296983
87.82674648632113
87.65550022205615
88.52590479943237
88.08087400734024
86.43534801788974
87.71950368705679
87.63224742014309
87.51335219566941
90.78104351867037
92.20052181879065
94.91383863320675
94.27698559344046
93.84211811258471
91.66083520108121
91.17974462691268
92.83424610982452
94.76297115604572
94.02642399939903
99.42828430656347
99.21905346077197
98.4439733042567
97.40804254265673
96.2812567584984
97.19467413408707
95.88793449375508
95.65916495521203
95.89691094273674
95.0555655398166
94.89533030288001
97.96369213269917
100.12438954408954
99.04559426054752
98.4972998586113
99.06659897641768
99.74121478576913
99.16878187159718
97.59000117726261
99.07830034295591
100.5346442349288
98.54008121334964
97.00623674212625
96.23134499503333
95.08693069244012
94.59263088943025
94.37106684805472
92.93572510425321
93.82362532443081
94.43729088483015
96.99818462650204
94.24434547914404
94.22613994329178
92.98131549453275
92.96196976390236
92.57900794373236
89.97632305294589
90.30849343475323
91.76432334992991
90.90315777336873
91.03820651936142
90.69559841914813
88.4759560542775
89.57205412147401
90.5232586122812
91.08098845757235
91.47447056804079
91.70176953472216
90.35438222726083
88.60109093350349
86.13075187853252
85.71926124632951
88.84854623929475
88.74567395434298
89.49699495631673
88.80105425426967
88.29146925139804
89.01088815583068
90.20654323715098
90.88236246733595
89.90093283793713
88.377401142283
88.58142661956143
87.82296633438975
87.89173174917273
87.7521808691103
85.57739380791519
85.77522531500998
85.47014015126811
86.25541943587304
87.15311345408352
88.215990354053
89.82227855405964
89.99514416289173
90.0692806281822
90.23539765083316
92.14778560450014
92.63230396142764
92.08827285005012
90.85249559708278
90.52362251557928
90.19016829237748
89.93242512875675
91.01843878363745
89.03364093369123
88.05215077775414
86.94213836319312
86.21629507395579
84.86001886941523
85.01763930171666
83.71455031623357
83.3484251244196
84.94718133182326
85.16039753670414
86.11283601988207
88.09070182426507
87.378987513008
89.07496360534265
87.88010681169115
85.8667542854535
84.91553200465724
85.61219609099996
87.20553118893825
85.52666462765433
86.16950737310111
86.75966609055081
88.70924235533533
88.64319750277154
90.65587188426251
91.04210804352748
92.02625651853106
93.6025657718357
93.73731884930042
92.54982018276802
92.57417372746326
91.77108813421926
90.942708090636
93.14407383014738
92.90337941537882
94.83086313667621
94.844115291447
93.98666110587168
96.20121411148496
96.43003346318397
95.50431406240214
95.41699369498444
95.21338915789912
96.01517982187536
95.58633895399595
94.98345668824783
94.79415987113501
94.5219174453396
94.12578073374955
95.0262890498771
92.33009933152996
94.23313871661232
95.30717251214861
92.87182254736967
93.14641614052415
92.89888889126362
91.74329173204215
91.42120145067328
92.267257377635
93.24621486848491
93.79679714380703
95.87839757543618
93.85267873483363
94.27075054226435
94.69843205477443
93.0748729408581
92.83482177961179
93.69980212288358
93.98376944680975
91.48761587279157
92.55682723875427
92.1016434443413
91.9943361322611
92.28864906757515
92.999983685241
91.30634597731604
91.66289964604589
97.02068609108257
95.75870733171648
95.1096188837756
94.45619043656393
94.57348711296656
95.27251297637069
94.60618832646998
95.54248708375158
93.2740266086055
91.78149217237984
90.16680932513042
91.11232495952805
90.47966522677415
91.85087706405596
93.60420808091857
92.06888194412142
90.75458408168993
90.55814073031857
92.79039859691059
94.73670225322037
92.99170571867401
95.09798038433537
93.11242452411398
92.19120125972765
92.26266469380684
91.76601223715933
91.4130805038941
90.7171134556962
89.65662464465885
89.67746976987168
91.04229701310493
90.7524438643672
90.65804759763468
95.87067914032089
97.19246029767179
96.71350618385823
95.06741193115339
94.29629179975434
92.33732280628075
90.93299584811095
91.57836269014808
90.81078601843578
89.86073637914195
88.15538086048838
88.21409282836491
90.88090508924262
89.6896056811195
88.07194591107049
89.14104456387444
90.29494101089342
91.19050446950462
90.3740776338154
90.00603653567681
88.63854901978117
87.20454447393095
89.38848911563375
89.90623650989484
89.71402914186483
91.3502147115902
93.02063009493189
92.68836329991434
90.41873120668853
91.96511125327496
91.31344637306336
87.8904715512792
88.20494911321364
88.76097995722073
89.80154973140213
90.59638599982098
94.40913737272265
95.71568773970202
94.87947302619148
93.32307686750335
93.40970022792165
91.88700822523595
90.04430285380414
91.39962290328593
90.86393846331043
88.93650774705807
88.34356052866168
88.11196452377841
88.92351697946987
92.3273380186246
91.49083831381738
90.19929688837433
89.67682480574128
90.20723263210053
89.90193627906044
89.7133957501029
90.03190593701636
88.99287063873126
89.21841892423477
89.5937563126273
89.07549979635898
89.98496949553616
91.4351729317852
90.92846615618417
90.86070282708684
90.1225378303633
88.1988058196449
88.05516879279712
86.48356108951553
88.52908716974619
87.78278257675488
88.26294591900505
88.4852441559366
89.64615029611737
88.55273578941856
89.00966105847304
89.50300003580772
87.12371362690692
88.06608246769241
85.90676531061347
88.52503719296111
88.17285217386542
87.54808714588461
87.95814086928955
88.02296903405379
88.62913088021912
88.54944315120106
89.20498776060754
91.70313166909688
90.95919712296129
92.25882133830049
90.7143455344962
93.64220283988934
95.11162175913063
93.78055206133817
92.23086526920093
91.36066720397699
91.75681332977463
92.05911788726398
92.27971508548363
93.30278125847342
92.0232699438813
92.7558857485622
92.56281982961116
90.6102653380967
91.92559698997395
90.1646093014649
89.74815177542096
87.98366071039321
87.42188377790369
88.53759260681878
88.93455108772937
88.59354719410469
89.60930591698832
89.62982053305127
88.63490261908028
88.44540340511469
90.10726139759565
93.2187544504515
91.25221910909904
91.2852420516443
93.49163005619316
99.27738082109651
99.76566747983398
99.05627007434929
99.50256164696121
98.18243536687208
97.60100655090866
99.52463471807692
98.19906758365705
96.8393672789411
97.41649681084766
96.19232822373512
97.80926918765824
94.57104263513509
93.84996724624938
93.62777172809761
93.242091964851
91.73033294746419
94.83005220950545
93.02805135737107
92.06192982782227
90.75254751682682
89.59894495678073
89.77612905237427
87.51293297633855
87.89301458113934
88.50875961931172
88.12652945124961
87.49412533459088
85.89706469007842
87.38149243090959
85.96755203996706
83.80406715258897
84.74114509462699
83.40964486845164
81.97093085960313
83.24051820808907
84.74401166973134
85.30380054934976
84.9451509506732
85.5207874423532
86.38539051697086
85.02179645966073
85.05068267682904
84.95533158667452
84.66679383881257
84.68942956863903
83.87921224130021
83.63266926543066
85.41706950762516
84.528893767967
84.75860687970794
85.56878025920835
85.20178909025874
87.7441226002357
89.01287807499516
89.42706463992641
88.46504350055676
87.29875723022528
88.17512330164662
88.62941575817123
88.16690189074329
86.65641166385625
86.6338654797022
85.82600642164823
86.58139934287469
85.78352623060597
86.42454911310578
88.1000516942276
88.79239050467376
87.8995259701685
88.1035411529296
87.47649331853992
85.98175534146654
87.36655073860388
85.52595258659743
86.65925018628826
88.26326436433628
87.12252906878159
86.43997751977435
86.92123023533337
85.84234759549372
85.71318087524598
85.7691641899694
85.1363367030812
83.93747188815694
85.16680108071101
86.13345419130796
85.65686549425462
84.809640969574
86.7005761666094
87.6316094980617
86.50653646543934
87.8856990835776
86.36705386442802
86.93882821141582
87.72945159224359
87.11563328513755
87.3591763581364
89.54347998260766
89.54202219794963
88.65990356064005
88.60393365694405
87.39931991497188
86.80931798837796
89.85248013466473
89.27046016777315
92.29383892795377
91.76524183047043
91.37624369120522
90.20001327721154
89.62114847788365
90.29134258444371
88.97349037487592
88.08435561495844
86.7285722019502
86.45473258470466
87.77322508007809
86.26155097692497
89.05302090895023
87.75273275357782
87.19916100035842
86.23867694731463
85.29802540172047
86.96172040957592
85.5897161378836
85.70070232733565
84.38057473548677
85.17838306874943
85.12090553717597
84.77420724270151
83.41955820653727
82.31735160515566
83.51226536629507
84.23734377920104
85.66462337817212
87.50808098332466
88.40959498439071
90.77240574208585
91.24210036087753
93.06346921789678
92.33385004256452
92.27202507236352
91.09337561584698
92.85559776301972
94.37634514991782
93.69613423806413
93.51297289524413
94.45678410404182
93.97790876648078
93.248600341697
92.84096593100718
92.43780195825006
91.48896639953637
91.6463530513018
92.12438436946755
91.76961593893645
89.60912038407923
89.3401510452135
88.74291096717081
87.03248046373147
88.40186554478531
87.5039964119277
88.16170326690519
88.46957127411527
87.81975168187395
85.98152491115157
86.0085914221987
85.35793569953287
85.21805975863438
84.01334254805872
84.82423473219129
83.9463313888876
82.82021305295825
81.83549965147687
81.55142005076894
85.14238553071253
85.27050921351793
84.03971635224146
86.42856480578125
89.37314542488096
90.33295055622133
89.94498481143992
90.69775707262507
90.19781573819671
90.09041161110808
90.35954308713099
89.1370541157898
88.32874774407696
89.16479787260357
93.18084478684752
92.55733222381457
93.643800029599
94.09697058008301
94.35994200787546
94.18691884432033
95.1765345329424
93.91052796702863
94.7581706451809
94.92905612684844
92.98770416680142
96.33662619079243
95.33604914639048
94.32347052355081
94.17986383315801
94.1385442320535
93.05725646727444
92.69763618081316
91.66795620885115
91.62398556036047
89.36917266495452
91.08897054733146
89.4024772863196
88.79483791602556
89.1860971276499
93.6008719848895
91.46213664141696
92.18601885226866
92.53986356979782
91.88787628310659
92.0314759130943
92.22141310206767
91.10525906649433
89.62616871971129
89.13541778030867
89.65082322954454
89.93952165996542
92.1472304885649
91.57067082740717
92.29120380675835
92.20055497518953
91.63807369727921
90.65567867154502
91.76477609819389
89.56014772441596
89.61057551503885
88.44896256388756
87.77710350279504
88.15651001781437
89.64956870307564
88.80154000508499
87.57648080513383
88.56534207311815
87.8050852465032
87.60723400169627
89.0137807640009
92.2338767984036
91.57846443673586
91.85568241074522
91.95721184559731
90.59103147173202
90.25119952224337
89.95073017523401
89.42946770427433
88.43030920129522
88.38067736295667
89.39163236782035
88.3753480899125
87.53470019208082
86.48794436546025
85.95340491454284
88.66501594179732
89.15244317233034
89.59856347764202
89.35492871364251
90.87023170682649
91.49702585259354
91.71373090932637
91.06588898571708
90.39831239152115
88.46773894017956
86.74692720208975
85.29659329544312
83.44501554577128
82.81004620975656
83.09517644476448
83.66681010444576
84.24547561014307
84.62168029792014
84.0298502793747
83.81190567278996
83.43775421462045
84.65979919270032
83.96764416745073
85.97072265279256
84.84948343400688
88.89021718175142
89.93041562189717
88.30255243505748
86.58142595373246
86.89782886420355
87.76702708212056
89.49981812505146
90.72147106573972
89.42487728184474
91.13192745649694
90.47423320331319
89.76517665482098
90.27133129500027
90.19254563425406
89.2736851751821
87.31097679150076
86.40561466741691
89.48768603297886
90.43315839119907
90.83603702338968
91.03776376943819
92.66641252167952
93.50130059460687
95.26583434254628
96.13329471651362
95.86568064220386
96.37430842460935
96.60553562889064
95.48044578413923
95.21244154869818
95.23590392113701
94.74337643972217
93.1490004461533
93.66508652768731
92.83036105790764
94.75689429895768
94.20724086832537
93.30131831190022
91.74361128683417
92.0774046804979
91.26822473322726
90.21918422640546
88.51814857625868
88.19860410742196
87.8791344714699
88.56479358793213
91.16930204488933
89.21591865713624
89.9706776239909
89.41421845406957
89.85073777398951
87.69631355730347
86.64486179597408
87.71404202735302
88.65653038046368
86.52779657828196
85.60760064138255
85.74561944873936
86.52958392672012
87.08025418084793
85.41342471311208
85.62231558188374
86.35093801165478
87.01542012812438
88.38948881882112
87.68998498448953
87.94653180458901
87.65436348977104
86.69100288129754
87.86884124992622
86.65041616701613
87.75135964037324
87.17622543267159
85.69508122790133
86.5883739228414
87.309663376712
85.66933628454494
84.60845510116691
83.20564994996263
82.70871764106128
83.22801913066324
82.64032887713465
82.52535201601215
83.29580682139398
83.19261284426752
82.14318837338534
80.29048438291777
80.20899841523025
80.1138468659018
80.54839673389318
80.72891250484884
82.98716516884524
83.69752967922119
82.90790394641147
83.14102349772
82.43166276554136
87.198480629225
87.29309395034409
86.51428145504116
86.18002064074635
86.10734937100517
85.88934887839088
88.12220278745775
87.04790315255951
86.13023562533179
86.04540063839156
87.54073615723861
89.10473159159352
88.77005938258256
89.03229243097242
89.12638684697968
88.42668608223578
87.052397477302
87.1130293287152
88.44838927502673
87.3498793791877
87.89098824207237
86.77665556401016
86.629315187653
88.04391150029527
86.80370689363204
86.06951512032258
86.2526823484397
86.64024948561266
87.96271659815072
86.50492459525286
87.38467671836182
87.76028846653072
90.7578752467888
89.93828146854288
88.43668227828037
86.98009975876981
84.85155146779184
89.10459725872478
89.74626069473243
90.87455342409417
89.69921495990761
88.74577974747338
88.39485849631959
89.58052897549196
88.42943176756525
87.04864149819723
88.11137999880012
88.45700215013507
87.03696153961572
88.78970342690381
91.35587885972105
89.62488706719948
88.97413512028696
87.24036522764624
88.07942806351527
89.6643614108144
88.91036803654357
89.50286132287991
89.05279859501834
89.70092652743607
90.21106466476871
89.42369657644376
90.42570855011225
91.36386105508092
89.77560967336258
89.69213046029083
87.51078786506714
86.81063728665673
85.59969935054977
86.42178577461922
87.82079440251975
87.96802891304665
86.46267262584621
86.93966161398396
88.03392602393339
88.61328810216854
90.82553901096182
90.39065974332304
89.98760382242851
87.68911376026864
87.59297650135818
89.09345083198106
87.86493166278889
85.65952319058565
86.1045488928733
88.72003051569881
92.13349595136621
90.59630785426862
88.33273111897391
88.31269564413624
88.36684895552355
87.31472421298584
87.30736377344455
87.11768965859594
87.13980150289483
85.78119618575128
86.69200386890782
87.17841641958304
86.7677947393902
85.69542453711291
85.11784823483406
85.14557179145352
86.1002547763659
88.70840773014511
88.08572303410695
91.30087745927095
90.49712988712469
90.47968304974631
90.30677745061777
88.8162248950871
87.302208772698
87.75325481320313
87.88615736947976
87.51544720191477
90.07025572125913
87.60757174804436
87.52037693035497
87.62400073402927
86.10446507265706
85.24492614446669
85.00282434611228
84.88713400727424
84.47072614702796
84.56275596730556
86.12592355217896
85.37210765094078
86.00741315549324
87.91197375359297
89.5485214588106
88.87704322377145
88.49684065794592
88.04759877141257
85.22799152661216
84.52629430095078
83.85273125613075
82.17350577940364
83.20276032133076
86.45574222828056
88.80378291929973
90.58057964278848
91.59531496182105
92.61777726373417
93.04729665612021
92.80982180582501
93.46487963588494
95.85443357325217
95.23711093703882
95.78948332836077
93.9321210374755
94.78381036084055
93.88082449016217
93.22268989141364
95.89528048232506
97.47938995491808
99.42378071411271
101.57895245966502
100.33793681107802
99.16617633485644
99.50605897477237
97.68007104788151
98.26140527547157
98.35028636280339
99.19093729038741
100.99557127326696
98.36379067545711
97.84116473451235
96.76841742333866
96.09219135870927
94.53055245349766
96.8940751919386
97.29122795394365
96.98370214492805
95.16280578685088
95.85394223518658
95.74253887952517
95.29746098772705
94.69347235092835
95.45690427479845
94.44831248019378
91.68124233794975
92.45543459500558
94.04058904927469
91.98684802299704
92.12433504694842
93.68960806906195
93.84451815637932
92.97741876548167
92.52198335011933
93.15766660762444
93.02530305281441
93.94292783728429
92.71219940485905
90.62963180532006
91.98027001221277
91.06656556482855
88.66309565220331
88.84992237635001
88.26466339188346
87.49521197391603
85.73366794971146
87.46865549278267
87.29118937489115
85.60222812747817
86.33619389430544
85.92327418469998
85.421107326268
84.81022694703864
85.05576243337926
86.12672705492504
86.52459938569703
86.52731705870171
87.07627720809123
87.2355183266408
88.15341862093244
86.89934633315114
87.2487765913375
88.51392693532763
88.52131385657087
88.97427177815834
89.57680774952975
88.65175947807589
87.61722960111814
87.59463211397416
86.6761030841425
88.82897076448828
88.19000871332207
90.14933678749178
94.64537434089227
93.39183883921605
95.2249215860201
94.36142871818822
94.7446866626633
94.77177657083834
93.32712073901489
93.04925999854773
92.03193993803919
92.01157311231071
92.00992401558128
91.02806239153558
90.66279508918888
89.97507101797889
90.08234969216761
90.22857047328955
89.37396531980988
89.33401581659695
88.44553022257915
89.35372292964273
91.56870221945773
91.50130657677782
93.66146300356309
97.36188799658512
97.34156116415109
98.73520258275619
101.35615093318228
99.7743213956055
98.64992914313052
97.79419936387787
95.86758082142109
92.73365211897593
93.3180801457831
94.546797642396
98.89980880464067
97.31996772478787
95.70712178643991
99.18741406172441
98.26343791603078
96.64717277851044
98.59125056201236
97.16906886833287
94.39771757761828
93.53205209458986
92.99945243795965
90.7378078689235
91.14780577541312
89.68811857854678
90.78202676847881
90.4746187751642
89.25217439059081
88.43587618513303
87.42870555633822
87.86664108132653
85.35335906723196
84.96885850290715
83.90445681280325
84.54029523021231
83.84737134900459
83.64297660631722
84.20815463324301
82.77270547137836
81.56553128953432
83.56224011277811
83.32199552568963
86.51797135018433
85.77507036906431
84.32431962645526
85.41621270194103
86.24585259130468
86.54529031150956
85.51663766909252
86.7434192052765
85.22752890890378
82.96924651770874
86.74418678003934
88.95202193571835
87.59796226980882
87.86089327193287
87.79101656137823
86.91679675750052
87.0699253558909
84.79112152490083
85.22877387265912
86.45976190201927
86.49071987741394
86.81589951111721
87.37227569923066
87.42928616096023
87.06673955478158
87.53106586772313
87.1622828555624
89.22214672375566
91.34499887167975
91.90585845203195
90.0243193782392
87.90208114835765
86.9330598346857
88.62484907164394
90.47758550158358
90.42349370775018
90.06832143015606
91.70897462218747
90.3560469414654
89.8237691438816
90.32824159486816
91.07491382208741
90.64708745659176
90.51262669579397
90.0563737079399
90.54305570489245
91.70635087394035
92.95262824619763
92.74297039205685
91.98789091813016
92.97529366301923
94.07036653358145
91.477145241301
91.10932090972156
89.33659704728225
89.59827870891043
88.5518172940245
86.31796297171817
85.27298790301646
84.77213595878655
86.66932789752303
86.54695989351767
87.0786484133862
86.46381344957005
88.084187546426
89.53623465945682
89.11027725107931
89.92487193525858
90.0940584759133
89.61792536346016
92.49389925036961
91.01321906884036
91.00016059656495
90.43317915773002
91.3469281362701
91.66827087214746
89.39520331776674
88.0181125219856
88.18160521618135
86.41668118990304
84.91258966407507
85.72430707908545
85.56137100425444
83.19767590556262
82.04285906439641
83.40603295711165
83.67820322091812
84.27203104449747
85.73160620650062
83.76032723257866
84.73119083399101
84.68362136167863
84.35331624048544
84.42952304810503
83.71305212633841
84.81085124232665
84.83485927726629
84.75734076797131
86.51784676550099
85.98569148990659
85.5169933599216
84.91009313163505
85.07733785226071
85.2723798093682
85.16730513717053
85.38102540114362
91.69002412302241
92.00038190729178
91.71238743009087
93.45640914924608
93.39520224619973
92.36517655753416
94.15811544571149
93.26916294694452
91.0007036073003
92.34867232959417
92.93800080552701
93.16719137079207
92.08099074878278
92.92640527345583
91.54864746957965
92.46886036568809
93.40742709199094
91.809717353841
91.33441837616732
91.20592645019653
91.11166838315332
89.60180377780424
87.79892602716993
89.6795574151108
89.80836907801715
89.93529363068056
89.5544697369629
90.30396024364566
88.33879082585335
88.10249676977617
88.18580053340193
87.79300490158926
87.67186216366495
86.33354167960312
86.2018246082246
84.2210525473376
82.70032779907915
82.30804435806422
81.76097081443602
82.23877446459743
82.61209405752436
81.61240977140567
83.72647407716957
85.01272958302226
86.29368983697209
85.257253387985
85.53138954290365
87.32792618242853
87.88443416938384
87.6171830991465
87.76290900245934
87.22905030880911
91.41011633050987
91.6548216478293
90.14708849969003
92.66609343688751
92.7314450753086
92.91631728137077
92.80531235296114
92.89501493444264
92.35805231741442
93.8607578516623
91.93954746039402
92.9962650222899
92.05353747456289
90.0437800870392
90.66376264983374
92.113315205665
95.89116556806974
94.88482188523908
94.68871812217373
94.26001431478657
92.41069891584752
93.38999005795463
94.80248795069437
93.28330110618332
90.98151163984885
89.1171542335319
89.5808206044659
90.61193067010767
90.40916876104767
94.4992000969868
94.75503189161623
94.54328264077401
92.72957601758847
92.17559643094754
91.64365384542846
91.33678590269847
89.82590699197068
88.17870828724223
89.7959696463303
88.35904091594179
90.96307334565034
90.43309758225618
88.72343666935137
87.27360922628021
87.64067334570527
85.64922582528192
85.79881686550675
84.59264057418386
85.57593930854239
85.49148048108782
84.83877305412919
84.40454136891631
82.98066577115836
85.15969758571977
84.01549883017583
85.27452572535125
84.5062794057165
83.59858686465373
85.80799226760347
87.6392114114289
84.62919177730909
84.46986309123095
85.81563084994312
87.02980215474818
88.6534074475391
88.56377528559526
86.42379110989854
86.1197471847895
85.41206650060658
85.02464438027158
83.86812359285163
83.8961219682757
84.23998610950233
84.30256170014749
84.1716278444387
85.2226490592943
84.40298932132993
84.94010471402484
83.70275039951252
84.11795876325782
84.60857353772865
87.03819517553822
86.49713960674272
87.83300289355124
88.22747937678575
86.77990178956406
87.44721025949353
85.85412384156619
88.4603465920971
86.47282443069464
85.16191969457898
86.71616482475658
87.23123499753176
88.29779160891404
87.48276437998227
86.36714377742136
86.40305430401862
84.94677144449226
85.75837378673211
84.26480835233254
84.90336203306299
85.59348677476504
84.60451046331671
85.58326107085995
87.32231159540743
90.72539608396298
90.93133869122954
89.06489985566141
88.22670668546745
90.08792214702223
89.5827763695103
89.0141939424079
88.34794324611994
90.26884773384279
88.98974948885014
88.40961354387608
87.56678953022258
86.13501426588475
85.70202029794547
86.66142591705132
84.45665254876974
84.39111234846635
84.7453929378212
87.76734998745819
89.59743172941293
86.79099949232781
86.60393878121815
87.0560899989264
87.31016536470108
86.24520987124522
86.22515393282366
91.30117288036512
89.78059264474172
88.76481150010952
91.93791268689891
93.69180277128568
93.31549397476157
93.00766210808293
95.09712555219355
93.07921333018372
94.1878579882388
92.90053419944978
95.0158794784772
95.18620329753338
92.80716266369132
92.58960672142037
92.85854926944492
92.76255248078276
91.2997290724074
91.2762137398791
91.77542661516013
93.61092010174455
93.70791453290961
94.14645141135024
91.63344636351752
92.21132904189847
92.29853417155033
92.7848083981728
94.21911264034277
93.33611011885007
91.10343214644305
91.42840900383294
91.25769246821841
91.84371946435591
90.57200953763086
93.06951934481265
94.61253089715163
93.95183025877525
93.08175453249562
93.88751644197913
92.24943530442563
91.69610490949249
93.26517893643339
92.12671589530476
91.97883858952233
91.2725088747987
90.38980228596735
91.89051031572795
89.9032393870231
88.10734321439634
89.62837253758772
88.54501631873055
89.45559611588028
87.97554431170951
92.10059683226034
93.24876334693688
92.82569381906913
91.60838983085526
90.5219353821989
89.88581765733227
88.5234713229392
90.25451518641542
91.38125357009294
91.23778264990884
89.78807734572109
91.33333446152626
91.81485758299137
91.57669776640242
91.95628923240261
91.9639143664846
92.49016917154405
93.40970706969713
96.18442337424658
95.01228448247524
93.68921219162976
95.3259169451678
97.55882895635463
96.17467802214884
99.95030724738785
101.83467400683972
101.2952329664143
100.93824118328914
99.44135557425089
102.60992364711453
102.68810957189473
100.96442484078125
102.38067243923469
102.27520488067906
99.28853540446038
98.81080173309314
97.92807877335893
97.15284320350064
96.05186695415583
96.8879029079175
94.88103398132348
93.83971698700076
92.77414419021059
91.02105965173969
89.83554313791024
90.66040246734923
89.18944119148169
89.03124808482151
89.39372355578377
90.68362076165235
91.75679312881125
92.28596450597877
93.18180109551432
93.23431597643531
93.80964010217664
94.26774041360996
92.09425777247986
93.23123145924156
92.77466701309349
92.87915161911369
92.6740032100959
93.94498621949309
95.10049169397436
94.76131196766596
94.48312879767086
91.37155895377914
93.12165732879878
94.39990314138278
92.92837587362844
93.6595765776493
92.7885294745058
93.71896617142883
95.94917860878355
96.08780820483328
95.57046884906528
97.26130349137327
95.14990090254125
95.78010157339841
95.04234442796343
93.16434096665407
92.38583379571321
92.24994655305413
91.74537810785984
92.86822773612816
92.63460547085732
92.22742726827579
94.24155269195401
93.57473371172134
91.49132626347557
90.52285959772999
90.46245478425536
90.84470331147573
90.15271085351243
88.50444174721423
88.62324182936203
90.79401868220987
91.63223895086237
91.74315937032965
90.49390948791208
90.8005216137708
92.68870474109349
92.31908749262473
92.0152018499239
89.23333215140043
89.68165750312761
88.01414317180479
88.06487239852848
87.116305907259
88.35456516117475
88.18937609312073
87.9634357374925
87.59445068390565
88.50128073834892
86.27910258094548
85.9649175851948
86.49729328932561
85.76621856548083
87.99156537296332
87.6981392560865
87.46719034365539
86.41325656867441
86.95490611037035
87.78437793056845
86.43593746828698
83.9274596414949
85.59251668804575
84.45478718893095
85.25846406186842
84.84160214949058
86.05004146556873
87.64261608943136
87.39017710362117
86.61984788446092
84.7832232656732
84.72650474533192
84.35831807767973
86.93151007489108
87.07323711188027
86.86620429566187
89.34112480482017
88.04723635437878
87.5072545625432
87.53833547798013
88.06772428748023
88.3898974812072
88.38198855816331
87.92948851019456
88.82272556607614
91.33408597035331
92.53701850415749
91.38911734433835
90.25929421326008
92.69011956796572
91.56217124767501
90.53181581369145
89.81649267942085
90.93959566530735
90.67750747933712
90.74588221681539
89.79010802080876
90.4791138476277
93.47538552990025
91.72226322845795
91.30067000820713
91.80992986415595
91.12565578344751
90.99989845356622
87.94083331608874
85.63252146308493
84.422381525759
86.25735813229306
85.3066036080713
86.80870599294421
86.08468808416866
86.99483710724935
86.20081200972191
85.615232669878
85.4646175599441
87.59950896018418
87.55130707420199
87.14353948327518
86.09228779257698
85.68986099790854
86.26983883568722
87.42586866256386
90.1564334670632
89.57120686369372
90.24350354173984
89.70831757926042
88.89259763384403
90.21692648015421
91.02967216011595
91.50965224641774
93.00029103036519
92.97865445693812
92.26304021113128
93.83975557804128
92.89539766991426
93.87421567121797
95.14638399752182
93.97860205018397
92.30964740660211
91.08839263017218
90.34921503019416
88.61800705661273
87.21712162714392
88.67677423230123
89.8941580024372
89.34371802262994
88.9953362133077
89.27351190295082
90.20394252916857
91.66272741813059
90.60150122203285
90.4009300487022
89.84042255417184
87.91904681634603
87.00463953133068
87.29631018561281
87.66676931461053
91.73463946354273
91.6099554343565
91.44449615234427
90.0185338203374
88.52336045846333
88.83163127229626
87.11324324130958
88.19572894859115
87.33096734615896
89.54119723803423
89.35615090716287
87.97869865294379
86.98227313678254
86.89943250121962
87.47046501911356
89.82369751365518
89.62319246901697
88.86692747813126
87.38828832627141
89.01399824586382
86.84056409946767
86.02325820345956
88.23069101101383
91.64844450772289
90.76466396330737
90.00054731809779
88.88759470042507
88.43878314985008
91.24021836962997
94.41921046795115
93.7877688509665
91.82520388222191
91.77730171936498
94.50571950760107
95.88924024996766
97.22417508746608
98.58010649952435
100.6810360599867
98.4868369726967
98.4359159921455
99.96055975837425
102.9673539475903
105.50696727364611
105.91279887766186
105.13623187057644
102.59984544826851
101.04182890553066
101.56909719564733
99.57071239374903
98.13642145046406
97.49464261273785
97.22936863371875
96.28154446978311
94.24797636388766
96.31811762523307
96.57913174172819
94.99118787031307
96.28693653566937
97.83839706938825
96.01568332359851
95.3237905725749
96.16065823389911
97.13311379316593
96.89206990398202
97.31004625061752
98.26723155489869
100.0108819309634
101.1367384570238
100.39812822303213
100.20494719998736
100.73974752233205
100.09157567233143
102.13412511895817
100.789108430033
100.47873063813445
101.92394689828657
100.70898380477053
100.31642964776485
98.88419421514607
98.75415210551041
97.2576382342948
96.89060087696203
95.68849961239009
96.3813978313255
96.23276839027896
96.84943226114811
95.51191136581944
94.75688754405935
93.10232343608462
91.96468609051546
94.39403881689206
94.7321604164764
94.04845431504886
94.01702346041806
94.86791485881201
95.74750969382792
94.0849046346322
96.19160604202595
96.64333100768096
96.2762169773475
95.00321033622845
94.62045083212597
92.95210181343349
91.82921628314847
92.32382142508085
92.21653055196582
94.30424982217778
94.67934734422164
94.64946673883064
92.22398764799206
92.420045354541
91.72374244992565
91.99618619803526
92.87782881716555
92.03313132251397
92.92376231757524
94.12365606625659
93.55359549322435
96.66779557656244
95.94497222658514
95.92292345222643
94.90738502301839
95.28171408919415
95.69565219886269
95.16230156229476
95.9529170500526
97.75204938576483
96.33162743135996
98.90274267331218
99.09115584721407
100.15967052187273
100.27759234858055
100.19855322102025
100.78050745918539
98.89588495333344
98.42498269953056
99.58680036577823
100.75991854383186
99.53025478615706
99.37962921997467
97.52499519060531
95.91001438249044
92.73995763423224
94.97281542114678
96.22620981713331
94.96308978492365
96.35525835726719
96.10678743326622
96.0930881160324
97.29699713795807
95.70239187821088
95.83248442337948
95.13389461936552
94.21644484829783
91.88211442624514
93.01125851272683
90.51852077629243
91.11059756084646
89.6843974586635
92.49229506221197
95.39588649308514
97.77793634315269
96.26412090611664
96.40599284928504
98.47112092394806
100.84138397532543
100.00905798679152
99.83526139955826
98.89896449967587
97.49566888465374
95.82648521912668
93.30506932813701
93.69891308108731
97.04945931244433
96.94282848227972
97.50015193187733
97.77595954288297
100.13030862040564
96.57854215794073
96.55283208851681
95.39166573470249
94.59077786773888
93.9654114437589
91.96654266203515
92.59469843719504
92.56183668400996
92.02358951086761
91.94247109737073
91.96410812084717
94.10778663147109
96.47295773907564
94.92186235512638
94.23967262742701
94.83683760729991
94.91874694269647
96.08666111365918
94.74807306978745
96.2716048025621
95.09012906454718
94.76506602623571
95.42924955718117
93.93035237968444
95.22973527506211
96.6633149881732
94.32039339580496
95.05945235753353
95.45905848458592
97.05960470301639
95.85080292206626
95.83253294836958
93.83401152531115
94.003994694537
96.11559301345962
97.12680925971429
95.85061713731025
95.28921357677424
95.9269490881652
94.23562938352867
93.41232223047476
94.56056238754361
94.56045435886898
93.07669639880471
93.52766403943927
91.62978149583002
93.34384529372085
92.86415384236628
92.64561568014756
93.52677700008998
95.1333871074201
94.32439861294327
92.81882851021032
92.13169793358048
91.20651974120109
92.8519044914045
91.9601460185178
92.09595795426549
91.81668239604026
91.32309272727649
90.69041820510343
92.05413655242671
93.49217355207607
93.46125732473295
93.16419276564375
94.01887540020172
93.33061834450287
92.9143457581329
92.49684624629509
91.10475364632697
90.97428350596518
90.92759987333406
92.15164278389841
91.99805559154241
92.63732728222311
95.33951124614605
94.75863300597
95.91239739839489
98.08484337876747
96.97773041386515
98.53804238918808
96.20872866247107
96.54849877682712
97.21718928950295
99.57765459470673
99.15658432325941
98.90570414427278
97.12327298957986
96.7262400770745
94.61582442772209
94.26107001877628
95.52604842423504
96.84307904077805
95.07908814996205
94.11863138592945
96.23828484901236
96.22161251915055
95.5259410049399
95.79446825115417
95.66683752681973
98.34820407826143
97.6902532464644
98.9860649128901
97.1786164749046
96.43129071432438
95.00333422362559
94.5116048636539
94.16419062738606
93.85074037879143
93.67370890742279
92.48489415069494
93.09710466378371
91.47894752224322
89.59148196151514
87.70076479379756
88.84289739882306
87.73180219583638
88.10152440505708
87.38387723524382
87.24708383062263
86.83512295496946
86.94513458081146
86.91765354249746
85.17819720688033
84.15665705669744
84.61240765497514
84.80600611382852
87.93452295712059
87.2456042400962
87.2730203557011
85.26170685315034
83.49123399950861
83.71343555674149
84.78644783772354
86.48713415652425
86.12350481084603
88.52183811469915
88.70842696068561
90.5071643920142
90.65918247640606
91.14894660237147
91.72713761775591
91.53446354209053
90.80330325849512
92.7970450200431
90.42453281246468
88.64181914607504
89.48240130048916
89.55087125729622
87.88236825361376
87.01347049735848
86.10543779271237
85.09512416938563
87.99165822493788
86.993909007396
88.57549862032968
88.81006003505314
89.86298423988673
90.6401411561202
90.25274349818008
93.4349166795323
94.13041063055917
91.47259378495296
91.20781338831799
90.97515192176196
90.89632028825571
91.39659947007075
89.95854127280836
91.35185922102815
92.62262827716219
91.82687867696927
91.7642497170131
93.04027973449818
91.6083498947178
92.78211124446804
91.2908299463548
89.96242489855392
90.1678750659571
89.73681384545644
89.2103158687953
87.61317408676
87.31930038596596
85.6315188043435
85.07079755059343
86.37148595999443
86.2669780513158
87.8957567781843
86.87244844322358
86.04098638932876
85.97272446508201
85.86038587635312
85.2880386361064
85.36260591484853
84.7503545583431
84.66123763168177
85.00147100234699
83.44623127173462
83.58651303863363
83.11069273875121
84.389061497479
85.45492123298192
84.80201476622048
84.31758662355266
83.36599171336509
84.41548748173763
83.31311399202147
82.93669087639398
83.49923131223318
82.84908786530582
85.06089610406248
84.81249590797526
82.96876260323872
83.5014619000638
84.15852788802464
84.58290883604187
84.38775751592881
84.54159552698636
84.50164235643005
84.67392025896292
83.71854419050968
83.54045255533009
85.88722000176088
87.67679095284895
87.45797571561195
87.55800185462982
86.68402969368583
86.22266429131373
85.40960433119139
87.24698567822755
86.53053739185195
84.9628422843849
82.83436256300634
83.66758937871779
83.37141919016773
84.05046002752361
84.17997182494705
84.88072491145068
83.4901194633753
84.19037745828915
85.22422968021547
84.41664885074633
83.8216592093059
82.68997696064285
82.41282334888773
81.70414863712313
80.70317246560059
81.1895542141323
81.60815094427048
82.36273376178741
83.48263474440898
84.36449564425507
86.86988910283657
85.54777954905327
87.30702903471989
85.80292196321086
84.34707476340586
89.44928051233798
91.26698429939063
89.57197140326717
90.60286050883334
89.44367039395603
88.13349123399564
87.54724508862245
87.9321703300557
85.7723358736398
84.57030059416196
83.62655911762285
81.34304929919365
81.27573862060451
80.96376691623477
80.17828062942678
79.8117805099594
81.52235616259748
81.81328868869163
81.99712134861807
83.21843807205545
82.13585614233043
81.33062951422092
81.33219919743088
82.7703198045331
80.62848457843869
80.1428004121178
80.39221768603237
82.61809775002055
83.16596948792949
82.37243755699846
84.27282700239765
84.16372623962329
82.75922023963004
85.02972570355146
86.16615279758075
85.5772050777526
87.3331706519191
88.68240479549439
88.53659717364113
88.97475175862438
87.25812782235664
86.74951352630993
85.3533666894588
86.78253313594209
84.89270646909708
86.17994589334852
87.43561684631025
85.32455430675628
84.63632372852294
84.96583637647208
85.5554451015602
85.95441221360664
85.56261225561819
85.95263806028979
85.93184932009022
84.7676640083952
84.19377799990576
82.8927287290173
82.50319126097804
83.28752459482315
83.4808749825983
81.72033709842914
83.08311890551768
82.88095112223962
82.49473273907932
82.27805731817871
82.96593542133876
82.46494102461993
85.68941484786215
83.83123247313664
82.98877237543756
83.49687972620885
82.76705701664804
83.40445487554776
83.78816147541468
83.67670777778173
85.99027016274117
88.11553409210725
87.37238479773274
87.19798337883852
86.57368405862513
86.542425487296
87.71755237832846
85.94101176642076
86.96862387708983