learningRateDQN:0.005500000000000001
48
50.49411860210851
52.0638382007919
54.64958999799691
58.156725982544195
60.75432606304801
60.22616843729416
60.445433525216735
62.53310202421266
63.08292968081586
63.33662955705405
63.18253894530231
64.84822729797823
67.99747997778192
70.87198333258611
70.78844659114067
69.20548754423052
69.81552363474255
69.29611288168924
69.28322033124745
73.12611684548598
73.73461369743622
75.26765205779705
74.72032819415156
73.64404530713819
73.77548147138243
74.9745118630991
76.05553044632366
76.26784018179535
76.67629251303384
75.80141573736267
76.66996065210157
75.15396829795063
73.66195199006225
72.62379678585715
72.78869854331501
74.05360242536086
76.10297165128476
80.07727216024172
81.90890854303527
81.73653754448455
80.4806249756852
82.59977833183288
80.88814538573124
82.03072487984633
81.64614494978846
80.74749941576036
83.56339707176576
82.40868477489506
80.35008310583876
79.50987645703167
79.57805566855296
79.0734049654313
80.66565798392453
82.81557682780452
80.26969554188888
80.5227066791488
82.47532597774534
84.88851217281457
87.24911898370638
85.94643940390488
84.65858576331371
83.6522892714956
85.62424972702662
86.976117553771
86.21216558008668
86.25047587145673
87.11478825942453
86.20770634820558
85.7130365938571
84.04934352084356
83.17731173324002
82.7416841816935
82.3012536630481
83.08623859069276
82.45512424400539
83.90415400978607
88.96673759648483
89.67627383040808
91.36667351285004
88.70684761399421
90.67248878068936
89.64516118817468
91.13487064807899
89.48024381704788
92.75049059064972
94.7752306799045
93.5884959452339
90.76891539309725
91.63286487554316
91.15815809813793
91.40279312517707
91.43161808669588
90.77215811069283
89.45246250713429
87.45711240650306
88.38806568749156
88.23726163050819
92.26394249624849
94.0783267714404
93.8105423649269
92.94651326652442
93.4320496637458
92.68112566626549
95.18322646570883
96.39322012551358
99.01589946425968
100.46977448167542
98.42179515167366
97.87299845084844
97.01812552029894
95.20839429875674
94.38249792515647
93.74616170134912
94.51717744390858
92.4411697717623
90.6891948101715
88.46935406637046
91.87587195920047
92.32368356607789
90.83917716428087
90.06419053633894
90.11025888110714
87.97487863091168
88.81190907811721
89.77908634021671
88.24711151736429
88.59646625995211
89.61389653765565
91.71661836110759
90.49702971903989
92.95065545864084
90.820740407177
89.80921306931688
90.81949972378308
93.7200061535485
93.86595227070431
95.91271372916651
95.60159290769482
93.73233384468264
91.95825758125908
91.08507491382422
91.34911209170791
91.96677218641157
92.15500997205059
91.15345333562563
90.90643655243699
92.46548496694814
95.18928808394395
94.67907561283104
96.90827646604788
95.62663924748512
95.72460413481585
98.12350547766265
97.71278264508918
97.03571444067488
98.16377776630995
98.53160108524352
98.5236680787163
97.20384593722082
96.16174480844418
98.73965076897323
99.86862150903056
98.70709113720173
99.50197604280443
97.97715813588646
95.65234885496714
96.75743576297225
98.21995503349986
98.50985904090933
98.67671307953835
100.51672686818559
100.97568007936219
99.31188705023794
99.40703778503705
99.88560997702933
100.01851592657098
105.11770009648899
103.82387270605862
103.40961525576299
102.24723611531715
100.74710548483483
103.25396133465833
103.10038999570376
103.22147736755572
100.38771179824268
100.66717134788243
100.89044051404251
99.48701737747928
96.89342551886435
96.47318014773339
95.37186731324952
93.45784123503552
92.43970660104247
94.49245353088374
93.49464914193662
93.4106552745769
93.22009277903688
93.2782085998241
93.0531241707032
93.76195156557348
98.72234292369608
96.15816323706242
96.89676965063585
95.69720799706585
98.25567792677217
96.45279914733638
94.60171519024232
95.84003584287578
94.13645494086592
92.11017187323205
91.31949144262873
90.50218188017845
90.41576084231833
90.47906597046854
89.2560119866653
89.63051957118941
89.39809238606139
88.45723707385167
88.25859709249856
88.94601429606848
90.37575743674662
88.39982762369263
89.59602461185301
88.94944208642866
88.08728781784605
86.94469975413796
87.4469247269414
87.8239567197356
88.185660622613
87.94303748593475
86.91178307766762
87.93524040253243
87.5681896487644
84.72711411415725
85.28627735435512
86.1632771363737
85.09019216358791
85.3163080606796
85.14043037543448
86.14193315943966
86.42705330244172
84.69785940715013
84.08470894329898
85.39214411796563
86.83224884629085
88.80874693303618
89.10821631518228
88.78510574124523
89.61304841585337
90.09684537368466
90.39766896442046
92.00319640741611
90.59598415907442
89.9348656733443
89.62806895249129
88.82496200104384
91.21638581988194
92.01164745984498
89.64442141364077
88.0022261292351
89.62648731148322
89.25548271955941
89.18931493789633
92.05956550579988
90.42104099544231
88.57617293419277
90.5225110906496
89.36923077729399
88.0367992994138
89.41104602179557
89.29062608334169
88.13069197941279
88.67060793933507
90.43910670005457
88.95136346805553
88.04133485209918
87.8215110010519
89.76011647796516
90.35365120850861
91.12782750351248
91.18133865205168
89.67405965500078
89.95746507573917
88.77749258189162
89.44324681385456
87.44268706211567
86.26125892503484
86.0239466958617
85.23518885829
85.94972132182828
87.07910190680606
86.9845385480258
86.66121036118423
86.92123796267039
86.33462510161327
86.66350197628616
87.86757538131734
88.57561016587421
89.05262852693913
87.93918348097887
86.88705943711476
86.30403115143628
86.14087157111405
86.46397442328929
86.49278808007918
85.28398299442524
86.92836165016554
85.45425045334207
85.6564763704909
84.1356063490684
86.464015782221
85.98241487553229
85.96936046188614
85.55867055483603
86.64614489116877
86.90943585430077
87.88752115668618
86.92575605214225
88.04416167082586
88.1512336572808
88.4612942695481
87.1267114227914
86.5413374938656
86.0759351688668
86.54023852197551
85.44848365149511
84.43883184075374
84.51930721231342
83.84693642490502
83.19198605167556
84.38597003333898
82.99123569151685
83.71729653882939
84.99274259331494
84.94429992463479
85.84891176734244
87.33549503275218
86.0689924088516
86.73676687506152
87.54923094747679
84.96598529528956
85.05325228148166
85.55596057684177
85.23001895559646
82.9964424523057
83.82110478192513
83.53007967522545
86.33942257465064
84.19798024529645
85.01692384125055
85.30617807679016
85.91312926830179
84.26843767887556
85.34109128576539
84.18450351841813
84.09597764654772
83.95495781176096
83.17267904739467
87.27351959898972
89.81996912601487
88.13980552401502
87.67421853547755
87.48767784294404
86.93680987343429
87.5441945918818
88.29577077194314
87.5462341886497
88.5152862297931
89.24779398280005
89.92141170410376
91.09140972922911
93.05270001894239
93.78498289770712
93.09821950714046
92.48787244471367
92.10295759995037
91.93732498670613
89.82865484460923
88.21013289707105
88.47159913631617
89.83735202093447
89.05080788005166
89.83896970562468
88.42492140816421
88.79632404605984
90.31635984979006
90.85805665465017
89.35005867229323
89.35092886558759
88.57011215553224
89.47225650659328
89.36805203425381
90.666858057394
89.52383549124642
88.82593827565199
88.28161994065678
89.23957329660676
90.2659121978614
88.92947502135942
88.1051448814174
88.29923178673727
86.84614508836756
85.2533487156143
87.35023731734726
88.14335423596273
87.26197069149323
87.4781393052497
85.1457034753586
84.01841156433156
84.08863688763034
86.39583653549869
87.66853881259894
87.45552081273452
87.85068403162373
89.82170108684325
94.21395438278637
93.30809143735705
92.11746696355564
94.8223239006384
94.4054455640497
94.82696458786674
94.67542586817757
94.0790171856438
93.14163585635194
93.90938772737438
92.43992434139845
94.63416353156498
93.99691977553441
93.13256651053621
93.21351887066662
91.29819421397625
89.68882408077273
88.33529297071905
89.24484370113143
90.25683770395285
89.62542572870663
88.77101448852838
87.36546501052355
87.94485634192377
87.61352876090355
88.13993241184252
88.22421423196654
88.28330480057997
88.30983395825801
87.58515979431597
91.6234075146752
92.69849290929288
91.83156972934748
92.1653583939155
89.93961358291115
90.52307454105349
88.89581633676755
88.99780202625186
90.03881144207074
89.8273854787889
90.85572128222765
90.78187676258396
91.07713531509387
90.22598663467588
97.3503110752261
97.0465109771078
96.02094550181182
94.95940243628806
93.2628672632305
92.19731451346317
92.34209953885666
91.6639268966163
90.86681635902262
92.1946595590507
90.71719176977562
87.283127943576
88.2944489797765
89.29537208526172
88.40713892412252
88.82959433777667
87.75511483264957
87.55224077851915
86.84439855620627
87.84488651409276
87.29452498417668
88.77153350030592
88.63489617068083
88.91499690726968
88.29164789434779
85.59371835809473
85.2232273775412
87.90371411054402
88.22609209700106
87.25677960430744
87.82999811966648
88.20199215881117
87.22446306304197
87.26792110354204
87.79813059609091
88.17674135762293
89.0948966623201
90.71632774124623
91.1734666784859
91.23116146909047
90.95821875914517
90.90349219239556
91.1797599620378
90.76339049582461
89.14095156492662
88.45899752832517
88.43936071033916
87.65907878845479
86.37115744124164
86.40114653746693
84.83398210398248
85.62154591583153
88.5629149206597
86.8619046722666
85.34614049618217
84.89550784175411
87.19243699872459
90.24474404336645
90.2669389424273
91.52926483944839
90.50218636135654
89.0652620879762
87.31863940026516
87.47797831918403
86.79872619176494
87.35142339570595
86.99384655972185
87.7757089285472
89.44420633162247
89.71025182501569
89.7131530637865
88.35240867622845
89.68572997527517
89.2502250095091
89.66733022483734
90.19994659340351
89.99568324997324
89.99288975544751
90.50129826002731
89.36179082374994
87.9610724736723
90.47946284957537
89.52877258494736
91.96376242879647
92.12027180422422
92.13375419721984
91.51191008904576
89.45719752217043
90.21724539518624
88.67621203363221
89.81501779993201
88.67049300627215
85.99561744324365
87.37168676402841
89.0282238103386
88.29434067190525
87.00662381633207
86.33652465564231
86.51409763305288
86.0231662803457
85.87007913820842
86.11767117428269
84.84194203623733
83.78371783521204
82.91474136640689
82.9630556762172
82.45026698377048
82.4263092477383
81.41515235242412
81.63548255098654
81.3510011085585
82.27260482027447
84.34064212076379
84.75209372892756
85.50506312118341
86.33638278489302
85.25517737111697
86.053989299155
85.88137049671356
88.10784495970992
86.62363126004281
85.59582721764782
86.49892493199636
85.51501449383365
86.43524143641963
87.45274957409532
88.67522729810338
90.34969986979807
91.33348164390549
92.07785684017277
92.25287819430883
90.94823320926028
90.57907667374107
89.03458082660396
87.89582750807001
87.5384739677307
89.12921982384557
88.16291905848956
86.9946670987811
84.58390981677695
83.82233034871157
82.50515049629982
81.78406927243668
82.33844412014408
82.17988553318207
81.36305211552329
80.22784776490764
84.06498296293418
84.87063190241973
84.19481560897752
83.4889426677837
84.01377202213901
84.66628277529884
84.95985539545705
88.14306794363512
87.515434867699
86.80385781845546
88.76919786291303
88.21249298714015
87.91404044871372
87.5294874899702
86.83357687430272
86.4111193507522
87.33433959302688
86.69558846589646
91.41921194329537
90.91958320159597
90.91852973845232
91.44948371656986
91.30342131179822
91.24023285473122
90.53730901645146
88.8369848686996
87.82887379185944
88.21174694593516
89.14348164728025
89.49545798154284
89.02295720042433
89.92133952216034
90.08611741105689
88.65952734091077
85.87160576135847
86.16067416431383
86.22696146635742
87.21629003337203
88.18249573834365
91.70837163168756
89.82373812402435
89.73393007215171
89.20298567782963
88.1399626835126
88.16252599266262
87.22419564606022
85.62219831367655
85.21209027515356
84.42685900013501
85.29100576015009
84.88084305213899
86.38517361008462
88.7903011306461
88.09440208299465
87.71988958012471
87.84717154259572
89.77936884221545
87.54316960480442
86.76579175065449
84.04093655138969
87.0442721581564
89.78707979932015
92.18321553086054
90.66818801548168
91.95339446306538
92.29401676522784
92.05245998488135
93.4015992709988
93.03466079701629
95.17946687205087
94.02408738416473
93.81461263104694
93.45264251322217
91.32020749447962
91.37720589295752
90.61412260603639
92.86548822517801
93.50165301599662
93.9665420778174
93.40379506906352
96.1364413628766
96.73810133742319
94.9344633287044
95.89170648443685
94.5302637299846
92.83344243108026
93.06883001697855
91.82241349121378
90.28427314930062
88.94209661792716
87.14660682355684
86.73168979165416
86.46350597989196
87.15477588015519
85.98007399764488
86.1980744882476
85.80453071125676
84.25314168399207
86.08068413023061
86.20930302721493
86.72354428613541
88.97015174470637
89.3706115806724
87.94055728107264
88.02776862528334
88.26437338748869
89.00660002883433
90.51032022078203
91.52122932884366
90.49014692728683
91.27362476617944
91.98050767445586
91.86028476169123
90.3880259323029
90.80513216518435
90.137115709254
91.45185078541041
90.62682114993028
90.55542158542376
89.31571115460724
87.1928704885882
86.73802166990174
88.77701370589178
90.12821035063048
89.83717513706806
89.38924629771626
91.29829448957128
90.27380220770146
89.6435811856763
89.94155841804046
91.64336239895103
91.12894254097799
90.7144614006846
90.9511101272733
89.28727596767888
86.95988751258463
86.61125447489202
86.77808744012385
86.11115213292328
86.76355232048876
86.16348874666002
86.13772825345359
86.07089184992785
85.78297061811898
84.30623691863553
84.27643729715328
83.6985010025496
84.44159619817542
87.1640192008505
87.81004978656046
88.63473953952675
89.52844915691325
88.1284596946557
92.33625468515633
90.38139182935116
89.79439850537652
89.76520146606173
88.63041953006163
88.59877390173797
89.31830480554471
91.73620598538454
90.77839239270787
90.24654917135062
90.83949269891617
90.32788355351626
90.89592453500109
89.96988931889841
89.10957844500413
88.97311113651347
89.08345208079733
90.29981660092129
91.83277202563023
94.60242722720315
97.60880628538601
97.98182788238712
97.75588633131495
97.06779864517733
97.1533889559273
96.9220603549609
98.1317016036992
97.26740374348238
96.82867717640033
96.43466424107902
94.55797235643308
94.47417481108542
94.28480322839023
92.46440271932963
91.37058445586788
92.9607092756782
92.77572627658134
93.69687134639202
91.91732411684758
91.65351170525268
93.67740081525382
95.40821222336524
95.94494548583555
95.21421124709832
92.67412767890036
94.55496981983813
94.57230634952579
94.77414393857272
94.68661665667535
92.51623456103259
92.38545160974628
91.36963452868929
91.33411921072498
89.5181669059014
89.8623339192386
89.29974203386864
89.47424296644792
93.59099559679619
94.34510823348192
94.10943186601853
93.50705675192016
96.79540471922286
96.40930126860995
95.84583794754516
96.2057279274446
96.76186109898569
94.26169610559315
94.48940063687503
94.59553066408436
95.20875934669742
94.91717318794694
93.9023583403216
94.92350080487067
96.41536492252828
99.92950783773543
97.48860228866356
96.80751196858877
99.43931614420275
98.86262967529979
96.3822810554342
96.98595157594447
96.18204932732083
95.53585852345245
95.29700355273833
93.18140152308445
93.55372032630459
92.21186152085832
91.1494774006419
93.78337355910105
94.05837042530342
94.83787844611453
94.41485805157417
95.48576294849359
93.11522908684829
92.44665091027149
94.25420655538834
92.36784109761861
90.71633624073816
90.14202133029717
87.18384904696326
88.01158493804992
87.86085844676705
90.36265777289908
89.76551334424592
89.80123464199306
89.00714759416017
94.79635335976758
93.38020865946041
93.15829926268084
92.04013277512668
90.60999081102324
92.60311959022506
91.22107894373795
93.22357315120564
92.79158579777639
91.72623774092966
91.95013472026619
90.04203417498077
89.5860777123016
88.97370908169015
90.63198248731055
91.89922796671632
92.20499007526415
92.33119262052172
91.83968876333252
89.74545158851726
90.10425707993723
94.46099367836803
94.50800305662104
92.82810152872314
92.8453549943278
92.42783221727645
93.53337479593306
95.51630033311343
94.97056398248934
94.01683588968437
93.46554007814315
94.33329688900226
94.96887318853778
94.05457230199707
93.61149465664049
92.32302534008832
96.06424934075221
93.24931940077339
94.44323652515962
92.80695358626738
90.59875942396667
90.60318679977807
90.61702999002458
93.66310110457313
91.82271298585296
92.86091582107497
95.59415468140884
94.92141206613125
93.09865937775646
92.90969479333714
94.62124812245071
95.39906438659341
93.79185914029905
93.70064922598087
95.97537468431524
94.41501463423309
92.02200773967644
92.63437549975643
94.05855563351282
93.65277925758065
93.68943833777132
92.58979655299228
92.66067584923718
91.25839705037438
91.87201076207305
91.82290134296956
90.77805972754292
90.37126674639448
91.83507977770209
91.91324031730929
92.23322531673556
95.05979654847654
96.83760175291124
95.87526178847338
95.43339634993708
97.23740418642181
95.8271758081892
96.6685231664846
96.20093660204068
94.51939506920657
93.69018597780888
93.40199448216464
95.2678170115929
94.32662856590758
94.14591876785074
93.20386897502573
92.38789915930577
94.4259926352567
93.97669491064002
93.94829058088041
94.33747517737304
95.81519436870441
99.25043555501281
100.78231045862972
101.34790014122486
100.06841867766144
100.02930079205656
100.74598076064565
103.595204845139
103.37799479490849
98.58430201125084
97.57436122593013
95.84453426776764
96.55554905791992
94.85843629443958
93.9961159896618
92.32291118611596
91.1113284325439
90.15645927890117
90.90570164615279
88.60180302827365
90.38805240236513
90.60311499590935
88.68773044409501
87.22727702932178
88.89153385258967
87.6671983976398
86.82483608508915
86.71828429847797
85.85339578195904
86.37613783579464
88.73368960063044
87.99117087176214
86.35532153579916
87.07247391924103
87.81046224998477
86.57095863136176
88.59973532233568
88.09449920621223
87.20526129735808
86.56117005723
87.64662476348006
86.77498010984758
87.91421372904367
88.63902629725801
87.78980172203956
87.8183352915033
88.75022855166206
88.65007241504985
89.62111422069987
88.86409991103437
89.01045284599465
91.73443555067117
93.54856801908937
91.78919232055124
91.63523125214232
93.29885425260895
91.9782581044227
91.12817024486749
90.85407208514097
93.63729669499287
91.90361912026462
93.19326146371887
93.65468868072992
94.20694352077088
93.15699283641501
93.76650949501234
94.95128264095129
94.03997116132281
95.2014339741555
94.25695099458773
95.79691356020385
97.85934332114958
101.08407795930711
100.65844915846759
100.43931203817034
100.80697632568433
98.05514989364019
97.61683140006696
97.98339910239098
96.51807476877963
96.01870260404544
94.56046147764066
94.06321337507283
92.91227058123596
93.70066639337848
93.2342932320776
92.58249151976344
92.40845443691747
91.45264558563353
91.07389641316394
88.96583399177626
88.62829608816618
88.04339842206235
85.26232208363116
89.11731151072432
87.97827210852981
88.85836558112752
88.56052326884647
88.2737330325876
88.99418096587283
91.01162845650143
91.83993375983178
90.01376893087917
88.56147806156211
88.53837997842768
87.97537955632971
87.27575953616417
87.18234325554886
89.33461484383412
89.7920979361991
88.4238136443898
89.39318655086375
89.24169165999909
88.27423520213922
86.56659330294598
86.09349707646122
85.31484826446152
84.82096331062915
84.30991554247198
84.24346955776079
82.94255032593587
84.62563622919234
85.25136572384957
83.48841433591932
84.03658796335418
83.8025139624194
84.0080096126172
84.92212921789823
85.68447710000247
85.43048182425181
86.31566450872391
89.00680968789523
90.47936996952274
87.95703857146012
88.17493363578153
89.51902322271101
88.71612095150662
90.80577764952014
90.57047366927858
88.78218399992002
88.23401321309832
87.22560748460205
85.56178536370341
84.80764678391961
85.35560373555846
87.24254476789658
86.83505612616553
88.31489453936506
87.78889598802077
88.05575326408271
93.52673615836162
94.07163592673312
95.04411760984684
94.26166497881039
92.01118014943636
91.43982061754453
90.09747032815129
90.14076880155544
90.83485936322124
91.97701043535685
91.12862048177628
91.16880372399443
90.38323280065104
89.51679513130007
90.59470413625674
88.75322324852773
90.23303199631408
94.73839220499332
93.20987293850327
92.35661146675506
92.9418782288895
92.97895374752038
91.66554192385912
92.41479892324136
90.9555990760457
94.4866309630797
95.3190208517762
93.89993329694931
96.73878747964756
97.0857729610915
95.50011621745423
95.77640713595636
97.17621109778693
95.04271953453826
93.3372390526485
92.69219823102621
91.4992317107287
92.54389030569048
93.65831571740553
96.86609635873988
97.20374858777953
94.57663831033332
96.63183899945993
94.77757973066367
93.60678310106643
93.03252216340168
92.1042293525332
91.49805133505261
91.5865339607258
92.56195023416535
94.32778182191184
93.43443032251307
93.56673519514136
95.53245238946802
94.10044244516072
92.58616641644645
90.91905811468655
89.33813902756847
88.64032402365288
89.07961958142079
89.87988151839173
89.28543742016912
87.84966757786108
88.88006685591331
88.55643875576517
87.2459249127816
87.19355146483888
87.02131768224308
86.25031664442255
88.934184753838
86.72027169442295
86.13827033518373
85.4003119864668
84.69591567949772
84.5952853531282
83.57089495187721
83.67324025136011
84.89255943790785
84.52665694345534
84.20390271269046
85.0728473322408
85.61882204983559
85.37126124451403
85.72332913400582
86.09822504759398
86.4947708187261
86.90423736675062
88.21079069326316
87.78439418727054
89.26030872007047
88.67291964868765
87.21171049499571
88.36702566402707
88.70808109837076
87.19295751517366
85.53371751015779
85.74714128293914
84.48538990399506
85.17294894814277
84.81892121364744
83.88267922463803
82.09717344775312
82.53151559140149
81.34740997358145
81.59503432240302
82.19133387549537
83.71275837738496
83.5231133462806
83.63221137706522
84.01523962129446
86.7823639781766
86.26041543456488
85.8556244169953
87.11823843976713
85.78383513077793
88.9887665414121
89.33334199448088
88.29716381758742
88.12586483057517
89.68889955575746
90.95484114390071
90.21975760166086
89.31154019756619
88.70745752698167
88.51079581449166
87.53897898262376
87.01889440331641
87.80210341375204
90.49510446918295
90.13022048181764
89.72025935528931
87.29957045861605
87.29685389811782
87.12381974399796
89.0077281151343
92.56736264922789
93.20328294984964
93.03823416495952
94.11882818137418
96.52770474801629
97.04737780935476
95.17762954709272
93.99896051217551
92.80130442443865
93.36540948252681
93.11887037591116
92.51584964043502
95.79068402362813
94.41739048796899
93.44548017741982
92.0301816547772
91.90815765021301
91.47898199334517
94.06713194376695
92.65284200525562
94.52356407202939
95.32370056293344
95.20791126897126
94.0479553703243
92.34616194719648
93.03599614104617
91.0519820152659
93.49705174781514
92.18019620718461
91.83762774366205
93.11984502175073
92.05287969317673
90.59141335497927
92.74227205933487
92.55161103544195
91.04599834832484
91.41564731628036
89.51381628657727
90.8082175311169
90.43194086236396
89.0673447469959
88.57645964287521
89.84322486680514
88.73284706587737
88.54905712456359
89.10385778529493
90.29304046061986
89.17226372993825
90.41559663401446
90.01651205317869
90.52919513535909
92.02423498004123
91.50380426286583
91.12370537023162
90.64189312309868
91.6128332469683
92.13683638541706
90.99911545264492
90.52340737883719
90.25481007198378
90.03207683884509
88.43497709196355
88.51416058386792
89.57435819401957
90.0888686339304
92.87683983972504
92.90772132733402
93.43299052181476
94.70691434866595
95.47900821620418
93.97568594016734
95.79830441891639
95.3577709913877
95.88012639382255
94.4830233648697
92.97212587191545
91.45892328444032
91.69776326209288
90.60472104259205
94.98812686467593
93.31479217764848
94.35594699824121
92.6221044074427
92.8695782770957
96.17066099952008
94.82417257362141
95.8009707575947
95.82307789339701
97.39795881413384
100.85804427653322
99.25216024013714
97.96621893038063
96.16792540283147
96.88809908959077
95.85068523544268
94.19553812002778
94.28745037280541
95.30115646125877
94.64128192085738
93.27377452373618
92.08234345933192
91.98250750167024
90.66230319841668
88.03638060221708
87.78350819359203
87.74811426493997
89.97575939470485
88.78422441684154
88.73372911575507
89.304895550196
89.95878408740467
89.49189059471844
89.49670420331617
90.35029936245598
89.08303606581899
88.77553627000341
88.65728255211499
88.80926027546104
87.90314361358985
89.29938366123957
87.49712495247033
86.69735626791436
88.38480286156273
89.87974858705715
90.4011920061345
94.26508161852654
95.39704207774058
92.7885277900081
92.67285719274422
91.39680023768084
93.5543720350448
91.24193703050418
91.54150020650015
90.42291209138621
91.36917546456111
92.62243327232794
92.37837227855204
91.67539720160983
91.71064266868473
91.78653877003151
90.32845960576891
89.90477665029933
88.80639089730774
89.09994637866414
89.04595342036338
86.7231889418428
88.43529498856013
88.82440956707616
91.02171554467446
91.00854850070306
91.56303780069764
91.02515645588119
89.3496662181794
89.71432605072653
90.31853239418136
90.61835821189086
93.6005974283426
93.60180263595763
90.74578693664388
89.60529623757411
90.32900623113264
89.55105119122322
88.63428995853064
87.80114731637853
88.02101445205211
87.39873063178365
88.6811873321635
87.90227153803178
88.5833360760971
88.70947735825918
86.31673746725626
84.62295710057306
83.8272577590649
83.3072452301882
82.58978556152758
83.79125523666491
83.82016924842281
84.11831110200316
83.44081950480884
84.2065498571128
83.89889230819452
83.0160620700548
85.35778991954889
84.6013503597158
85.13862147620449
85.32752835360253
85.69082566571186
84.7561671685871
85.26231441871607
86.00700777788003
88.76007352683023
88.68551916521943
88.41417555477067
87.69164116957273
88.01250136407656
86.98720070023853
87.90268882131592
88.4766313677712
87.04435596148483
88.20115778815256
88.25244810080335
89.3482977925208
92.02919370494568
94.72001639160436
100.12911361599225
97.32307528815087
98.06604820549099
99.68440987415588
97.23953117739822
96.55999945738874
95.02020392513519
99.45099544322008
97.9408391823526
96.266191100557
95.1820000066549
92.68804192879699
93.65639035078185
93.90779365382383
91.62869479186404
92.86891406052389
93.59916375283468
91.30056776640298
92.93647579226375
91.72027157384498
92.13893939579017
91.05899036902676
89.72203523169081
88.95210328925062
89.45384714608652
89.0263473951233
90.75205991136814
91.30884102403988
92.43375820139543
91.33097527507323
89.02296963888531
89.07057163139265
89.24285073202357
89.69065180318053
89.33691652406947
88.53455181125972
89.39917030715581
88.3859722235186
87.61463873161289
88.33735409342094
90.17154184334134
90.14398934596358
88.72186080794825
87.29418143293603
86.50466331865455
87.85009020368199
85.88404651410603
88.18262973174333
89.33162775491171
96.41778329968203
98.7937720242675
100.41436202553497
100.4470576861508
98.81109199186203
96.24008460729233
95.36759074061702
97.3278510083695
94.98130609195577
95.83409751676388
96.03010897797631
96.31130159426569
96.33308470946282
94.06663830074041
94.81177068571608
93.49260289371267
93.13790720565088
90.98056381195047
91.16526071005474
88.56561563145881
90.40803070650094
92.39285579696958
93.07656959428166
91.76938404432718
92.57604390176313
91.26093942405093
92.03782644238724
89.99674208944711
93.74533645504759
92.72076450351992
91.67494791938826
90.90160576526327
92.9817876422382
91.70947118578438
90.32787065827452
89.64510399964058
89.98848957056258
89.54468485931896
90.63756889587988
89.08811609710624
89.28860876378938
87.3001698399827
86.38068583491581
84.73598278949615
83.44685275554015
83.94946334809481
84.24296203982229
85.4845303446684
85.43977503057263
86.51562647938604
86.82687691415033
91.09195159769146
89.29929056667548
92.2357135927216
91.71278889794448
91.2958661385271
94.00955843449397
93.0276453859522
92.55180276989826
92.71035844903903
91.58113938172337
89.74262364585378
89.45919649055455
88.18901827815287
88.26456179327961
87.04022764546183
86.30251583103816
87.26240473653769
87.57376960787205
87.09910022234264
88.0224434767242
88.83824508126159
89.39324311576176
88.52243077748983
89.34359472500834
88.71081704533513
89.40615674615788
88.81896024778214
88.70194230735665
88.27102130709231
87.11662230662219
86.78968963836088
86.56008870496937
84.98213717034271
84.156442784932
86.08263944516688
85.12783566117218
84.52874750020867
85.53675117785791
85.2081119131852
85.38450735938078
84.34768101779116
84.25361928861257
83.53853769284142
82.00031239464964
82.26866835486362
84.27436956679462
83.3297205221932
84.57382667636531
82.46942270874148
88.41690001575259
86.6748858346266
85.5118467829641
86.304625575289
86.36716470140705
85.19705877389418
85.50192863728047
86.87990311664129
88.7894417304479
87.26626563122083
88.74692037301551
87.87358975664189
87.2490308918831
87.91043393969905
87.35501649298125
87.99990890906305
89.10612182242004
88.16302879861307
88.65339993465142
87.02778807004239
89.4912026282409
91.56433228889736
90.523986050228
88.71610513908699
88.96329505317827
88.79954479555242
88.78332998536553
88.60636484401792
88.10163519236217
89.99008284445371
90.62102538329171
89.87549745788321
89.24840602816835
90.44232970616561
90.91632908775975
90.65018551173623
91.470777973567
91.69332814554379
90.73357210578705
89.98344642466313
90.14011870098321
90.76133174790311
92.94776662737027
93.4555984114776
91.08005894618418
92.38351509944485
91.99637445121304
94.92641469448512
94.45990810420312
94.38801547829577
97.91772541600483
96.02180694383571
98.05008666510955
98.12644469925308
95.02124833586225
93.19756189005638
93.35865389262369
92.74908802749218
91.06970819016902
89.92450279384364
89.81781454293483
91.00264841129504
93.27174799194204
94.99491906203168
95.45835483789315
94.51337457200123
95.33610816531525
94.5566591722387
95.32726131766697
94.46702393628898
92.17159160562292
92.2489761639455
91.15904409050135
91.80693105597068
89.66324128921597
90.06857078908725
88.68241719555711
88.94252079090174
95.36241200245468
95.97205432566875
93.95919928461052
93.04655549791475
90.93475572806454
89.38224250411949
87.35675607228917
89.49682796596409
88.91108864614924
88.51654842162542
90.15345634825457
91.29067870454618
90.63711407540265
88.66301685357398
87.74393838806067
86.3481537548421
86.62748273637972
85.81797087464848
87.34027640895835
86.71070895843883
86.63325109217202
87.9922314964528
86.72859949178573
88.90265973847598
87.74476338267448
87.51519543979087
86.57414017863358
86.63898989906005
86.27149520541022
85.92005168395946
86.55385253000932
86.65154586022693
88.56092255482092
89.19116237455722
91.98829931788066
94.97673604419835
94.55193238784787
91.70269940919077
90.37097363172006
91.08336783156689
93.95866976861426
93.94389764613838
92.43450025042789
90.96939857465112
90.14301549108514
89.57854496840405
89.81756567706472
87.15034337857422
84.96075518815981
85.09411106321994
88.51386177093814
88.1290681043519
87.83646121993111
87.38530340827323
86.47637954498168
87.05511593987195
88.59715807529369
90.07574507550503
91.70791817322639
92.16636484774905
89.58275473753585
89.60123714108002
89.54435196234657
90.31992451982393
89.41053219986269
90.13648067086832
91.17975191662066
91.93367611275073
92.08871139841817
91.3187512927321
90.54618885596663
89.06318840901527
90.45439234269658
91.26575248570587
91.0717182139871
90.4142471690248
88.83455782189341
88.33757622147193
89.3223168839542
90.6223255353525
90.64960313260903
95.61611681682346
96.12396375487401
94.76009622923884
94.85314662865521
92.78515551048342
91.20499563780906
89.57993091707303
88.38230628581525
89.12077631842381
86.90851178694246
86.26396473567446
86.22408372123338
86.14845589868362
85.6458155154393
85.28902870046225
85.12445642475913
83.47545024157327
83.84274969458798
88.44289801079776
89.00111457021937
88.80159141482791
87.38459818585177
87.02155564116131
85.91280037514187
87.10469980007557
87.68083035536404
88.98274873308277
91.09413003265858
89.78215978766077
92.04953323375415
91.55077818867458
91.2730184783256
90.44259466582905
90.94163080690284
90.42791760941438
88.923088570466
88.41866456416402
87.8206741471888
87.62210156627583
88.47424164415753
87.12784918237828
87.53943857327103
87.66351273275669
86.78451604586603
86.41332260453434
87.39578051382095
86.64863032723005
86.03350909398422
84.68678234674175
85.95629896270037
87.63819875861851
86.61509301765207
87.06410411848424
86.83293521453605
86.00329894104696
86.60536333076094
87.30605378066448
86.10204245846022
87.15886939744863
87.51295489515651
90.40575846300989
90.0415368523719
89.77506451042179
88.32533042576354
86.77106348738357
86.03999561906042
86.03366564432312
85.0579968258373
84.22970100620914
83.25683461045547
82.07933744045208
84.19385431882209
86.09376775085234
86.30950313977982
86.0542890744618
84.8214187640271
88.35873963169797
87.76970763861716
87.42246276125015
89.9962529972651
90.66732604561354
89.27643965856119
90.01523367828976
88.71354090664974
88.52313146152309
88.06947831525497
88.89839993958672
89.41434785899119
89.12355808182801
89.88034221403252
93.21047635603011
94.00069646377646
91.76287925116212
90.83839810907544
90.00824626465752
89.04885085303255
87.88838898464677
88.59420086165791
89.21866182239637
89.83683846435957
89.45966648716988
90.01017744884174
88.85955629433238
90.66393464549853
90.44571630791219
90.8968431528266
88.98345104716324
89.49697310730242
87.28482555076457
87.60912297166541
88.43529485194485
88.55187468160835
88.03738085726081
90.22481782734856
90.98320675954639
90.2824009677649
91.9126228888959
93.29941047638853
93.60428760680901
92.26600162285331
91.99518363355253
94.21269741802557
95.91996675052665
95.03842627826704
95.32385573820059
94.6779842112158
94.31623889639356
94.0438215743622
93.44557636472926
93.12543772266665
93.99325810599086
92.88826309678976
93.22007299121917
93.34922095980616
92.73574248049934
93.76297287914275
92.42433023668265
94.48736310188448
96.91719436444926
97.94857162516566
98.76796472698318
97.0898873936773
98.83363921235994
97.99112789756688
96.7997079902239
95.65962175571966
94.26863876039043
93.81078348448337
94.52370007216875
93.31360755966776
91.72541546408345
90.43239108370328
90.82501657943001
91.26913024668453
88.24770715783805
89.26487091703905
91.85686211890997
93.85912352535937
92.32785561716096
91.2310385643959
90.07940490715562
89.48588606231834
90.32596273948671
89.28515262245554
88.56312296992627
88.33447839305626
87.05884692230988
88.22627508838978
88.10048813494942
86.92512724293407
86.7236007646473
87.86788610255782
88.18620883236385
87.25661476125902
86.02547963506466
86.64837122040146
87.86556458952698
88.99881279621553
90.91598423687455
90.50543906380604
88.74260635494124
89.39992312542579
88.35507315353574
86.99688896266606
87.93982478430465
87.71288333006761
88.46199325082888
89.66430479365403
91.04402832128346
92.36850170904394
91.165622753633
90.86556940296119
89.4157971356031
91.71156474730803
92.23502739367335
90.58974207839412
90.52094715643665
88.74745808172015
91.19877383540395
91.10123644906601
91.92906662537708
92.32195016858034
91.34585655443209
91.62440980556391
90.73395312087236
91.71861813242354
91.11811818256307
92.12077085347966
89.37965159779111
93.0973349139352
90.30441051974431
89.1833466146383
91.77449532955042
92.48959503647572
92.01042174787744
93.07112308410889
93.38461132673477
93.7083082551853
93.14115928558499
94.66132828615942
98.86038470168883
97.88503798601855
96.02355275255059
96.1540350800838
94.00060782931506
93.91721263223882
92.93046761938957
89.5816903359743
89.90319437081772
90.50687905029322
88.24875514780368
88.73013180336436
88.37976370020941
88.43079875694967
91.50674864776721
94.30802149142828
93.70596653486439
93.293787734247
93.95048060813409
92.89187534877196
94.25459691778215
94.16819242314077
95.19603550529011
95.07659741856479
93.85389262296314
98.64326842764329
99.2739710999889
98.62898691604997
99.46461530526888
98.1356820152012
99.53373138819998
97.9969524883916
96.59107008923382
97.35573209648176
96.04738160834323
93.78381807430344
92.55508561612395
92.8521963134615
92.91108244789656
91.80286753814524
93.19932501779012
93.18792815798943
95.34977245390513
95.6932929355227
96.43768033549819
96.10805017620156
94.09809946757952
93.5691780397909
93.29638477876502
92.9046707052553
92.37982941291426
91.76002356736817
92.46601507696482
91.40849443950093
93.37711830708174
94.36228762729382
93.17515718576789
91.78843012356079
91.52619292737468
90.98637462459594
89.5389601229518
88.3228925141449
88.88038361499576
91.78605814472965
92.08644517984015
88.91471699151853
87.07958587191379
88.24592896788693
88.1488763483028
91.53830448350193
93.60869906025427
96.46306207452885
93.66748110700179
94.8797689608338
95.03681185938203
95.97419520426305
95.97097247716462
94.71391052977073
93.49833734130029
93.2129940163204
92.86784262093492
92.06078990997908
93.1728014653335
92.47341098975326
93.18953164688787
92.924159118013
92.42218450526728
94.04689632006477
94.91046116904064
95.19933233579044
93.24014961132357
93.51854569932608
91.58266858738763
92.69311402714601
91.84050385125612
90.35962932153406
90.50434828303197
88.38642573952066
89.61872307502806
91.50587668768513
91.03925305286458
94.35823353332285
93.29612938428347
92.79944435550698
93.40798179869927
94.83087186131056
92.43436936731352
95.03915888186083
94.1354229492161
94.04148752192978
93.38055968252229
93.02954933720261
94.31700041270078
94.27921001560324
92.50490313957621
93.28474876820836
92.3511783225262
93.12211270871788
92.74929914405301
92.23755509487457
89.72447366537864
88.74407277065164
88.90034695877836
90.21743925257103
89.18275366249445
89.13195752276212
88.1430341357012
88.23095204373134
86.88597301598745
84.68998259321661
85.3859373248628
89.60477568864675
89.13613856102465
92.03756533753784
91.8670039985579
91.90159251849612
91.72128168571214
92.24349910795816
92.68984007015305
94.39617324295928
95.80060912903157
95.21444242423472
94.9576261078716
92.73369166379436
91.14035373068151
90.73224708087287
90.13242275280888
88.29948045012979
86.27470798842413
90.5666268503433
90.92715961145717
93.55603309924848
93.23710535300572
93.10404035945272
91.96369704471883
93.2582141095526
91.91151769738399
91.72165460689412
94.72984124453093
93.97798981944261
96.425852725503
95.17197858518594
94.74118624353613
98.555532022533
98.23517809295366
97.67474330532207
95.28023734633386
93.57185684230704
94.86609351576118
93.67515860577014
92.34759036102415
92.84120333162093
92.853233341964
94.0830072887827
93.79030283858734
93.50760736997456
94.38189587414078
94.29727331574135
94.5088454926768
94.66930965052646
96.29753728276296
97.12728592294683
97.87281124426029
102.3540858217351
102.10250538536363
102.11082371807089
101.0763498448267
102.12739673903931
102.54113114175736
100.94493174679553
99.79446864749632
99.67700768263562
99.17450081819912
98.9658909370814
97.09834744035703
96.33444083586859
94.84112829050227
94.87180808953109
93.56287775644756
93.0060703221401
94.24802514595925
92.60520557395908
90.45301849579833
90.62102751423369
89.21798162627798
89.39203873119413
90.97289182806642
89.85877358201532
90.91813689718782
90.37094087485318
90.1769524227115
89.37618239288112
88.81200672556977
90.3032522669692
91.07214390565713
92.41811827016343
92.19355490557496
92.69059784963902
93.47481045028147
94.57766225748875
94.69738428944807
95.69598240685687
94.25492763533131
94.70610842678578
93.84844668287542
94.0404326552743
94.06967329110229
93.61832005271975
93.33182498648688
94.80980029669038
94.13085832715169
93.75865752978686
92.84957168861955
93.98117397427188
94.54895351759419
95.64634597954635
96.86604480543672
96.23572392267585
93.33246524377314
94.37119478187431
96.4541071660157
95.97264185294462
95.13339932810726
96.89999827229515
95.64192403637232
96.18414960768341
98.45309826902042
95.82196025756018
93.77077189881213
92.87072692060755
92.65568662665196
91.28822178853356
92.05936833189458
91.10764570098334
91.32038423584187
90.9763367503964
90.14420769116751
91.53343655524877
91.12190862408897
90.15295722466924
90.63565961980265
89.87747134209778
89.81337197241946
90.25677303876078
88.93478780017819
90.74053227555586
91.09219268622348
90.87692683850177
92.23604469669975
93.28380031008852
91.85245845364445
90.50102376035888
89.84432459391907
90.92330578201774
94.1412081156677
94.4479949671746
96.30998936766713
95.15480533982861
97.07203483288335
97.24825861648131
97.24480345564305
95.59796800888101
94.29072438973789
96.13140412054713
96.2961682000831
94.01077275641644
94.18037523456191
92.95176222861603
92.46492257585906
91.27353752336222
91.38100795945661
92.9781429540895
95.20613578552026
96.24361284344774
96.24893318911667
97.66116131096472
96.10144167202007
97.72367218107473
96.888847934539
95.18472370281151
95.3912113000059
96.02985705121807
97.92840716997998
98.39778935136164
97.31920609482786
96.62053226539186
94.59012871866014
91.58190999357163
90.28898709434532
89.45617516496608
90.99006489052594
89.08136361102653
88.84090492648875
89.34772706364068
88.42432137161977
87.89334508623774
87.47412071450447
88.07822570577329
87.80350822507623
88.49633872027323
89.44251498461958
90.73674917295142
89.46113973962447
89.52459375919638
91.39584209197271
91.85932118010572
90.87513736241335
89.64268960477635
92.30153861380778
91.18449020386181
93.04164883807375
93.38467440628247
93.26790182815648
93.73133011556232
93.35482917914548
92.6146450029388
93.82656584132833
95.39505347717257
94.43328692340397
92.43492596448267
92.32659140965892
91.80442284475268
93.5607749367753
93.07370907886747
90.44333704209656
93.48413129423368
92.82064833238462
90.69937057299629
89.97745105639639
88.41819364885566
87.66667820230394
90.42816665117502
91.28696192261742
93.49387649072999
91.04607065936865
90.60054576742473
90.24096307660683
92.0081495748593
91.60203259371909
92.03953108061589
91.86951337857022
90.52772053004671
92.24563089180543
91.92360275809632
91.24338549864436
93.7950254794244
94.03971048369216
93.53809141351317
92.8772830663636
93.59077308033562
92.93227896172812
93.94836738398318
95.01016456773192
97.65313164914761
97.54622320222623
98.2214006096925
96.1450924112812
95.64510203116627
93.56642791323706
92.27108258809247
92.88065855768428
93.02656702896259
91.36920341912534
90.85779211842781
92.01795516721049
91.89892589461775
94.06191364417388
95.0464128328193
93.01093619953379
91.51621905446345
91.29024952080144
93.11869339273775
97.15477093123471
96.05799466871629
97.73246388770606
99.78188215907116
99.43987772412774
101.83887727184597
99.11217625287078
98.031965791097
97.21786569640865
98.4547439179167
98.39829585586055
97.57308622361107
98.51515596320371
97.57756046156689
99.41922070989732
98.00800280094974
96.37769382460748
96.5510122012167
94.75145399477617
96.70504179295382
94.66058565631124
93.3951917069817
95.98864535727132
95.36922387849852
94.39263360385573
94.02997513860339
92.37462593870366
93.5333374351151
93.755117892224
92.04751677317259
94.3998177495956
93.63327580649009
92.65771980409075
92.25769454595758
92.88407545656115
92.05332124948254
89.48690820201651
91.4921825170268
90.31843968020756
90.19492133608527
90.63116804274368
90.24997672392455
90.37616682319472
89.70061944300298
90.3559955470933
90.71741028805991
92.21128485360701
92.79164710986183
93.57163834195687
93.77361969400125
93.82615625243447
94.91865550949288
95.85424252201615
94.6786223805307
93.92606387207162
93.77150304133916
95.72624577623813
93.65401825842368
91.84060731200155
91.76197595653225
91.43750903926347
91.75529919995832
90.81502268965639
90.11345136698569
89.69921365057027
90.78875974976043
90.0275074746731
89.48252167722897
90.41989926873289
90.56664745639517
90.98189030210288
92.05129935723964
89.88724626810146
90.21360135921917
90.70814023140376
89.71271657636981
88.97418686809222
91.1030149706812
91.44692356538086
89.14752288471809
89.15766890475383
91.12241835287895
92.59277736626304
90.68072129092705
88.59092517219874
88.5131780938406
88.06036702330287
88.47695451409369
89.72680824666514
88.21807159170315
86.95164672641859
86.29355824293782
86.46619562595424
90.24609887017444
89.12992598918328
92.24844821578692
90.88357150278702
90.22858055545363
91.4184165354321
92.36596522348559
92.02242194787893
91.72548106360351
90.2252694821339
91.1666867963151
90.65832003178234
91.20511748448888
91.3992631005642
90.78439671459117
92.38548600416787
92.12233751072738
90.82809781025794
91.03556535453916
89.97338759712474
90.28580801470007
95.04227681412229
95.70863167834727
96.58587406416375
95.76503353936266
94.29208770303477
93.65619173742546
94.14741557460829
94.92778686179038
94.66920591292254
94.26053319270778
94.21396684108116
94.41035542600478
93.95758302253105
92.89237074973158
92.40835091977472
90.35100852629566
89.69034850283926
88.50617189275707
87.5040129059772
85.94503661541493
85.59063919555237
85.76977487966468
85.0141823430417
81.84723486516323
83.57149655344966
83.34610361434706
82.8199766369466
83.19642205156094
84.03876976812074
83.50685918109188
83.42071838665596
82.96210258160568
83.12373848723976
83.63783959474573
83.92412156503651
86.92533936594964
88.36611742851184
89.32761195406985
88.1037134083333
87.06257885754755
87.59361928075093
88.82658438578473
89.53472831505235
88.89036196676757
88.30260627059414
88.48930281085012
89.53310916945277
91.02778270104547
88.67855060240525
86.9263057655742
85.41609463878846
86.16637249456024
87.04881652713864
86.42804004731626
85.65195083219751
86.26022351481733
84.6116541867614
83.78736325264511
85.17397403655542
83.74933649373435
83.76958339143688
84.58161869935283
84.52202726254745
84.87973144271466
83.87711294316733
84.18441093489233
83.93964775953718
81.97698375326182
81.9396051871822
80.82214881708265
81.2452719680848
81.88011778358816
82.40942713638388
82.92830038001784
82.91896304618517
83.67692605465692
82.92816072074257
80.55099517037094
80.5184665996833
79.72033512453064
78.03373955953012
80.354979068846
82.17717896829068
82.95230779755292
86.27016663698939
88.31896705737152
89.37911663492068
89.99732053666625
90.37839775818316
91.3722144493674
95.9774733311378
95.46166995075633
101.15177822529502
102.59517444135786
104.20530804072956
104.47889815660942
104.82253173425997
104.84682406196886
103.30290555961376
100.79553539719926
102.96736545738315
99.93346799407477
104.04504824753072
104.20639294325508
102.05596801428361
100.0969450949442
102.3046786005151
104.17088801784888
102.92477863701359
100.78898523195912
100.82829136024164
99.07207853959123
96.84031758297532
95.93982586299792
95.76845483405911
95.8249521989097
94.64628111008754
96.24544216519506
96.32333498041207
95.42894699961197
96.47607268925155
94.96115088065994
95.42980178705913
95.4899546863571
95.91488210726031
94.53938184361319
92.0317998584439
92.95643896227527
92.56286899993373
90.19303384562095
92.52633578157514
91.60336424520489
90.04072629858486
89.88787156015812
90.12505209613799
90.107142651147
89.39657516194764
90.83497057563189
92.02791408028376
93.42752244981318
94.16237107574
92.98407233702764
90.6290220097692
89.95291979952306
89.29979353445404
90.00677823196187
87.86906950340253
85.99869084674106
90.02941751284789
91.46294391393629
92.72368829229671
92.11604366723046
90.11705341580392
88.94132958280137
88.22654092575668
89.09081514347935
87.53328745880567
87.32753407476898
86.2261312933403
86.18042238202543
86.17987778154378
86.81646315758698
85.77248530901032
86.21394924479691
85.46955058016786
84.69832666793226
84.37645245962071
84.42038493383623
84.30468967250616
84.31003679932492
85.87672245150796
84.67701213087611
85.27841337090771
84.50955038218795
87.78713984145872
88.06089294792636
86.55780242497202
87.12070428846341
87.474652051995
87.62518515317745
86.65116546399334
86.11048253490529
86.75528444083254
87.50707445218796
88.335073327109
91.04105251512313
91.38893384602801
88.59847762241692
88.19703876486453
89.5303762889798
90.82271057845884
91.77852869496344
89.99526606603578
89.19529679370012
88.06027285180438
87.34868381980506
88.12155286324375
85.57281194788625
84.64516278788157
83.86751040057698
82.62667912749164
82.2028730947773
82.72059192455976
83.7437426140745
83.35232991731309
82.64634290941886
83.75504590746115
87.01500720783748
89.19696443024829
90.29403710166024
89.31311598258986
89.27920761248556
90.08040466859575
89.01802527626899
88.9738798479917
88.50821471023002
91.69006179380739
90.1875566216006
94.78180128099147
92.1200761978585
91.05341454364354
91.75206053437131
90.93484430481507
89.20041145620515
89.00242317940342
88.44319912645275
88.58018585635453
87.28469348761377
87.55166077218641
87.66410772181423
88.15317006428053
87.46793600314196
89.21125023998272
88.3392484103005
87.43179693439474
87.4076886049433
86.6677931180049
87.82995124458908
87.50404315918523
88.27411691938616
91.02313348439458
89.97435273282294
90.41581650859992
90.68087740651649
90.94532024483031
94.28569627314025
96.43349067386899
96.45990419882341
94.45438171038037
95.93989232336519
97.20458107488444
100.93325630110405
99.82642471131619
99.63208122173627
98.85927905378607
98.10317488690077
96.21210551369926
95.66025064633288
97.21334802890136
95.98328858502852
96.3735102268105
95.67652770601767
94.80055014024107
91.91031786143208
91.04793567376963
90.9293708879591
91.20674041725869
93.89162889435276
93.0753442537322
93.255172179623
94.66041717063094
90.73632831083052
88.59732968171238
89.73270840235723
90.78442005192878
91.40724065594144
92.40244856898684
92.86003388166374
94.99059289970279
92.98983900573786
91.69584474168029
91.11146947809468
90.22895614288602
89.87967587812909
88.36094906475887
88.20337866066345
87.59727570133916
87.94248872240604
87.59239389127228
85.35519468088327
83.9456449431264
84.84902768711478
90.72161679446707
89.21007942164768
86.58156379766919
87.79990857307705
87.7952837492428
89.12529422347154
91.07777830389509
91.16474070577188
90.23883353193568
89.6635429741328
88.57202320617873
88.52500375996985
88.88433460967444
88.98124880783534
88.3893546851774
88.4402784782286
89.07317495984637
89.25095778724258
88.44482858421674
89.50503446137041
88.5639963714933
89.43640649579588
91.03898577217593
91.3215267341504
91.90394935401008
93.26060887105957
92.6159466960114
96.55853075761557
95.59563907261057
94.01462995135931
93.19704895918817
91.73294371319544
92.720378438844
90.89180893957904
95.65043628537309
94.70069547236409
93.73338148243974
93.63429818168711
91.99748851327892
91.0413304508981
88.51654443941328
89.4415441343497
90.82938013411334
91.66871384983017
90.4543225780386
89.4523281016562
88.9912179505512
90.35249044608054
88.8869901719873
87.1314041259985
86.69421109015089
86.01240543099564
85.47871103495399
88.23891698906229
86.81783566767874
86.46150320861845
90.33697213092854
89.10892224108375
91.75634461040094
95.87630698924269
95.65790215400848
96.13279930876921
95.75384758199229
95.1721511801918
92.69300925626135
94.57444729023524
93.95781388785825
94.04126629086944
92.37049467235315
92.90076660582874
92.94959355238132
93.18903914471599
92.94341796359237
92.13913765528211
90.19457366665276
88.90765803982934
89.53746437079027
87.8318325110206
89.02573869099358
89.24342300169542
89.01848251037715
89.00395316085263
88.67892864761453
88.40878550601873
87.45743839191991
87.99054177444393
86.12567997976238
85.32900791035743
86.60900435956167
85.8281453168218
85.9071035440448
89.83006725734766
88.72998066819606
87.1408425646752
86.61277031028133
88.02036092887808
89.13733174161935
88.21012270048199
88.99330756770622
89.5606750357779
91.50848542857679
90.41236759266673
90.4975275561729
89.06029386056818
90.4849722304507
94.5314770782306
94.10482218956203
96.23804674770383
96.33702023014337
99.23980077677321
97.95769329103072
98.45245667061293
97.96610419120996
98.10703273659848
100.0414654198451
102.72263301480038
101.88287949785231
101.62025834908697
104.39367168465843
103.90342749459892
106.76904755989727
108.97135880183184
110.5886367848915
111.06515146311699
110.55642403444006
110.88542390210492
107.40035306063639
105.757492799637
103.87441228203151
100.65141261772085
101.2023141150618
99.25049151995425
98.2938655668654
97.78899545923346
98.02956479635574
96.80639009236445
98.0756264388342
96.87347573768588
95.90592494516964
95.43128736919516
93.89222981820511
94.67083725535609
93.45316394913448
91.8042404168664
92.36457269242314
92.26384527080603
90.02867507656627
89.51146985868446
86.58150652084694
86.10764622852177
88.12788733832319
88.88178907498768
89.08990527643984
89.05603222940744
89.16468430645136
87.32202258918619
87.95104836988438
87.95172318676325
88.39776110412669
87.70492192858124
87.37751280361265
89.6496602291858
89.36110548936583
88.78896995634165
87.77464727012494
86.07586811372487
89.48851355521214
88.1162372615824
87.1832394564372
87.64781684335149
89.92429227896353
89.86477489297435
88.62959072050249
89.4397109112012
88.76566038572258
89.45404365229336
92.10697083008561
92.66606132311951
90.77190150298199
89.49732191082141
89.30528771690831
89.69186631307916
91.7926646879762
89.10795416909417
89.50741936564899
91.03707813081637
93.11641170768519
91.37602213787487
93.35962772759052
91.79797830540224
92.23766277034473
89.96631293158192
88.2120480071793
86.99787203367403
85.9364218611946
85.8274106935863
88.29627242104041
87.25054616447287
87.65937857043177
87.98408913483951
88.09506468347163
88.13674719529996
91.88928634621578
94.12912786113516
96.60244398125441
98.13267814960597
97.8602377982919
101.04362078888931
100.48910564723451
100.03538612017412
102.79709338266406
100.04634787211654
100.33516127417586
102.99740070935357
99.93290728317486
97.79099748565346
97.33947734740693
93.79283122244479
93.23073026033411
92.0340448245167
91.54932914807496
92.12456843631345
95.10596803518193
93.88283021546276
94.53030179660661
93.82473256879854
93.68722065890572
92.92445025122765