learningRateDQN:0.007000000000000003
77
76.63436443146219
75.65810893012839
74.58252383894094
73.1627528367065
72.85912383426016
73.15084348859777
72.30010837832101
73.48394007276316
73.64314766644321
73.34346871460268
72.71724660359806
73.21562740260734
73.43533215639488
74.24350277436272
75.51833012170316
78.1476255043149
79.95051282566936
80.69713236859769
78.40862077173226
80.10988261220827
79.52652918885902
77.62391434922844
76.36308959171559
74.93812537675068
74.6134606109075
76.30844436311217
76.01658737434694
77.9809688387079
78.49465197162381
79.25771538637326
77.67037434658594
76.70180684089921
76.63763217340708
76.64573942795369
77.69798813295404
78.99296360284362
78.49158452655072
77.35498974388538
77.32378795298705
79.08903981593598
78.28570926400494
78.34890450932326
77.41252421668224
76.70227664500142
75.40907370155381
75.30056778658245
78.01732102367744
78.71038021419758
77.58138262446077
77.15431257272692
77.41404054875994
79.27341704853947
79.77160670068184
83.91665224448364
82.70043356436801
86.82308966684866
86.63341098115968
84.73758528377526
83.49989773284285
83.8559978284535
83.70719794826218
82.20804518334711
82.39852557092446
81.04789869874064
82.24923936362315
79.59471513986635
80.41251728515716
78.48344079365383
77.40127451383451
79.00729392182922
77.62329071723507
77.11392088324706
78.25537737093158
79.44084668029642
80.48222149194186
80.2041001637436
79.67661333390588
77.56820567120717
75.8509202299504
76.26333769918584
77.3376308917315
77.20043551611575
77.55409495168404
79.04792071342665
78.1415143788419
78.83642906874698
79.90488940149928
81.15599308233293
81.26971714051092
79.08437180399821
80.1173113203096
79.49733648829083
80.02599137835443
79.21903945201952
81.95810101623448
81.00874094663313
79.62924982073208
77.9471975511994
77.20375418074859
76.70482988059102
77.68096630439123
79.52537861970991
80.00338255199084
80.99388476019847
81.63574422281926
81.95532511598113
81.53571316270333
84.7865847999871
87.81349997012688
91.93904970064092
89.37363140249366
90.05609521329524
87.42936872093937
87.846046271044
87.1451224722727
89.38828481661714
89.75133626637854
91.65203262744815
92.15801590655259
91.0751976929958
90.41490766973183
89.50360055544061
89.075777093342
89.00756080883595
89.92213066029649
89.282881461765
86.81514083622176
86.91916315940628
85.67084934927139
85.10655615360905
84.57910509198477
82.8373673331148
81.42859020378113
80.67994662965909
82.99630073012266
87.82933936281049
87.8144586317725
90.75434730910962
89.63126484820137
90.30303939500223
92.54778043529812
89.75065515583002
90.36311971726695
89.40577415421997
88.69229279686073
89.06525157817866
90.80331694504116
90.74829333287114
89.8985178739972
89.76099553760552
88.34945558955194
86.67731811418275
87.38788039595694
86.41924529420334
86.67497117673938
86.84983273161593
84.21980104495395
83.29562429526406
82.3839143510871
81.63538581552697
83.68218531362224
84.80392375268103
85.12382559981182
84.46569768961022
84.2173152706875
86.81049015480015
86.5840815198482
85.1997866953824
85.85411574582956
84.96408568720014
82.82209418631098
83.29611914919361
81.57935798640816
80.38089516917255
81.30592327643197
81.61769138017016
81.7618556423635
83.46101868062412
85.183674864603
89.0755644330425
89.94055474512162
92.38176352247673
93.50788666244614
92.80702821926894
96.12019866727206
95.55640723554863
93.62785777957895
93.72162532387914
93.07681508826309
93.32089939180824
91.39165825251922
90.52080087412737
89.97410224589427
88.53351933780284
87.40144266438303
88.89534697012562
88.27830782526173
88.9363784822261
88.92687592853058
88.79933422293573
89.49802283873991
89.56166501544708
91.681016242171
91.83852791538335
89.63486919667879
89.98081776448866
88.91468471901675
88.65866140518142
87.59808197446934
87.32210832357912
91.3253778151583
89.50736750073368
87.84671560155736
86.97889742134461
84.43211377469753
85.60675004676636
84.34810055766945
84.853309050747
84.82766652139557
84.02236852399434
83.64703118680896
84.89626165574825
85.93873991730057
84.17516919185515
86.49459057355072
86.3218567635905
85.38369760165838
85.63740663662587
86.23627430738978
87.07898391401035
88.57564768109495
88.06917332041924
87.37418038306332
90.37992998698452
91.7287656219096
90.98730715035232
91.94212686537095
93.30723058506106
94.37749364157426
94.75002633690364
94.6407597848871
92.88019881174266
92.85570158195166
92.66240421313745
91.65057504582514
90.85540197562383
90.02350552252335
93.46672999363673
95.70327871664516
95.29746360842375
92.50685323426782
91.44978732465367
89.68446933918909
88.94220822097492
89.73832482145087
91.92023274016299
90.73457353403477
91.01221603252888
91.9982803794644
91.3800871482049
91.3216493608659
90.83113541425548
92.95938022470649
95.05309184064811
94.96587405105929
93.57713967964948
93.56518748251581
92.6210396580341
91.34984187280729
91.11417441332806
91.10590713292748
89.06799485426964
87.8826587805163
87.10496546006715
89.72001993135085
90.16945083064797
91.23265884674153
90.45995624471362
91.83700674914991
91.04761717924146
95.51872711023837
94.11953284981657
93.04806059699641
92.7297489633385
94.423498735731
97.10235279375298
98.21823885778143
98.76988649439092
97.57873267720481
96.44466486720601
99.50823855932957
96.48018778008438
97.40626769536541
97.4320983217039
96.3441455215177
95.60620182712033
94.24357212373174
94.70150382828085
95.7355432505912
94.3993851720267
93.8321786026916
91.76217803814687
91.79629771495001
95.94696575577701
94.92741161492198
96.82646393678225
96.52495401129791
94.94824618685428
92.60672476466108
91.80513925897024
90.77222319782703
91.36169502184464
91.95437347166919
90.05247407225461
89.14514559317414
91.2318793935884
91.92086254045378
91.86559359898058
90.76824023296552
91.63944544262499
94.6171992267052
94.12690387410659
95.16111202981087
94.69658806824255
93.36985503419312
91.87150871090883
90.71546859605164
89.70261687536924
89.34510860265225
92.94575693631377
95.0284194429933
92.55270195842448
93.83887480967498
94.20321957079406
93.39539571590527
94.12463471580696
93.34223618873142
97.40860013507391
97.68771728361402
95.44880036558182
95.73014110160821
93.42567223286693
94.89768794824279
95.0058554928105
94.7976046134185
93.16175099278789
94.61159834186947
94.89510594017985
97.811629864904
95.83778131957838
95.28994884065057
95.42374356694921
93.82326019936765
92.06177330011371
90.71527657658325
90.31491463822836
91.05634193083792
90.00583747285232
89.18692612567831
87.05361917165162
87.52859731224063
85.83442446117198
84.6292527132593
85.68543505487317
86.16282728718627
85.26800714838245
86.15117630702379
86.00556380133075
87.79447261484431
86.38699467030732
86.40876078878654
85.62064948943602
85.27097022439919
84.9047475737209
82.72964791130003
86.37358831041084
86.85291380522135
86.15895073610784
86.45872088130602
85.57584483983663
83.88364821578892
85.4762217569389
87.73512483068637
86.26819677604911
86.54434105128273
87.23013851087063
84.8000703305672
84.54654047357809
86.31900894581138
85.66923028615375
86.12021515623529
87.65903081888939
87.32931669045556
88.8894777839166
88.2997888671046
89.32321637372856
88.50593159712115
89.21927075037844
91.08320782211244
93.39332689931099
93.24439084458375
92.90298031246827
93.50173384494249
92.62278391254702
91.30326206410622
90.30578079003864
92.68937868973836
92.02037514268743
90.66076646428624
88.71714154532688
92.00778683251015
91.94064904606117
91.598636363199
94.65574853995093
94.02465763584836
92.45656397177999
93.28147837349434
90.76384797231376
89.12837561810375
89.56099551597458
88.68038208509566
87.59270100017666
86.64931041365386
86.62774503272583
86.67385321242688
86.89007993607848
86.23856386923018
86.48866824525986
87.76155610247064
86.84812862517603
89.01971995716906
93.35706807779202
92.53735699151026
92.47001241159707
91.4443951488243
92.01492179237839
91.09863652394601
89.97132862031346
93.1684061055822
92.44292480175933
93.18298266968212
93.35788265800015
93.61002937387616
92.45638182285178
92.14364102812456
90.01874862218637
90.44418363146532
89.73348449686257
88.66489356801273
90.92786681914913
93.43154076649651
92.76245965948334
94.02770376554449
94.07453741675928
92.98498979622961
90.89089874348568
92.68978665931311
92.55709005442428
91.76653158117767
91.50951207156703
90.03701888544133
92.95254724044165
92.14099409440068
93.1899734371445
92.58254312297915
93.5587386786701
94.82871418767667
94.04392839003955
95.98867255712366
94.6907468667139
94.43865698629126
93.84876400083198
93.16342067147747
96.42289502019358
95.25714590552235
94.72019077839437
94.25427032560287
94.9236930443097
96.14799116720137
94.78015357428323
95.05704140125258
94.1325875891944
92.71228671669326
94.46532501601588
96.66953563412984
95.35540840353924
94.87271427608016
94.32012427771751
94.6629469658339
96.09686119226286
95.49204358707816
93.73772482192201
91.98407832885711
91.3786210807688
91.93620239074092
93.5437626003946
92.35882958275033
93.27296385364154
92.06048947976844
92.38654981367496
90.5070387197628
90.10814843911882
87.65765208199605
88.77379896609827
88.13247951539364
86.36557984416227
89.6474572420159
89.20037437652441
90.78911996288024
92.71601964748524
96.54449001037916
96.29558191800963
96.56078537833093
95.66449446388793
99.11050848034951
97.99320620358398
96.50444166993945
95.44089576327536
93.27810474341372
93.04131483316354
92.79047217078406
93.5970119656023
98.20982736027688
96.95349181858506
96.50622976488525
95.99384556799428
95.28200632733015
93.42555828403782
96.37836626979552
93.3359607514083
92.44930667495038
91.90754213972853
91.30353385621014
89.29230831598856
91.95699531258968
90.97072616829487
89.27933005150179
90.2502596023893
88.89104995242016
88.85241259014082
91.10159218661343
90.97305031436018
89.38961418191046
92.50159365969843
92.136990680296
93.20307591480724
95.77610634323497
96.89808654386657
94.29204097514608
96.68310474109114
95.98914477239039
95.43484068859226
95.32735091565435
94.0615021969906
92.58741296683957
95.21747771531045
94.45599820723605
93.84537059734078
93.15342180515253
94.38150201663655
95.4368748048733
95.99290378713498
98.35410379316177
98.38268864146436
100.54696750975003
99.01897829327883
97.2741989570104
96.6057408646936
97.10056267266346
95.45758964523445
93.13123094940337
89.98322192814962
90.00519644572493
92.66009372610891
91.94187639071245
90.31301675517619
90.40296603927993
89.9592661687203
87.83716720491023
88.52095214301568
86.93401572303605
86.73684522622729
87.998395794443
88.67344722647394
86.93351595245633
86.11947792759548
85.7893859722292
87.87532739897502
87.83523400590387
89.24423835440122
87.73891392548349
88.15342469929602
87.5772436007566
88.94622220558652
91.93681659865796
93.04303713439039
97.18447966023244
99.86208345702347
100.62489728659183
100.72483464222836
98.64535352376835
96.32585982479272
95.7918494112623
95.1944589346422
96.58280719693292
96.9894344257094
98.11328968689898
96.99991280015482
96.27205883437567
94.97777523325603
93.10842016175539
90.96107929313327
89.68766646392794
89.42038213245561
87.9563741649728
88.94292204157222
89.09957709267597
88.4001325023748
89.01311439772533
89.64056242675026
89.32634871759299
88.00716751710476
88.12469598313564
86.63632030416719
86.29149148952072
85.6008914669885
85.20775414659693
84.317607312501
85.75355522494648
88.23226845980454
86.70562582720547
87.57686566616228
88.08099042899822
89.18715824546511
89.47139579183384
88.93934017712913
87.63035563137619
89.21933532838099
89.00717286923367
89.15984040320158
87.55366665504674
86.52564186477171
86.23741058969594
88.72877805055371
91.60443964104545
93.36143263128317
94.06917833959848
94.79193796348018
92.86125718359419
89.55242505019903
89.37027301061296
86.78082668413472
85.39966955140075
84.8302104138331
87.12296668731864
88.4490643724045
91.72412809242188
90.72137420142005
93.01460988438582
91.86524433144969
91.66718728296607
90.54787890202381
90.35673949979147
89.97358799131123
89.10314956670398
87.90843406569716
88.4505544010545
88.46675695577935
89.15584424687025
89.91363387478826
89.16204952678903
90.25852583826882
89.54958362893822
89.0682534677905
87.46000794161937
87.76370581752217
88.1304971061504
87.25355111052782
87.7255831950302
90.74824742834679
90.83242793486578
90.03575370744203
90.62926388821369
90.84544215140448
94.8962853689735
93.58181068302453
95.31990734580522
94.50419948692453
93.27981335389076
92.39182754269905
93.90137645515233
92.08536851689045
91.4045562607661
92.0725711832702
91.1534572111323
92.29728168738035
90.73747500387442
89.39344958821883
90.09725016836593
89.38878122769638
89.92445645485873
91.52618047108403
89.68864846995255
89.14689416240316
89.49020491050224
88.9286558665702
88.68686551414137
88.66233105016256
88.69360507767641
88.8835094110427
90.4561455005561
89.92496676722976
90.73879345575928
88.63092262043558
88.1994996327107
88.99483473205578
85.71032885358626
84.71480481155297
83.81614466424088
84.58573185392507
84.4657142761425
84.72648872769759
86.39095310716736
88.16368709745606
87.54915382833138
85.77357376663831
85.89050747812759
86.97317415608507
89.12462670251607
86.82949872880899
87.72080690550223
89.84317186245278
91.55039761567265
91.28559488885877
90.09660690244353
92.00711034533468
93.9035485454097
93.40968686735174
93.88079441111987
93.2388051772212
92.30705627318513
94.18987601043696
94.55675786350909
97.5661091389873
98.03714538363256
95.1567461555711
91.96975520424438
89.90829679111383
89.1288157139593
88.64802241508262
87.49127437127402
87.5048821906946
86.21480700662437
83.68416122396982
82.98713114835594
83.84432506797197
83.62856995430901
83.92007587266734
83.57939251878372
83.41245060684923
84.63382858334916
87.56013357148473
87.74160037614632
86.86582372465796
87.32859859628037
89.08338595346538
88.91939267025174
88.2690889002286
88.61807180126019
87.97012550318318
88.61680266987274
87.59248801680384
88.42533681940509
89.65506823943524
89.12903576345079
90.02591556297486
90.6984946358252
90.24514855756944
88.92161647414024
87.92069691712608
86.67232551365566
87.67464636473547
88.34434282553923
94.29525851439611
95.92511199239487
95.67744708665816
97.8298766441333
97.36828678151105
97.7955914927641
95.59419885566221
95.73765190788876
93.3855035524522
93.04405399552671
94.44533214557974
94.37013561803631
93.01441142749154
95.28380605802784
94.90743296696321
97.03751180057816
96.35791393633038
95.61959628260001
92.9740154688429
92.17867302826996
91.88154091901085
91.10894224159183
90.83862860389588
89.26295387845343
88.49256074940008
86.77970714141868
87.38480511446762
84.1153054870917
85.12298376686697
82.86451669152072
84.50250601125941
85.17790715007321
86.5148800718903
87.1461081014119
87.0544743928794
86.64629959656169
85.38081707177633
84.93264495102413
84.44451421815371
83.63140425481654
84.21162634048282
83.57701313487239
83.20394293478671
81.59497931014266
82.07857060671611
87.97658026445738
89.30748064961061
92.53651251486565
91.76650155184826
92.4640943615188
92.75601594797173
92.92350317566203
92.19440549112178
93.43093115097551
93.08927639053935
91.80156350640823
90.51452669771892
91.95079488585552
91.9192125215724
90.00743767767322
88.82273764638457
87.89987193467354
86.15464194471207
84.20204496304424
84.04843238091956
83.48568451553507
82.05227208861422
82.85426777945064
80.94288944576243
80.63091231744554
80.30022331285994
81.3889695275158
84.8999548763719
84.16593302783414
85.37899893353587
88.45172001707682
87.68103851998367
86.84881231010606
88.33649782380282
90.88415336239774
91.12724854351987
89.96876928228689
89.17864247026299
89.5067950558197
88.14487971992955
87.47445914149556
87.48890174943821
88.6361015595826
89.71656497428559
87.47472287231042
86.76570209697863
86.00524629100532
86.61041784955411
86.67832594232715
86.79810502437275
88.1358849707367
87.57505334073724
86.42137798840197
87.36184633676275
87.21092764481905
89.22589201378278
87.97078989385024
87.81726839214753
88.85982034066248
89.96485484963299
90.45860307707038
90.63391189998522
90.45901180858782
89.49777967860264
89.42512605217769
88.96226510455118
88.17999183679352
87.70223523366232
86.40314418942697
83.62945419432047
84.5638040585775
86.67276971636844
85.95494578723786
84.22737227041738
83.3203064621242
86.92509371536646
87.54830503330706
90.50077598993425
90.0251090484765
91.44223471847783
89.27636396081662
93.46139513808684
93.28374627675164
91.93020171375011
89.70159381267436
90.36631297649718
90.05041090768077
91.21160321808256
90.35525595513145
90.82046747008098
90.26649201793924
91.46347917564292
92.32551561778071
92.82948212762895
90.87606663142518
91.1136555258274
90.15451786172474
88.89365188683853
88.27743331781899
88.35768014252817
88.41961510284183
88.15406664629806
90.17843522960408
89.16877315783714
89.65373598063282
89.23136428764806
89.5299273062952
89.97981190945325
90.61191712322837
89.07652890473253
88.92878338798153
89.56294972126392
89.30737915733462
89.83958941388249
92.35041197898869
92.2475141843769
91.46034047123656
91.13176408032548
89.92430286869076
87.99698068533215
89.43344136847644
87.21207007863153
86.72068425984205
86.4216312795167
86.92506105871354
86.25050339533603
87.42264175565074
87.04012154289431
86.06183012835702
85.39425518900977
86.05758603010388
86.20705938580824
86.38555419990566
87.60750937704309
86.71492480208924
86.54776795838646
85.56170152346522
85.05394758290208
84.70101649292279
84.18000814288403
84.50675914980164
83.37240193697905
83.05181954939104
84.07272759994191
84.16184683551457
85.80519979812959
87.04194174294038
87.64021067623032
87.26811278734999
87.05320393764961
87.63885423399535
86.73135932454883
85.8592189329475
87.09883171938631
86.29338865343502
87.41232901194358
90.30632369767245
89.86472237578826
87.86295146357723
88.63040946220632
87.80865594720619
85.23845123828683
85.73645253627649
86.16582750664784
86.29884150277553
84.5215522281737
84.88174974816044
85.08221479972623
84.97455258300906
85.21401054381998
84.32979507235666
83.66691128997368
83.54372044155392
83.46483786377537
83.45789776446394
84.02533495771488
84.04443230632315
83.8931143074996
84.56737425763323
84.50814431284788
85.14442197099144
86.06730887283656
85.58067474808537
85.80144157799076
84.6514859691168
84.91117494699118
83.73755465065885
83.21963149917352
82.23961701403535
84.45050855765872
86.41233565161157
84.41679580444895
84.34365236705625
82.63200694699185
83.09153202639291
82.16836539568742
85.12888303640514
84.95402072121225
85.89066486127338
87.7068150239254
87.15451974008799
86.52676279707435
88.18535438922311
91.23045487969327
90.75010611670871
92.64011436739415
93.84201097932335
94.28430917993099
93.1231616595233
92.99705919267666
91.19697814760474
90.9716246354698
89.09355905891555
86.38955509671972
86.96711142579352
86.56618195764533
87.25430896169267
87.26735329714354
86.41707228401829
85.44809195510062
85.27275338797378
86.45242846262997
85.24293562098926
86.45710723743736
88.97278970353567
92.5162206492008
95.27287818313408
92.99573723543364
91.14221852064897
91.58925760473385
93.59219633427858
93.82760936951567
92.35937198067218
94.10140174446511
93.58410569386676
91.79368647168023
91.05537408806617
89.90585362739401
89.04721838544224
89.22780047263704
87.32596366455483
86.40978164916845
87.72132921542453
86.84314811262705
87.92808139892124
88.88417628079411
87.75357168466542
88.263736705167
87.4832505713261
88.55578316507034
90.77747473123065
92.15657425873066
92.64484512690842
91.63060228885625
91.15705022007515
89.62759811390852
89.59164911347821
88.35499702116545
88.81606409559286
89.29697239806124
89.08551401187204
90.14529466620074
88.7010160206644
90.91265822416082
89.8470458534277
90.113309274499
87.395583558927
85.8730975710536
86.30793209466876
86.94154142989834
87.42281173847067
88.63079081689165
88.14145871597867
86.65972379397881
85.76103555283163
85.65742346816718
86.9591314676497
87.24061070398614
86.33212102201
86.29829003550823
86.37550050121267
85.93485999613804
87.51181033602091
87.16916259009761
87.71710739007065
86.99165371137192
86.82621804759206
90.42030270990043
89.87365731298846
91.91517710654969
90.90000694474743
91.35441000520225
93.21174182918305
93.0319867557932
92.46754247189202
92.97366670713541
90.12161188353285
89.8414649796441
90.14082600798852
89.31257677016416
89.97220923387192
89.25365222264917
89.39895735836703
88.94944990641699
88.85471181456084
88.06958491677284
87.73947844748994
87.05794449149218
86.4642709844824
86.1018852465084
86.72663213798491
89.65868178292351
89.14880513437676
88.11494422661575
86.80566126146674
86.77712370212156
88.07269879646543
88.05233312608742
90.48747465855028
88.66300039636336
93.07196524409414
92.2174580527681
92.42947748763872
92.8553020706507
92.64492297075867
93.03225470645732
91.21120388449981
91.58540399082966
89.8586291914811
89.10515840819738
90.75949339424983
90.65064470989792
89.84116981470068
88.88570324392275
90.54479488733931
90.49044193363876
88.84922673354407
88.1178258141677
87.38802611442398
87.0012197969215
86.48853279084534
84.64207603442546
85.39215776792767
84.22881658909449
85.59103044248486
86.3672606630499
87.18992557927939
87.80068702248555
86.3165990032891
88.07250204588343
87.60365403979044
86.86258376332812
87.00740778148179
88.06804998690312
87.06590422750646
85.9347844572371
86.61375161871919
85.26736271783355
84.34708101542506
84.37676663333181
83.59675062284086
83.25323114663506
84.41406066932677
84.66468500929209
83.61402730362511
83.5377075710156
82.47757724447965
83.13158717619571
84.137780725917
85.09691585581754
85.19928009725547
84.9816589662527
85.4883118102986
86.05445747984518
84.1503282272583
85.73662159915496
86.46800319188334
85.4196609919906
84.87102094091222
83.37769694970035
82.9292082512657
84.11546592729657
87.07880407585517
87.82559227101959
90.15869936643628
91.61543122364363
92.00768758976635
90.42192741968188
89.3523607161976
88.8936024368356
87.2661877262484
87.52805784571355
86.34134697786652
85.7783451028457
85.3569518718172
86.12911472535822
86.29969480430368
85.8207285196147
85.7215936148751
83.59804906996641
84.38695632782274
86.21820033927312
85.76748438906613
86.47471938850121
85.68993409568358
85.87671828186443
85.77635467877383
84.8858800729723
84.36749299713316
84.35653575020504
86.31439152125625
85.90495127409874
87.76581245502742
85.99153946483085
85.77684895607015
86.73300830498891
88.60599601285794
86.37911106413364
85.43935531585691
84.46016912385657
86.63935526758297
85.90717019022753
85.51415256548597
86.23464847374903
85.21619096705662
84.51794871145958
83.86904351816383
82.61475812855832
82.26770908943001
81.14255814614054
81.24162611821428
82.77664680610273
82.48481629911545
81.93418073516345
82.85745696420496
82.9543307320045
84.59476816069996
83.32746084385862
87.34536330794427
88.91001491507393
90.13921239161739
87.4987021091508
88.81580997406516
88.28512296511656
88.20819797546076
87.60972882075451
88.32031189009923
88.57622050333117
86.81046903376901
86.65590626056999
88.53756712262276
90.63358339667919
89.71840573931878
88.39410478819559
90.43817406291576
88.94852665573573
90.0668983937041
91.14056541702894
90.31980301449076
88.19213504394247
87.44338435676697
89.16523960304744
88.19158534295157
87.49033133332128
86.53657093400368
87.87669205453075
86.81434729723843
86.12979372499488
86.88840496346909
86.26559392427268
85.70045924733793
84.4840155887163
84.20140314491475
86.21077825711075
87.27733574540589
85.92092535868093
86.80908313497055
88.21660848912033
88.85267390282003
88.06533156759303
88.94648964717254
91.49239911393794
91.27389503724838
88.74180047684646
90.03471120609456
89.63320778359963
87.88141328725396
88.00132885828273
87.07049309524572
88.70876983206665
89.31263265645238
88.68169606346382
88.22273568091553
88.02400505211914
87.76690644470297
87.99404548996796
87.71971445838716
87.6481461655561
86.45053172088342
88.30216812649036
87.77697644884826
88.3795545499099
87.88399450710968
88.83635816683434
90.3704758054149
89.01348202408961
86.98970622222421
87.63614758806801
87.91071430203378
87.95351143415363
86.11618626427293
85.99193849565111
85.26705820823776
85.27825653210033
84.97474247957257
84.7327861119806
85.70255617284046
85.92965665493864
84.78225193275921
83.0096933422813
83.72976579835374
83.18677195288262
82.53848636371328
81.06650660372338
81.60341922078771
82.02815168544609
83.71649689542784
82.69496904258698
82.50763347719435
81.99096929595035
82.56057463192198
82.42347039551211
82.88524764899653
82.84206591927376
83.49853429855996
82.5370451199
84.21758694527524
84.65448009570542
84.5172622314093
85.32855782531055
83.56159883204943
85.7455952607848
86.25184506552091
88.25491128641127
86.72852483059272
88.23235603363742
87.9567560164679
89.39028888417292
88.40637366784166
87.55742469579806
88.2970767616717
89.90679346966216
89.4431365070961
89.00182966822362
88.28172952126857
87.08118654389092
87.93156974561523
88.31371264696517
89.3595343778359
87.8701698412372
86.75803713626854
86.73550177067457
86.29669348198918
85.93905555385126
85.24546462523182
86.20300348052982
85.6001411183969
85.96872654008111
84.7590497010774
84.62652248646174
85.88429108760094
87.7601480203515
87.39194574131335
86.95777931544187
87.84955501067671
88.23480731318787
85.2378234962171
86.09087160315735
86.18520186274021
87.28657855813115
87.63590039743796
88.90116642685231
87.04177153505309
85.53259382638306
86.39171816794025
85.10129665129124
85.64692257544388
84.85316069467414
85.74478481807046
84.76949880071628
83.56622858931088
85.42332662365145
86.0355236063606
86.11402422082107
85.83434755962617
87.52013216223386
88.07589716928972
86.57615630545399
86.08174217330549
87.41562546924949
86.3034910460246
86.40064825448977
86.70386339479742
84.9186407706714
85.13348331433929
85.55943198058618
85.95555497404746
86.73833848824741
86.30772386042612
86.75545529767751
85.75019099510828
84.63804249064418
81.72741234785492
83.51198031054828
81.5963718087795
84.68444468629424
85.34030541294405
85.02137565744029
84.16130877853652
84.32676526185101
84.56464739242153
82.04831114260804
81.88420335165144
82.07236124750403
81.63743181568815
80.95153101540974
80.00648698155848
81.89910257098097
80.96567383457074
80.92829192825818
81.51722779985899
81.73208180762106
81.1906810338842
80.046677129262
81.31493295089588
81.82441391054242
81.369075980201
81.72484219725983
84.47626149258713
82.75819514909956
84.054961687109
85.07317001759878
84.54773792022185
83.2979495654576
82.28812698266034
83.71522455016867
84.38263821003302
83.37078575467186
83.3061264636383
84.64593163424317
84.33258955722437
84.59531702159548
84.07410868505144
81.78853675519187
83.49524381473354
84.45640913009758
84.06337504836296
83.92326133852816
83.10094601490705
85.4801796834105
85.7755076036823
83.74896901728684
82.54097870559382
84.42914884186177
83.88193634465699
82.93860379930452
81.4132473226034
81.1810952868072
81.47908539412461
80.0805667068536
79.77626994052116
80.44840287223464
80.11608775383935
80.16486722616835
80.72148859628184
80.5368787273709
80.8141576600901
79.7730184974148
78.4521830442061
80.27887872081773
80.03486167238849
80.87444172745909
83.00479839143088
83.31972575597075
82.96915930080456
83.72102316348318
84.3142226884364
85.11507644397751
86.17768722416756
85.62544522644149
85.09616964150588
85.29717843516462
83.71671231042879
83.6399444653802
83.47831202916298
83.79329041390172
83.49721472441323
82.32557808278463
81.63523440854276
82.23769153443753
84.37279787150784
83.79462985942122
84.06681553164546
83.05723043457871
84.03621252127519
83.37868161404604
82.28146915926273
83.0951209727792
83.67179252592055
82.9968362399828
81.1249943513971
80.17949280167417
82.73390290218983
82.14987312419306
84.80961136963471
86.69420678140916
86.40617741254466
86.23480432275882
88.18413689545712
88.19140687120114
91.41010327156108
90.97032153940667
91.61123838819476
92.50384033989924
96.39760846127562
96.14910222188095
95.67172663024816
97.73081968957864
99.33243908957765
95.87441330402996
94.6333300084479
95.89694200980436
94.9980145911082
93.5768677673452
92.48783416227914
91.17937930855996
91.59518687155752
89.95517294606609
89.82304516153087
90.2572157367215
89.0649632155984
87.17931350173463
87.54123293547266
86.2210593272214
86.2092119071774
86.27618694588257
84.92058875159503
86.1302459039894
86.7100280279197
85.3288479492579
84.96885675466714
85.17233976297604
84.73712045210968
86.54933801366413
85.17153035853707
84.88461642000513
87.0606780965545
88.74609033065678
86.13669733242418
84.73814123677239
85.85964476338756
85.28654790185924
83.74706276885094
83.8873333419551
84.72047388537
85.10418128493961
85.38112903735231
85.08791704974121
84.94177425421282
83.92090130115753
84.93886509987696
84.94464679622577
86.77582606644295
87.49200836089884
90.63543834117812
90.48744886009234
91.23376228670129
90.27088646577239
89.33351702813668
89.75141870696982
95.28566090643194
94.30958655452795
92.95997934585556
93.1997568863105
93.08807571244971
94.41537160225282
94.78145592744367
93.61408208371074
94.30233402209373
94.45173674405086
94.71461597025521
94.25332784314598
93.77986705976113
92.81255593851895
90.33207281807435
90.56307244369148
91.28474882847708
89.6533368773381
89.98520852532907
91.20532122441318
90.73545755273935
89.16282112613221
88.6038186222787
88.7194397787382
87.1793169520704
85.5800944487299
84.90472091383513
82.7742775286036
81.85229061852493
82.71076742590347
82.60756652224364
83.05259811578503
80.37711804874665
80.84230534199284
80.14153446865835
80.50097178141037
81.94015431041352
83.29998768686754
83.30899950270366
82.9909850095809
81.83147434647462
81.8950043809901
81.21745700493338
82.58093856236079
82.28745978860917
84.5095888013931
85.17115589126885
84.27958186191448
84.30060459113358
83.74542739500438
84.55932121326315
83.3363386583348
82.17679395255506
80.78154234781674
80.501451438436
77.94237272221173
80.51743962303733
79.75915431973894
84.30291622825406
84.86846082789783
86.34500995233601
86.29992670731762
87.47705813706744
90.56597825674137
89.55468137740704
90.2691125819719
90.0768949260863
91.57438109683575
89.00126663583752
88.631209410538
89.4291839818795
90.1921914169375
91.26838346974444
91.28979777470924
95.64966620611247
96.84840854549988
94.84415723100325
93.52286270121043
94.44857555331771
93.55188637807103
95.22270514380354
93.46229037422044
93.5931421999082
92.0893783165824
91.88108340735651
92.16661540765746
91.79611553050384
93.41146528291902
93.53549886330855
92.22999068458479
91.58114506375196
89.60789790033432
88.96463755574557
87.55630473754773
87.71243780989909
85.80575908361361
85.22453378252497
84.02699751689995
83.53868233428338
83.81550108746464
82.90974773066421
85.41620551817404
83.99843907815016
84.18945707801457
85.24350887475369
85.23203970675628
84.9802448641539
85.84089239808566
87.9847675641133
88.37038795934667
88.80021674834748
87.47787973955006
86.50631101953317
85.75043846438203
84.94949457413082
84.72653085979844
83.08116071626985
84.53491435135489
83.43272928419508
83.6154483747789
87.44528925404647
85.7831276487112
87.2999397340476
90.2480295538875
88.9409312740882
90.45149934909603
90.37169300421624
90.38797107896644
89.97611115451042
89.24111963232798
87.73016092371556
87.75003004396423
87.1001497972438
86.26504807518386
85.69905103210326
87.01928065760262
88.79093913368314
89.48499554870936
90.72436874292865
91.6038827443176
90.86811009762765
90.63927752669416
88.07283974425825
89.62171279575645
90.63709397581898
90.62806448410052
90.35202389954026
88.21898347588797
89.71815327188887
88.96173849301657
88.90871776500167
88.88468964335576
86.85910231949414
86.12584846374207
85.88840156317556
85.77578405789146
87.11421489609017
86.61865791572535
87.03234999524346
88.56818378756724
87.33102306550575
87.12468455802414
88.1371705370547
87.41066203161884
88.13659305603184
88.62688098855419
86.53532865227392
86.39323697021099
89.97763584894913
88.9224522734661
87.39416837425642
86.70433454297128
85.84901872915738
84.48428585074501
84.1924738024463
86.10643103022399
85.88646381955452
86.21755065548719
84.995580717953
85.05886157195201
85.1316867681192
83.68549836491259
84.12406382302424
84.26004966043766
83.07297492820315
82.36801196580565
81.85390150420402
83.96982465704237
82.34481286131262
81.56057645093955
83.20637810828258
84.0246136751836
83.83658526359042
84.09342232811778
85.87106558627156
84.79988374309332
84.25013097008028
83.8486101800765
83.83023231352921
84.38838313987509
84.37921386352905
83.57934604992204
83.45111325777751
82.93997361696555
82.62334069271124
84.0378144863424
83.4223740914038
83.88469561469421
82.8072878466437
82.37752708832843
82.64040071210177
82.6033380351874
80.84019569129626
81.58967318468869
82.27115872270171
81.77441694055001
82.13213384824466
82.5511933629958
82.0990617978005
83.3460195633687
83.39045488914317
82.72033706233913
84.44967415963356
85.31030895186676
83.74004837705422
83.98067991504806
84.09314448313484
84.1020273630805
82.20018535603596
82.64205868064575
83.14263527004755
82.54447361126262
82.1647850047774
83.93150843253596
83.38155650162926
82.94179345347295
82.51964135244344
81.89332203348366
80.41942376585712
81.12302951014165
80.39309394189428
80.0815454485886
77.48824834827192
79.1347726437474
79.23890544604906
80.76765937849663
80.85243988908275
81.5092244888556
83.52611454579768
84.08534631215635
85.21681883710536
84.95778516549981
84.5801236654646
85.21949282668379
83.72032693326082
82.65612073834602
84.8172729663931
85.53892738834402
87.69384821716487
86.2239416001837
87.05961292903208
85.83628882917465
85.30100684734411
86.07921720127659
86.45770673703292
89.33249976032198
93.16102870248653
91.66573503938234
90.88159628578028
90.57877476677302
89.48356116754454
88.82460926231732
88.44078240535148
89.4857499034593
90.62686508754017
89.23690903981277
88.56701798356475
89.45592145596565
88.04563793284413
89.38618502384907
90.76884420767767
89.46314147182801
87.76283001317469
85.92973789778944
84.38879873113453
82.63576323597634
82.7620890818883
82.77696825434954
81.02419555536505
80.85694008955825
81.85178892362066
80.96254889173059
80.35340774929846
80.72888963138577
80.9516261169547
81.72006136688964
81.06712136731548
80.32190684625374
81.3671210370864
82.40476379761668
84.18774664528469
84.58366319284774
85.27592667221997
85.93161859221061
86.55580875438761
87.84141659983551
86.13130634969299
84.5983621846117
82.538311408804
84.02408782439737
85.05589383994645
85.27843519097232
84.39039550784177
85.30888230925078
84.62087745530151
84.7244325939139
84.35280895129844
88.97697792957291
89.1043583400187
90.59260948895356
91.20091984946647
89.05704131287536
87.92595512949211
88.56422296290908
88.5286289546097
88.60110739326574
86.80632212735313
86.9297675670747
87.01800467239971
87.92497778166734
87.76816843025526
86.31004975811904
86.2406916177599
85.76856865848747
87.3069942798314
87.10072434253897
87.96232426960552
88.16403770012468
88.86005093667717
87.95181355184332
85.35859253556606
86.121138279143
87.96835514249112
86.77134191523764
85.5158671102147
85.42558358092006
85.70521755047743
86.51114488165354
87.31117227812798
85.30270565417901
83.31362652955282
86.03567543747747
87.69513748214372
88.60042473432188
88.82131912002754
88.48557195497789
87.10561938450475
84.1869208120967
85.79244871103342
86.11354152889862
85.01578233333095
84.12870766677887
84.23112453919578
83.93304763630427
84.13047909767103
86.02422391289524
87.1426446891399
87.8889544806216
87.68272123610961
86.26524271437
85.0633245941969
85.65754737692073
84.97817602484292
84.80154641738697
84.58355285091044
85.26496212938738
84.71295140174351
86.9161670875077
88.05989584819258
86.49175085006542
86.42777113974208
87.39627616952704
87.82663859083553
89.59679267787767
90.00696559040884
88.38245512282042
89.38065142875342
88.50936532512067
86.45782393220563
88.28554159240772
87.20472436157267
87.24034399986792
86.41365511339836
87.46082286882216
87.880217417084
85.76000322333736
86.60104990631821
85.11571732349252
85.62007993672363
88.29077143286045
88.27686154868499
89.2330110153721
87.99117689123891
89.9907986734399
95.70018393744398
95.36407614433242
96.41398834768931
98.0694817528743
97.50799892975914
97.38547343100758
95.75825307443554
92.20298712247089
92.85507137852144
94.19297238735173
96.90496790387081
94.0968740791089
95.52369507942623
97.34954743077857
98.26069666187749
98.59652931764067
97.16694036762149
97.56525184295724
95.14403790524634
94.66256235808672
100.13210190835554
99.08402612093221
101.22971534933501
100.9788228086747
97.91669189523228
100.38472294804632
100.77491145393246
100.46577681225716
99.71688532324674
99.12895138979643
99.73411115490654
100.52708873393657
99.53856561409641
101.83679250222654
100.21498628084167
98.81294553953177
98.05879421729072
96.59932223002649
95.65193518534834
96.72007015697413
96.22539859713608
95.71911825266349
96.40742233473807
95.93647948578561
96.2188116840658
94.48022444220783
94.28179980735192
93.13804967617959
90.26436656763352
90.47003029957794
88.84011185022902
89.50704158706614
92.53357353071512
92.16176301390699
91.29306911742422
94.27201267854595
95.60699293284226
95.8189028571865
93.17301595883418
96.83936269256598
95.43965568598247
96.92187704040599
96.16125479819988
97.15692943448457
97.5263473431466
96.62087531766669
95.3450429912807
94.25300963839105
95.78061068519439
98.47099056825623
99.20230768583833
101.35896963590473
102.09218838637744
100.41827217645157
101.26245252948975
99.01846269087453
100.1657503177289
103.4742040599915
102.72171218028745
103.9108901502667
100.70259382112302
100.06053514598815
100.22866781389995
99.61414728729083
101.23061328359204
100.61676603660958
99.46716885559637
97.43959633065715
95.74023408161831
94.8931622420894
96.29245764670843
95.34606524705916
94.00531943358646
92.24143828596671
91.99751467565068
90.36568311291101
91.90005223201779
90.45005885166438
88.92484125439769
87.78132494932063
87.87702225701388
89.56274235510209
92.13898880343216
90.40851072945921
92.78520839755735
90.54018343406253
92.1297381897768
92.66857250430571
94.09080968804632
93.90906980203654
95.20886776639544
94.62093979740901
93.39511243073825
93.19545711596653
91.7110527651249
90.07944213548757
89.49519078400873
90.10229647607146
90.00103672059157
90.46850467794614
88.84303827237676
88.96043862566597
87.0359929497742
89.25954562458801
89.27252801493104
86.78464591491228
84.56408478717074
85.10911390254712
87.2390931969781
88.64696635587579
88.98601243144898
89.09112609129063
90.84262986144037
89.37417597639087
89.03216802629912
89.14476017660273
89.1355027063841
88.891886288763
88.47100018605421
86.34355778880735
84.13167643932972
83.83592349419364
87.12111552260171
88.40488141629118
88.68537275335422
88.76316555338089
91.40750204421084
91.11467902657955
94.01405512974448
95.39413580535127
94.80201308588343
94.80489026227036
92.30915123840977
93.21582049180063
91.42488931847454
90.07623323818932
90.68795280045751
92.18839631549756
92.74965965598885
93.39341818290758
92.5257856601111
91.84137671437789
92.77230056586802
92.73869581672237
93.09285552569624
92.1896373643878
92.09572550629463
93.04289516847878
90.568097308421
92.09514361545578
92.84042433515984
91.26487098400108
89.88000553984644
88.63122248150201
89.01339258564983
87.98168763909867
85.87624573873582
87.52611658490156
87.51146918451134
89.72895198961734
90.1418582766562
89.14720267875872
91.37591382739471
91.55173306616454
91.93802849830101
92.28932482800623
93.92317939514459
93.77464573244347
92.19528838997489
92.15482478894236
90.22213423060224
89.05174266020184
89.47306114809017
89.16636070022756
88.574118676087
86.26111829832226
85.87026654408214
86.69150564272192
84.77795338890715
86.48787552885435
85.2448831827357
84.5700022659934
85.87296424316865
85.95783064711283
84.45607372471372
84.81787087807912
87.34752381167128
87.0003530418836
86.78943698734787
88.41359798982369
87.41846593211089
87.89639401243605
88.41451635738967
87.75450468913925
88.20625336001989
87.36400572222504
87.9593432862725
85.40138247747652
84.90328612182171
84.87314253176397
85.92395660684862
85.2472082052737
82.89553832254796
81.14162602711735
83.22311919138234
82.86305093477084
84.22468520995035
84.06460235369264
84.97779734042582
83.71859800700318
84.52870809664415
83.77713768844879
84.70874685252711
83.82275451184465
84.39649161983897
84.23749173788337
85.33786608550594
84.60580781468713
84.59140294143215
84.06550649489817
84.81446203004725
83.27009069129392
83.93044458468478
83.71975821136758
84.61535556276353
85.39274321435049
88.13158121232578
85.51407799998401
84.72583979167997
84.99933452375802
85.29839971237286
83.99197481376224
84.57127757148099
82.059385737468
81.72049472803094
80.80853095973237
81.7943626522143
82.62564118114294
82.43917457357625
81.80661602865038
83.11670637166942
80.80785240199674
81.65581116334053
83.730664037474
85.26451364193144
86.15480849186832
87.09650936525789
85.71275212515019
84.18426331105283
85.1215394117267
85.63191450578887
84.80304708627519
84.7652363180601
84.8087459611484
84.25132688907317
85.46880166130263
86.42865098660783
85.66126558910348
86.94625604534373
85.65963652941483
84.24769015477777
83.28968465070429
83.23943235667406
82.97109642303631
84.57431314585139
84.55768670959054
85.65689861552151
87.14171820380125
87.95010278523803
88.07395837446907
88.71007706515829
86.718880123004
87.9595083764626
87.63529881103763
87.0331343689001
87.16407755216544
88.85800454871641
89.06754478838272
87.7369840821061
88.98421029269551
92.01973334582333
92.62117722616316
97.20025902753733
96.3259120843797
93.52379875731279
92.38528650945241
94.46278738686792
91.30053977126451
87.73172245615349
87.67877066334871
86.75548524215158
86.95495084335937
87.01367096802811
89.31408748492714
89.7021610926937
88.93521846853928
89.29826822403817
91.43606393558815
89.50447007988303
90.11838956688862
93.05897864323089
92.4551749897041
92.92016150621015
91.46055401989912
91.82028920864242
90.95735592294051
88.70935804833802
89.52166983718423
87.12514873510557
87.45092850440842
86.28731074558651
86.16041349594067
86.37384535693336
86.3476755763264
88.40165410735827
88.69049993902952
89.47766614247375
89.63475350699558
89.63457157296313
91.43083710228522
90.92565341063458
89.76039609902345
88.81646660159392
89.53038226816591
88.09830036335164
85.9358383375948
83.46258874861682
82.73155085876058
83.58094443804018
84.03921738749305
82.64933421566236
85.27622977130729
85.43309968464685
85.58666033133048
86.35293151231079
86.81760956722263
87.61790545777565
85.98609686322972
84.69315955914055
82.58594627094786
84.92956480466873
84.93289459004045
85.11379350283725
85.16236865579289
86.99076519110949
89.60808106795689
87.91132171985731
85.96082068033496
85.00745433565652
87.51400911628035
88.79230391462607
89.52639805139243
90.9920860744594
92.44551077043255
90.98045567246382
91.47827262382586
89.304797971533
89.86834602660628
90.26901584049077
92.92285281689657
90.23556665069707
92.36645003494405
95.02415442045529
94.47076293746596
93.66412199823321
90.68656183461637
91.50633607390299
93.89805535419852
95.39885185260958
99.34332464022678
97.42628122584199
100.72654970746278
97.07256003107332
95.60835777063797
94.75120579309956
96.39603822173859
94.66038496774921
93.69883925202532
94.09540262624981
90.76497616570795
90.04474472781563
88.62562548502956
90.82274248031243
87.73235881901047
87.59102593108193
89.65295473926146
91.14412984079556
89.7591891708238
89.97789358797297
93.15837186402253
93.41594406869274
90.40729999249825
91.04894189707841
90.97913857233358
90.96362845832154
91.34945468667395
89.78038019341106
88.83524001239586
89.75480488509409
89.59557531324711
88.37057024315563
89.20600152204456
87.98632588340887
86.61490328868511
87.6550281991376
88.37525091224101
90.13007271173036
90.32037777384033
90.15220453760334
90.9255469197371
89.92153237390056
88.98013114581711
90.2431963121119
88.55548107901342
87.22516192283607
86.91284065884119
86.99805732334046
85.93467247304227
85.02108404243901
84.33879485943217
82.55674669522726
79.95444880052338
78.71924282600682
79.83755943449536
79.92473639495564
81.5935152776551
80.18379944043805
81.61500069473287
82.13830619455034
80.76293002926599
80.61771645733964
80.37980175633776
81.04337594544216
82.46053176047535
83.04437134408589
83.91786543220557
83.24730375536649
83.32741032217046
82.90891499602365
83.5723839691604
84.13260951218112
86.16462697916101
88.08751590550062
86.8823783286161
86.62905853956008
89.32977826659436
88.3040759428736
87.51417746993158
88.23276591604426
86.7097931481939
86.15112101300777
85.67016940837081
85.38823280557051
85.94799266716946
84.82553726849204
84.0644279227489
82.54807172897725
85.90067176629228
85.16841341721667
84.23091251503304
84.81755763829567
84.33572987446456
85.69641119563026
84.74137107095576
87.36878116668281
85.69837382910521
84.87232975174211
85.57332189463791
83.82040172137513
84.32935106225655
85.33171257010935
88.63833481154116
86.8806269334889
87.17074035477891
87.30068188639389
85.29676884576669
85.67493374441842
87.56474638527953
86.6703443215264
85.29616565479482
86.83787417831553
86.90296992699888
85.44043586087643
87.76754557393849
87.46869100568485
85.67439965579253
87.92196915813663
87.45296097411908
87.20513701447996
86.23264463328243
85.29823220421422
87.55015154450224
88.62918120500626
87.00183059518261
85.25372827188876
85.25793226212818
84.52831814263335
85.5417334666477
85.85952712196324
86.8606104612556
86.4713490887366
87.1494534497266
85.48083600792016
87.83515228433586
87.48891107434737
86.62406491726054
86.34540548212819
86.31399296711916
86.54627416233085
86.01700742284291
89.59873757357938
92.97125153377529
91.35776831220655
87.94066066946196
85.90809361391194
85.43635650796664
88.38726278048927
87.14521375282557
89.71074402748776
87.39198006677643
88.89598477169933
89.0534295169013
87.67715902478044
88.23174917771786
89.4191797233519
88.06037293261184
88.22001018636824
86.90177071190251
87.27437993969254
88.69135839531364
87.25653777786287
87.4353174515007
87.03000835561653
85.48227631489823
87.17988761745836
85.58374470481822
85.72139729410463
82.90357977158297
85.38442317598947
85.67028654795557
84.24183429789358
83.5750091872772
83.56465820983752
85.64941208989723
84.19520963486289
82.44902555907981
83.59497572239572
84.64976268157533
84.35776238199355
85.53279538864902
85.169393549595
87.10182099746324
88.0696689904133
85.48871412637394
85.43759624699545
86.18161925526425
85.66824441435342
86.68358339152613
85.33172276045728
86.56169499979495
85.29776315172765
84.45640659609893
85.74664597957499
85.78205319803915
86.34100676614197
86.22246316286191
87.73604801196063
87.21851470186384
87.0100425504333
87.64552346798843
87.39745269232417
87.90981079375655
88.80788761948212
90.51895312864205
89.95484141618003
91.87546073674947
91.98952022838841
90.99926753348964
90.02171038949264
90.1469705450897
90.48562072569061
91.04500472647102
91.05555252546397
90.84833743501558
91.16179576176344
90.35815938295727
89.7775564584589
91.55719704306091
89.01622215351188
88.34408973772481
90.39257317202008
89.4349744063333
88.36715209785575
88.65330571756947
90.19051359347044
90.1020592490959
90.35055321729355
93.48326686271257
92.3844374274055
91.76341057447061
90.85860711623056
91.23948909906235
91.41485829645197
89.81494204735937
91.24848756626963
88.51566880862318
89.06297239420334
88.70598164696146
86.84373948120162
86.95748454755427
88.42335569232405
86.19004381671927
84.5596403231632
84.6001798313806
86.00073581467854
86.94349576265834
86.16032727626408
86.65735617950777
86.88866019899649
85.56287902476946
84.13126705157015
84.91260225813618
85.00398950813724
84.22997907986259
84.21615647909836
82.74919532164428
83.193616670629
84.49107788013065
84.5007518699045
84.74066274531509
84.48680654832884
86.30105404494344
86.65038662373891
86.88594922785965
86.49717678501261
86.96072534072486
86.7108671174997
87.59162869326425
87.91204905929528
86.08588609963712
87.27676176805002
86.65162185225469
88.43257699549403
87.40470629470559
88.3204182610494
88.08731011977812
88.14531614379398
86.04966806943318
87.78505027342685
87.69046962149314
86.92853996061548
86.50194835786954
85.85441076673096
86.96449850201628
85.87695117851707
89.09146274569831
88.94308249315469
89.53830402957058
89.3012189756738
88.9308547057578
90.40295169884367
91.3260236734027
89.37485747701739
89.3879324228766
88.7764490941751
87.83176636948262
87.04256388073429
85.31318477095876
85.4794128572888
84.73548995520014
88.26716686965067
89.12566032859402
88.65619832637753
90.8126339182053
93.33954782564587
95.74434620936745
95.40712143893836
95.06170287396138
95.59634180944592
96.07147182406788
96.34908376540142
95.65328570337458
96.62038615357064
98.28167049796929
96.52212287009357
97.63193129790882
96.36437928922035
100.62747074051
100.4840043667094
104.54796227277917
105.70091728810594
106.76891391409458
103.60491852014576
104.94560351932327
106.24243390109874
103.12755454639212
103.8623370714945
104.28451558228248
102.97932082832918
104.07799596325181
102.36924899431071
102.07731350491805
101.0394389563252
99.9503959963541
100.63457815530087
102.36456696179607
101.48043389642694
103.09139347580857
100.88070713691603
101.93120754299228
102.12391223227645
101.25940962813615
99.9605126353334
102.02724529187022
101.2885921099035
98.68777118567084
100.02056734494725
99.9631323959986
101.56504185394066
102.06048498624368
100.92073675912717
101.29912886959708
99.04683296659533
98.78415846289488
98.50662020744464
98.94035337398992
96.96276983297814
100.76380412950994
99.4577198954016
95.6144019053914
98.83527578288476
98.98411100911817
97.61847364995974
95.97584229733668
96.56731238201438
93.08949082264843
91.13536449313165
91.76142269306253
89.83932639551706
87.95554396776916
87.70528711922191
88.5280413425871
87.23207389333234
84.82017149221647
86.42962175561124
87.04776546614275
85.98485760968384
88.19080877675721
87.13962950696606
89.50814228422145
90.38592974264024
92.32094746424106
93.73321917850282
93.33162073532021
99.63324293227451
99.87733659857777
100.6543825240976
100.58108451068054
101.40803519137357
104.24433850052488
101.929432179457
105.51800496042067
103.86501406445623
105.80483357865785
107.28786674807503
106.89512093925897
107.4789334688073
111.39599478262343
110.27135148270571
109.641480336992
109.26116699420591
106.9781499785574
106.45530854761975
104.95781551695165
108.56943316130385
106.32597235810623
106.97076165004674
106.36201717603257
103.78746608161146
104.58166232985766
104.81946443197052
105.30363456438768
104.88245070302611
106.51385000403525
106.26845686009106
104.68574799785887
102.22704074098029
103.26523091558249
103.59448855635786
104.63911864173268
103.70327008071011
106.09330433603024
110.12256325039667
105.17708526789583
111.32417493549778
107.13645610725825
105.69338842392654
105.83068673137738
104.47120251761208
107.08315503207635
105.27756745829033
103.2217196686535
103.98058940610666
100.62236104781502
97.5848418916051
98.31026243421366
96.30214805325203
95.58699650567938
95.58740512801704
97.29702670938403
97.80172287429646
96.62940839243473
96.50348773814761
96.77465374848101
96.75410662663509
96.15975769303503
94.2292999223307
93.27069009639298
91.86598289273952
92.63122955944799
90.71667079477692
92.75654628386073
92.14758772813967
90.87997231870104
90.92506765737065
90.48483366144099
91.70675036620152
95.25082227267313
91.28478339809459
89.49840391515936
89.70938594211937
87.96119687797498
88.47804224174544
86.22724687446728
88.0879021275578
87.75448320210452
87.38541827814055
87.20193881669393
87.19861987545762
87.69147979607239
87.58293263645369
85.62261497191152
85.10031587629881
85.79999253727438
85.51763751754602
84.76013192096983
86.87330990496439
88.16405166293349
88.26909615296131
87.99607412835347
86.10034464282107
83.18906442834225
85.12669242642946
84.7441779625999
84.50253179264307
84.23533961810456
87.60927668751077
87.8043816731033
88.89198479674283
89.33020164825302
92.13283813410848
92.52558436328917
92.15213267373971
95.40125009008068
97.86280949559595
97.58560997241032
98.10407931328228
97.42862113080857
96.08340908645758
97.72094568499872
96.99514055918335
96.13294819352967
94.63690646327731
97.50725423279658
98.0818269647535
97.24378151775167
99.8482773621643
102.44517111701938
103.15434591692588
101.88396184496246
105.44349663415157
104.5960158642289
105.4289961830651
104.22992955124597
104.12513771199696
103.83234237782499
101.32291782531158
102.1147376555059
104.56420148834837
102.47812004408961
103.97155386796135
103.5443962968077
103.59662999003562
102.43227768132597
101.2343861254506
104.44794826771184
104.61567867267196
108.04615938916632
109.19463829485949
110.5336833147784
110.32722211023443
107.97649636429418
106.98135286664797
103.61565765012114
103.20629470431557
101.9619270435509
101.54332199689209
101.06101578353365
102.44036402146203
101.6053693820532
99.65069704851639
97.3037517468995
95.03707827123158
96.57144226677043
93.54705454028823
95.20660817149698
92.67105339464118
91.68975685249346
93.21584736542938
92.41377982634319
92.57271320979214
95.12856930443884
93.70251403376149
99.5254723343736
95.58145578800897
95.87975288868887
94.59351558359165
95.32594907076432
93.48457825764167
93.55890530709958
93.43341555016515
91.52770175622467
92.83053525295608
92.76000642626573
92.50763308172014
91.24878215550707
90.26162571137543
90.3136444448697
92.12900688072116
90.66879808520405
91.44992194495718
89.52614905167559
89.9898454832287
88.6921891623318
88.96942073170952
86.90297188165835
87.1478948473035
88.16807128669514
87.08799713858366
88.36393959137658
85.82232773276407
85.58590205006895
84.61549923163818
87.09178292657744
89.77716033305471
91.69546846672188
91.6725335733396
93.1004222099895
94.00859981678532
95.29280425916514
96.06414338420274
95.05325290307748
96.02426894507944
98.90371387822724
96.82438464369562
96.41822450655577
96.43588492081017