learningRateDQN:0.004
53
54.739018464429535
55.83377480147115
57.12341833670792
58.252603793800326
58.526727854920765
62.85338455033431
62.73520881188645
62.083244947368534
63.78095702799211
64.98659649108437
65.69236900845846
65.0441456778354
65.66944869953697
65.0368600771983
65.29173044496765
66.01910394654415
67.70012570971981
68.11010422651181
68.96642681126652
68.10797798517517
69.84091157485827
70.07609454504536
70.18804802625787
70.22150609077022
70.69704214876326
71.37249320254918
72.51707989072364
74.88366232610616
76.71884138986411
76.69946979090449
77.42924210125351
77.98696414643712
78.49615128551756
82.23036707283691
82.02995248198515
84.36207449198497
89.9044325086797
89.19215937849968
88.70074272879532
88.1285283617341
87.45801678662208
85.65817966112833
87.24264980874136
86.11245508773017
86.80076603154204
86.34229993455342
84.94831915484997
83.80474209179192
83.67789702199585
83.88806784997676
83.54950058941974
84.5333975641444
87.01298212116426
87.29018217913989
86.5811810606259
86.30212420072351
86.56851383753802
87.69142253765939
87.34111867613942
85.16251059218789
84.90836336964169
85.71426917168611
87.6698589866521
89.43854377954155
89.99277025085468
92.29310202734543
90.93753903088304
91.18179473945733
90.32270836678022
91.4192485574218
90.4153338399085
90.63186257992652
89.31909646537716
89.13608822416339
88.12119790442057
87.92604122811693
86.36627459696263
89.44423738590727
90.54283025983882
93.26305051469976
95.74712715956807
95.5736773119873
94.13591003350709
94.07846852760314
92.46925142988177
91.9236755739058
91.5373364191003
90.21914900333731
88.61466107272477
88.12535093271737
87.05120414979216
87.53483461186848
89.04054155239139
89.83391114802437
87.18214388385589
87.89559823136668
88.22862535348364
87.92435735742296
87.34944479687996
85.7689255081718
84.50584522890068
86.01683958131055
88.02539213604763
88.28905074384862
87.74506292648606
89.79493365722458
88.16259410046477
86.83102958113123
87.66006042951065
85.96135980857898
83.81069732848893
82.16153088067634
82.91846284720312
82.60970386255867
81.74748716249655
83.4043371801913
85.11168421701281
84.38268169132175
84.11575796424829
85.01305049938438
87.42256015563684
92.19773004808759
92.43308647129176
92.89736781233918
94.07354753399242
92.45191374412498
91.38083194545364
90.66428058613546
93.09593486606472
91.5304164171134
91.88233036294302
94.66810819276766
95.54194587144526
94.55881279278151
91.49143907502554
92.30002352873971
91.69583095287364
91.9554615347579
92.10461296327561
89.88788628362873
87.94115223968738
87.72265986435052
87.75941837344455
88.74903079819634
91.86403412535543
92.48335643564161
94.308676490622
95.11038787409322
92.06776565519478
90.44398421138925
90.13995848020237
89.87436330844308
88.8533099788288
89.51349592408276
87.71820266147527
87.24015391425081
86.20777544293274
85.8677084835716
84.98980769992785
85.02013511775736
83.59980004413579
84.49743217629418
83.92767232489864
83.38853480581116
85.45434733494693
84.25503308166783
84.0133176783891
84.75004101906201
86.01787284389853
84.53967663105934
84.94193801765675
86.67670541568131
84.43461170614977
82.70379697000102
88.36573784644975
87.52232523034174
87.3821323969638
89.88564506433416
90.27349289218931
95.61543782337522
95.61055358163492
94.34015947671294
94.4202422783651
93.61110661409768
93.78244549494657
93.23744467344719
92.24256690452414
92.11170253175972
89.9738449066437
89.07238292522473
89.650642245623
88.23795822333489
88.09066722090348
87.71042654954437
88.29688254116154
89.90190838616445
88.55842570065292
88.55893350535999
92.23137010022468
92.22280227896265
91.26497204365957
90.54083887137296
88.96730250553858
90.64445321191042
93.77310234843503
92.47996464635438
91.21030161691282
90.96053684744115
91.65716514306294
91.38463689109265
95.98358769246136
95.32120874967622
93.05064411757091
93.32974219628696
92.51789777349657
91.8015020132594
92.00750061417466
90.66301916055811
92.10860140940929
90.41235209226868
88.7816299477013
90.24397181735655
91.19484507419739
91.77448633575843
90.9159378840045
89.87592954660421
90.51805338726804
89.52775263890248
90.73205688641288
88.66025200207554
89.39114515613907
94.46770466582718
92.60932758338322
92.20241841223388
93.9250268191519
93.01662776192077
90.6971975647285
91.49227298149763
90.3323762567535
91.78371877348104
89.54329579430642
90.92722424284935
89.03004514143656
91.02085510335002
91.47870162609658
91.65312139181823
92.22171749885929
90.81271614966813
89.11931731105273
90.37920070247712
90.56737125520965
89.38100826014403
87.52910686838248
87.38093744963469
86.68716290724025
84.5871050585179
83.87244864750554
85.7838801212293
85.38966448070795
87.26771951376534
89.16732972307625
88.69208430740582
88.16849408690774
87.50252805325565
85.10078525788305
83.7476740283066
83.59163337635941
84.14319968950603
83.00836632095883
82.70415099104305
83.66610060100682
85.72035088222722
86.3789242376977
85.93921106523752
85.73646539882516
88.37893940545062
89.69448414909385
89.21495413859054
88.35797083011863
88.64373822351286
89.45824596771028
92.03658941407552
93.17738453838285
92.68931964021124
94.28094335558833
93.72972949967645
94.15626942319878
94.04424347168732
96.30781814212241
94.98345826869269
98.88619625080506
97.54672529084064
97.05857901853183
97.12799962296873
94.0629855048098
94.1396947542483
92.8865981527151
93.78088096188338
94.03079152096376
92.13165640584846
94.34076375577578
91.56414122835002
92.39678894324729
92.47658931135575
94.13389681049085
93.28403484043719
91.42566336275986
92.60976738300073
97.2551771646975
97.44056371817416
97.55198325137371
97.15027011725718
94.86455601697996
95.5792307141963
93.47405228482482
93.71469464434983
92.35489235852832
91.16350230398885
93.80460892410169
95.03128209247096
95.37461900203064
93.35023678935265
91.35134473078237
90.49322777084376
89.6074870851423
89.3102058518479
92.50565824488021
91.83306921322168
89.1772298820059
89.66745234416494
90.40161608112751
87.49963775254956
86.7173618287173
88.09313122417694
87.592977051774
87.6449274966867
88.19870619299707
89.01168380605702
88.17233876316824
87.11057497567492
86.91733812515716
88.4733835247947
87.04027572323389
88.59512044803034
88.635007016221
88.78840723832425
87.75265359669918
88.16483363373669
89.0401209240395
91.14355553360048
92.24991768174658
93.80440479196552
95.11838390200168
95.61623682488049
96.69160949002908
93.91869313013694
91.0588923938154
92.39591671039682
89.60575579752135
87.60562415194535
88.79622894059693
88.96694392139428
88.15051817064978
90.2673788888633
90.83045260273305
90.85901436221819
90.1996692889517
90.90149128518225
93.20045853725878
94.18444814126562
97.04924731473842
96.10249730921448
95.00755971578154
95.02077308819017
92.74084350681859
91.62151121973713
89.10528913461272
89.01074567278197
89.15063521159378
92.40336720482755
93.64677829244097
94.53899220242755
93.32160896551282
92.06146701435854
91.34273415040633
91.90299142831054
92.94207704619511
93.47714791297882
94.58728934808131
93.55059637289489
92.17228394033748
91.14175481662063
91.76844472308579
91.80383722642138
91.27337267333748
90.76809046582795
90.19203924062454
95.47742113128747
94.00478594731139
91.83065613962802
93.23337481532806
93.5773974819304
97.65095373146079
96.19515413539
94.22890340765295
96.23584443763056
95.50583720211498
95.0829075059033
93.87382798248862
93.04409456315024
91.02008410651345
91.27385563875876
91.23918678444879
91.40698241818573
90.5656675710169
90.42821859743586
92.70400655125806
91.64670263126438
90.20737054277743
92.91739095680299
91.78378527868796
93.92146696735826
94.86396497149653
92.77837460982238
92.96264341973227
92.71510356728467
92.13240796588434
91.57331084488497
96.1244451422125
94.12510914775596
95.63710564768093
96.38594517520164
94.70132704875203
97.86752921318339
99.44490815194838
100.65889395668434
99.5413035911339
96.76381648440615
96.0141002984194
93.80224626077373
92.66847265929921
94.28952624892919
91.80730771177714
92.48258294302441
92.32045314493692
90.34016405842206
89.95716548633605
94.49943276841951
95.16935693542922
99.97364499285418
104.71935070415158
103.51691720259512
101.08734138134011
101.50992602819711
103.93169550001213
102.22976918909715
104.42908622208122
104.56850875518265
109.97671378024981
107.62198111053718
104.21790493175247
102.65819793168707
101.9691626475914
98.5690192008042
98.40105910964262
97.03884816130615
99.44429609267377
97.62028770527719
99.05826260368465
96.79154067270697
94.78525004576359
93.53739830322684
92.04196821997041
90.04520636263419
91.35513483925904
93.37452430116593
92.66437152140622
94.0065991112997
93.42296967922547
91.97189313693839
92.08628415396252
93.46582848717142
92.46023535762735
92.49606177281557
93.13091312585165
92.05142983410592
92.68918600040163
92.2624843436317
92.84184980741423
90.94145964860367
91.85223256550547
90.81102658510052
90.67448801258388
90.62253809585566
90.96039129856258
92.46565035624418
94.14507605398234
94.31519254787786
96.09975558907027
94.70652142837884
95.49355450461952
99.28060502094621
99.8448054971898
98.61159615166062
98.55117285964394
97.57516181571758
97.26595314752782
95.90828397587939
97.48615152919035
97.89748344998776
97.09068244712829
96.49088692380705
96.89985825909483
96.31424307843382
96.72580586209007
99.27575856523788
97.91298131130594
96.51233548195871
96.40756749826127
96.50016430951224
95.53411459282383
94.9985955409393
93.33072790715542
92.75448927341002
91.38289832786134
92.73392250835053
94.59350984637216
94.56358769523705
95.2152883219539
97.88726312236442
98.11449524927478
99.34958216539849
99.80889439271358
101.28646384391043
100.43480668001787
100.01958690046244
99.33583639183993
96.8096301455984
96.89228711250149
96.84254985301666
97.16144978773526
96.8766230514539
99.73275599684615
98.71724398695197
96.51748742211595
93.87504869587345
93.7780775844789
93.15702015278328
91.2409061156778
90.40110808483502
89.33908114533949
90.1341154790215
90.01040761352678
90.08755163371829
92.11607958738537
92.69486242554828
96.58416295729721
97.73315324820756
95.29559207298756
93.64888390474921
93.39166822094812
91.13601367003604
94.5778462915398
93.28532298972398
94.9629122101905
94.51586549150505
94.7685800298985
94.4791747968083
94.86967845634564
94.6664910661459
92.48070235647225
92.29476541754616
92.94167440075975
94.68363142042337
97.42424604417428
96.36591199891268
97.05952333302633
98.27638494226133
97.59300460636884
99.14370067412567
99.87023477243176
100.91275731391544
99.04605796921416
98.28279831305943
99.93681230603029
102.19667856408687
98.77541251918686
98.2167964826104
98.06393221252722
96.76234203361747
96.16131885438269
94.1062992511814
92.41251570844268
91.89987566444059
91.80117922553357
89.5896035814926
87.84219629511362
87.6330709508337
86.43334016145317
86.25622933917842
86.90350536613457
86.45027165862498
86.95695414788827
84.62631855894915
84.81517581719238
84.6859674239123
85.90965115939626
86.51656329848367
87.23801839106872
87.90557323500181
86.85934435964292
87.07337022491512
88.63875982559104
86.67906781145282
84.9785868819876
83.7002494060019
83.55282657766635
84.8785979363909
89.1838195387823
89.92309653108005
87.7049681765554
88.29925000946848
87.00247072995354
85.67816550753273
86.56123798574363
87.75673134550512
86.65084558978796
84.69126555154884
84.82408456434787
83.6286031609423
83.64159975767498
83.52288792994887
82.53280749396812
81.56851518599623
84.0180570421084
83.95490751985714
85.9514078325804
87.43519965386551
88.14893269720204
87.47227656815157
86.64970571895212
86.41589165935251
85.65490222174293
84.54160392502642
83.6407965611453
84.71037346413951
83.85123757529223
83.56854209588694
83.05725863443256
85.9445483139548
85.07699878245799
84.07590109408497
83.42920553657203
82.80065023256333
84.34847060813495
84.49253226802168
86.1837044009943
86.45896937749548
87.12130527080231
87.92748716549418
88.25944725965925
87.4017896268136
87.64671785469896
87.10337416256048
87.58438455878414
86.88646085065616
90.18244584190701
90.81898617369013
91.35604705417823
92.52629032405696
91.04096366683221
90.18235502809074
92.83955212022327
92.56804393858525
93.77356074251053
92.54135729425076
93.58330914273759
92.69405555177549
92.24346308300761
93.82175403612567
93.51943267875289
92.66978767878358
92.40777968080398
89.83658741172604
87.28163126393288
85.6577798223389
85.04117023254823
84.47813639977271
85.19521022926637
85.52813301982897
86.18527930850527
85.39955350457004
84.27830965131413
82.74194556983186
82.7787806564261
82.80514878049875
82.53053987854953
83.71204204336753
83.39249946228452
83.90719531314785
84.8839623213857
86.89829577267692
85.89320567765624
84.62760100419084
83.97445143449343
85.46234915664455
86.50029564261662
84.92525621857725
86.70644847491184
86.61637910441081
83.89244115340675
85.71784250268952
86.18951794645682
85.35417670905511
86.25986266799228
85.5366701626789
84.76652046946928
84.28921544250075
84.12838517541016
84.23710328161744
84.93458552072283
84.5872963324562
83.94197214710074
83.17485347629442
85.64714805547821
85.25281884845339
84.75858393530362
88.2290277039289
88.41938109230536
89.33663154829031
87.6612207191202
86.09566862945937
86.66019288330983
89.42480871435592
90.44782865049937
88.56199110572504
95.7829679315723
95.7924779362275
96.81998742205376
95.89476990379698
95.91530811907134
96.36196921507283
95.984956660196
95.47791702617576
93.70259949453246
93.10007026467507
91.93295079325486
90.00245679908555
90.78543338872669
89.32057478060018
92.18846833922555
91.77933846932814
91.07288196725078
89.62988509643577
88.95322163402989
88.04805661535033
88.44087650517889
87.9476096674844
86.18099635521578
85.27804663779926
85.40104412022117
85.25115676534112
85.6883225226646
85.89717099911165
85.24707356910147
87.86174799792464
87.46732138349245
89.63261389218705
90.57264287169511
88.99536678279907
89.18195446261356
87.91493331289264
89.64948047178656
93.27133105617344
93.82916241252858
92.72920917448619
93.18513041331174
91.6392373239113
90.75851140071256
91.994331136837
93.05433509950365
94.22102278314966
94.03575754140887
96.52530146470501
97.19737329894765
96.89651621013338
96.21422069326255
94.94781741835892
97.19592926715671
97.54404379850203
96.18819613490427
99.19216158166716
97.29316645746145
95.81405287210154
94.28525077030916
93.35402063889985
91.74604654129224
93.76535336024902
92.595094232141
91.7114004742004
91.59185696711435
90.61782608357233
91.29391345273055
91.36237162191486
92.40522171287768
93.88599466320429
94.10455837926557
94.58990703356187
93.89158909254
94.9245338510106
94.34343637677992
93.02895687743619
94.41076348624625
92.42788576942232
92.53133502117774
89.89734698950997
88.98777245354427
88.90728314850921
92.14204451884534
94.965510534386
92.07272458840836
92.78332253537339
91.09935492324232
90.77791169229506
89.35363462089568
89.92148092398648
90.4197104947669
92.19052952283975
92.98199340194884
91.63394470206892
90.52189935205013
90.56523057256078
89.99295457771342
89.7686467704712
89.67611181583621
89.39224096765906
90.09163081204372
89.1808511662787
88.49492847179803
88.01671468106827
88.69054086034808
88.90897595885852
88.17728328721238
86.7666171582605
88.45325899128515
94.22741423885526
93.12843112785025
91.53786259240428
90.05525617842132
89.82392828256805
89.79082162339743
89.15207562265776
93.89983376129167
94.38079337012773
99.67805942933803
99.412848335875
99.03661337873359
98.20080452891926
96.55049881085097
96.19406947167911
96.69390944771254
95.63469341107914
93.91752270255697
91.1930698061218
92.02296069697961
89.06651444978469
91.76678012566703
92.48124747907165
94.74523679597851
93.09640096601531
95.73981929114326
96.97434679820203
96.36840291300008
94.34639854235057
92.9848524859583
90.85052128492252
91.6321598855671
89.65914581906951
87.84114425276911
90.66176176987445
91.06482701353053
87.54501499540288
87.17860621754565
88.22589944193626
86.17409265049734
84.97242744388556
83.04823651304636
83.39708092613316
90.15586089515345
93.55103098153768
94.15388245719383
92.7826110684948
94.35212442499815
93.46892223781255
93.445892602273
91.26145632688042
89.8739748716945
88.21939052243725
88.44708333461973
88.2819986391583
89.34486340232087
95.72998288163544
96.27866674056128
98.38660633333932
97.950761128377
98.58770734528764
97.23156591005974
96.61263115381045
96.40329204499908
95.7154490880141
94.80384472288968
93.27597557649942
91.83822869603043
90.91788273699292
92.4720102288514
90.550066417998
88.85999708289455
86.81730387283405
86.0415650876755
87.32158609966662
86.90414627861969
86.17766207526282
91.0135608273989
90.77524319950406
89.61179769669027
88.31105231212283
91.70909314645415
93.58934887052826
92.41439279468678
91.09672754206908
90.4298551612636
89.77075365039096
89.64705639387964
93.30989751540592
94.84075170743095
93.19319072293024
91.64142150403832
92.7904705668798
91.37803641554545
91.30219089158554
89.60440621784808
89.37770957555765
88.22442292032444
87.88830643795112
87.93429509883167
88.30525611370506
87.17514860432088
86.42243701015407
86.43941340907871
87.01901287370615
88.40274042597606
88.96055561578343
88.334307363821
88.20891101103909
88.78718487137436
88.04101711113529
90.78435383225293
91.2416877993513
91.01558828589144
89.7598114973166
88.92343639041545
89.51712484569731
89.76870587731513
87.77609660981678
88.97988979149036
87.50313270279167
87.65543442401882
87.286185494896
87.41708558250441
87.2805975158692
87.99958663149374
88.21116493398799
89.58790181078729
93.33878976591826
91.66621416723682
92.5176424254752
93.9400416504211
96.6884938014302
96.36290991662383
95.94906968034758
94.52653572230312
92.21369099705285
90.95686333634116
90.62556986106914
90.47914683948281
89.07699615964434
90.57455827071502
89.30060484011263
89.8934719120695
89.03992919764627
89.71852659153198
89.19067624619434
88.40755528957635
87.66536212551685
87.48932655643796
87.36117070040001
89.43025851300047
90.42287042405863
90.46392202267653
88.73582934719859
88.12852548581576
87.60583007303165
90.29214792405503
89.85906870727264
90.8319165606933
90.72880324931597
89.75603742704183
89.68262178405368
88.92393529748642
87.73798756711427
87.94505348982112
87.69367385769945
88.36925756503909
86.53341122320063
86.63797608212813
85.50376359157953
84.59497563121083
85.0331024079381
83.39952977472907
82.8522446476659
83.19291046366841
83.03414722918558
80.89577465007201
80.22540639073797
78.74802823748644
76.78609886034023
76.90176213651057
77.48608382755482
78.18611037720927
79.11463212629279
78.07778050362045
79.3543471052507
79.85866142893506
79.18000551414757
80.25415275432594
81.12369715161839
81.7212512191198
80.59432266618552
82.31332179233694
84.0532849911664
82.82134024262729
82.52696219695237
83.4005139750837
84.13868302338916
83.03332832462351
82.20514129835063
83.96692318555627
84.05740891701542
82.71512096662421
83.30287724802872
81.8686416017032
81.56828255780495
81.23936955723944
82.59664630498106
84.70078499766234
85.43929466186975
83.95350108214136
84.12391125726461
84.11967831622738
82.2920904853748
84.81676829111301
85.12850219043945
84.47192370787248
83.49800998612226
81.95951059042231
82.24939521572125
82.24685447870498
82.07557471161874
82.58589665042904
83.09200099955584
82.23357592666366
83.76519058519386
84.21026451606141
85.64523098931878
84.8474047755101
84.78651129486485
84.18854405281365
82.77485275246772
82.68729174906953
83.26387754460745
83.45419935489244
81.77959169542531
81.87187165606178
81.87379641780794
81.85659224726457
81.10090530727365
81.98108894729923
82.4759144491009
83.65497389235269
84.28255844139271
83.94704875307981
84.23254658217054
83.75994371111435
85.6447986845847
84.4496651865419
84.1841688503662
84.241965312044
83.1473520100584
82.98900837618075
83.14124642739341
82.82965077373784
81.55956666717331
80.32872937122879
80.20808698971175
80.44324889631433
80.8284878718131
80.25307967670975
79.82453748009787
80.3412765615129
79.14823357009298
80.24967671805892
81.43135923432605
83.07278575314268
82.86095837629826
84.30851280588806
84.25274045084807
86.71917664745872
85.4254473091753
87.23167833385409
89.42694657625654
91.0301896851469
89.80515983264642
88.51645981930945
90.25583780706015
89.14354153430477
89.23501776879338
89.14753321757982
86.88198491531848
86.78298863037197
87.82559739520465
87.52535969001497
88.04394975662002
86.32323172478937
86.21555103435973
86.44513743022279
88.08629418927877
87.81736528641024
85.51341920583877
83.5585656351692
82.8870739502948
82.06840601458154
82.73335606348728
84.97171632524991
83.40303302056925
83.81520303257602
84.20752492633873
83.30359920814637
83.71149677592435
83.23309728079604
83.71929176890478
81.30789510342964
79.54919692286111
79.75661897687857
81.34671854249481
80.83795319176592
82.52228895264146
82.79364191551703
82.13722136374095
80.86965708073221
83.06514230026136
83.02965053323713
82.70334806729161
83.2476550229542
84.26437326567182
82.43013421979313
82.97289211514762
82.6400708107438
80.73921938534198
82.67964118741118
84.09445652549938
85.63393554728556
87.57860525618906
85.90560584364427
87.87922916020767
87.03766591175442
85.64315278504812
86.3076694918853
85.20625466496851
86.22414882378155
86.40417263377991
87.65272230760102
85.30846288184317
86.36059012188598
86.54429514235268
85.1588738564805
85.24685937064302
85.96102070499812
85.06637022110294
85.55696620708298
85.84589820896507
84.76914579228603
84.88420067196105
84.13030512743892
85.87415115584538
84.47292075509176
84.28882531272737
83.78635844146729
84.5991128148795
84.65539251738876
82.50495412087399
82.27587782176852
82.15774035473889
82.88706359058133
83.59723431577743
84.83762069505494
84.66304577262248
83.92401415857492
82.53416879010753
83.83499935602109
84.01042997657703
81.68312397231837
81.86971557728259
83.98087915083254
83.19176678587132
81.89762380122107
85.73421830757819
84.09682055610219
81.94596188927844
81.87923555723364
81.6069777690214
81.26502078769815
80.05427283296376
82.528792582848
83.54988827380924
83.16546288830783
83.49895581524532
82.19316030383524
83.47924634455175
85.69726393665871
86.19092232254219
86.36198513644214
85.78941312817477
85.02557701525537
85.26336478061815
85.27940188539812
85.53824176642108
86.13634213994176
87.73846455652708
90.23176511409352
90.65189577564124
91.36176581003478
91.83434205971896
91.92934890589324
91.04856207029036
91.45702763116702
92.47993527580222
92.57745488439221
93.91676696121543
92.83468385342813
91.51100161944784
91.99445702372977
91.78956946942343
89.35612567977049
87.39112355482095
87.56076028161746
87.64836550182667
85.85500781485433
85.37582194364754
85.16223385469176
84.23753207984745
83.97041836160821
84.34558433819316
84.59247246896811
84.18065443100771
84.40400809408062
84.88280179565926
84.36788347843765
86.61341730531531
88.41905106524321
86.71882822377646
87.1184375902634
86.72136794331725
87.54259284323523
87.6593923064901
85.31944711123963
85.24043413067218
84.31419396700034
86.38112398565004
87.08403017370537
87.30815108643506
86.17151869387875
86.87907857546004
89.08216845854264
88.05198654031597
88.1061310103407
87.38381879528447
87.50570868637828
87.09568316135336
86.20518483052614
85.1262363886818
85.61130828209451
84.81718901088418
85.51594012508271
84.72024233450263
83.7187682828177
82.03654528217548
81.09699489503171
81.5820664436913
80.7304311304999
81.44973135896227
82.5736240854315
83.0202058976183
82.64653863899257
84.54580143361832
85.82669999926638
87.80292550666495
87.9042496544809
88.17351209427856
88.16662951197495
87.96922326795841
87.85043572956198
87.58372667461865
88.40560916416261
88.23033703601554
88.28705799255968
87.53761457845089
85.73631710362322
86.88149387606215
89.96864236939348
88.3989430667673
89.11068141089022
88.05219863470198
87.27420199631341
85.61028881402517
87.1936093118258
86.4908805146261
86.51916415950032
88.06894734971495
87.14279994974521
86.85808784289141
85.75641441465868
87.38454794732927
87.36460903929685
87.05337837254102
86.06013297600266
84.55956683724507
85.50747878478099
85.70949359320412
82.70766503646644
82.67029357588612
80.86557676345961
81.79671883972767
81.80864855878767
82.80780693011194
82.64039961953124
81.57734329969803
80.96352386024707
80.98127954614091
81.35981058704836
81.20614820522252
81.97215285645785
81.51757082987797
82.32946770843888
82.0359003348979
81.72142976014653
82.94487181617744
82.50987095814904
81.90523795482689
82.64379076794795
81.84512885801554
80.35576943312891
79.18807786709756
81.00120285199077
81.72343264429567
80.30060678032997
82.97454913366816
83.57941092615485
86.90781969663627
87.56991499979621
90.73813810733375
89.4502872285573
88.38367336194867
88.27062778371887
88.3504278311189
88.92046143552017
89.6833669778865
89.30910600916073
89.53349335177867
88.22908664767394
87.37891734904679
87.17219218306207
87.87359532611386
87.6622760303035
88.72921092494069
89.44402253656419
88.21701975115872
88.52301871784013
86.73841050005464
88.01530676275623
88.05855196201776
86.83360637593461
85.56769267552417
85.28517250010898
83.40776767130285
83.25092749054778
85.93217169930467
85.41742901974432
85.51310910616125
84.95178404031263
85.51743624506787
89.6042959856582
90.15746474108693
91.53493919111725
90.71075970328269
90.2860367195052
93.41218890104244
92.90414276582966
91.25536792568276
91.2612261750085
89.77177178077967
89.64599873449794
89.85676418080976
89.15460285739205
88.06524484965814
86.46439276011111
88.20080102779134
88.44268605075746
87.33321004056386
88.18800733309068
87.45060868448174
88.95859723709454
87.8781839207855
86.82488267665416
86.84621772599723
86.61273758049872
85.81260424190867
84.88419104696096
84.47910630390734
84.27416503411926
83.73014910773557
83.85651434995394
83.31865913880677
82.34523413205494
80.38058775988358
81.12940562567296
82.37069814260312
81.44926540066041
82.88359546318567
82.53631481030148
82.5500836263059
81.25274262930274
82.19389984740633
82.23350215396172
81.56299671663544
80.80284187300272
81.50101790280819
82.35281869087784
80.91804213253332
81.08042732202382
83.06815850130629
83.6545084586637
84.71478452370015
83.3420285376772
84.06344493068706
84.83372875227222
84.87530644961747
83.79280394285001
83.91386251428793
83.57825545121479
82.63216834156405
82.48167381933581
83.78790682508874
85.03335594883328
84.66520805709892
83.79182144950849
84.26308889610448
86.06474212859682
87.9695318352739
86.50665394715564
86.3348608663562
85.90529293244379
88.21644134215062
86.55692500622311
88.99267600488533
88.64031508554193
87.11891018040917
88.7490432305072
88.47632422097253
88.43289260844473
90.15218998186862
90.8448846143925
90.03492980078067
90.2465352103209
90.67638322002699
90.53695444692423
90.36822968561931
90.49284341170429
89.68922377691943
88.96405361676666
88.61349353236967
87.55194202212215
87.45876769031757
85.66543230453526
84.50132914806713
86.47217745554289
85.83010430716935
84.98070541263105
85.05644704494978
85.3599735721495
83.99681116083262
83.63067670084297
83.51105757447924
84.73944168774553
86.36989088755821
84.56702680443064
83.95334173755828
84.43210879346573
83.55155653371426
84.3424581240238
85.7276625961323
86.85663697956993
86.84692226278806
85.86951742079223
85.05979249525072
84.26336707768759
84.1578435975099
82.5106528114435
82.1763668995295
82.03462058663555
81.87473143059911
82.89576284999349
82.96377177040334
81.83518432100917
79.7842621315792
81.9005690754249
82.21255550993898
85.50698208700366
85.59715316287016
84.22508574714371
84.44589078656735
86.61252148167125
85.75742873812543
85.80937746562132
88.726813808463
89.11581891807388
86.67628427142647
85.97642779377844
86.45539685301468
86.63338215447398
86.83410865348172
85.73821448486764
85.6921879289444
88.74758803685718
90.07684813248841
90.61245971165194
93.5311050027042
92.77168206191668
93.6696400214674
95.04495813467783
93.58061108531878
94.51991426250652
92.8131570483788
91.16423760852582
90.50698452164679
89.08873152246373
91.73606824512986
91.38625167153205
90.65273693590186
90.06908333120545
89.55919027488935
91.28846691375966
89.99504572096876
90.1935209194606
92.27395227779805
92.78837521690433
94.4848352713643
97.66046482319572
97.05570925237024
95.54864232769593
95.95983608265493
93.6618036517152
93.20351391927629
93.78849389153937
91.69103111219044
91.1735942856721
89.7870040084425
90.40563552826274
88.49921477997087
89.20155927716579
88.08790880599625
87.74934264113806
88.19159925265286
87.38764375675612
86.59949905020733
86.9278465931691
87.13774389927731
86.72125586025751
90.85401581373858
92.84125683821631
92.47944291602427
91.6509885556873
91.41016630280501
91.8498156103594
91.31409889878661
89.65893443463933
89.7544160357952
89.34391273571272
89.38792932953454
87.14372221576649
86.34189185390069
86.12026011802334
85.42364289356827
84.26613400374916
84.36022736443016
81.5456840932398
81.78262443398887
82.16652230881937
80.6722399763057
80.26512276879774
79.01952040881297
81.1464709079447
82.56272307893437
82.08543540297015
80.4968056235688
80.39333681541464
81.00744327867797
84.82201713350214
87.68268768162547
88.23806528495567
87.27108725498104
88.95175715621332
89.06309497236502
88.41210850309615
94.30579484796343
94.59167730879219
94.0085521266737
92.33150459291198
91.57003742214565
94.07968763132382
93.26267051852106
93.45827903710237
93.93922493842777
92.96595419477123
92.6788157572038
92.32612394961065
93.15561566501202
91.57600497436931
90.65792163458892
91.4317917498691
92.22816974357592
92.18754745070764
91.5501469859095
90.0232411454688
90.43919873051439
90.77283117477371
90.92200064856367
90.86092316581262
90.80521742088014
90.45156599640424
89.9342018341177
89.6573148588303
90.12252401097032
90.65297695445473
90.6602385747334
89.34581506750955
90.44484743633872
89.63030207956639
88.91447162891286
89.37738844585233
88.17273977597196
88.67098780950849
88.57587396128454
87.823999494403
88.39285424620375
87.71955046690006
85.5842226469008
84.42409916121665
85.58156072201875
85.46459277310429
85.90694247212556
84.01053982450338
83.33561909089903
84.44500259485751
86.33509056422172
86.58724850568733
84.98304467335389
86.47857219418502
84.56705690564102
84.97112037092846
86.7122138976047
85.64065449219045
85.35478027743977
84.61650749142575
84.50917887984814
85.43286884843718
84.50151179924623
85.19394887521682
87.75799716137239
91.1632143174641
90.50017438800674
91.66951135071497
91.01918156634356
89.74461725009287
89.44965642508112
88.30182082001656
86.67019811131489
86.91861328845627
88.29314567683102
86.69677463194867
87.70389759293589
87.75230576823195
87.06683270571459
87.87200460797477
86.69701814493654
85.2771193975082
85.84900765179302
84.86099265828149
88.01752914793163
89.6684837682908
89.937178487126
88.49115603122335
87.11138772007685
87.24712148688488
86.89115066029728
84.45142538275778
84.07623399773554
83.28539199036398
85.7762584950466
85.8798481351073
85.59499582728722
84.35389865296958
82.1437919658081
81.43851343457068
81.81125516679202
82.97426315980111
84.05951384630517
84.87790405881022
87.7909782510894
87.83232926387355
88.0945406498944
87.4644455066625
87.82538782408407
89.5043369692799
90.52762656914194
91.81638691510273
91.37112152457512
98.17266199009376
96.14663395001858
96.2893241285615
94.7468329175923
97.66066065966923
99.89888846741349
98.30614943978235
98.36226516927667
95.82830538645412
94.46915482158315
95.49288671083882
94.30892406261853
94.73754836501801
94.83156875934569
95.79289582326298
95.6995480957379
96.9329788967321
94.51938397464245
98.10207693782914
96.92517959829588
93.95016057412654
92.83604630236806
92.11301918710177
94.44534604755252
95.22762466945663
93.15366502883901
91.5043753875073
90.63060031636026
88.49282651422098
86.6220197916659
87.84539684099197
87.05152572781549
89.80464235273149
89.61383083301456
88.81571286464543
88.3274982615665
87.99230078151312
86.54688699975478
87.61897054976372
89.46048570256207
91.96312164776916
91.19124467375283
90.48668158437125
89.75553383492226
89.71091214537178
88.86560706406064
89.0486873480368
86.25591320468239
86.12806471097923
85.47136446570879
86.03166575698675
86.08633976618566
86.20923819759818
85.75976263584592
86.67807730699855
85.06977044373693
84.29169839475422
84.84763104681592
85.58908291727822
85.65741099503325
85.3273466514667
90.79781791788086
91.22887559628329
92.49801623884987
92.96173402998726
93.20612514985372
93.66709324539754
91.35036930404739
93.07910219331262
95.36793667156132
94.5740295928454
90.82402683132585
90.19476498319105
89.5082455682446
90.93983315779128
91.60087302753345
90.31336107722115
90.67182283154911
88.90375640493792
88.62904310623233
89.14323414790933
88.53099088261048
89.14449067974896
89.91337833148671
91.27547383920843
91.01035129955261
89.22197473256462
88.98735250299275
89.04866364876433
88.8746255931217
88.74323637493526
89.3721699462752
88.37080111063436
86.49939143033404
85.89697140075421
87.48640081736924
89.06005633972185
88.28200696293874
87.24464775516971
88.21710071885737
87.87398352657479
87.49922151042517
86.16379048035655
85.94274197365806
86.89617326552464
86.51789869920508
87.78181908299699
89.78974303837896
92.33599577504731
90.87593031413749
90.96924180005117
89.8744111005706
88.38399444587355
88.31167484086423
86.07060374961232
86.26625923005716
84.85671996516133
87.9166568845801
87.73689096809106
88.30427936140983
88.27776484734505
86.47254593195711
86.32469552203199
84.28480884750256
83.97380298318144
86.73174362038237
86.82282065040515
85.46289210146278
85.48361225987279
85.5009055180701
85.81854353106446
88.3567428059467
89.0808382467369
87.61647101941124
86.16780683045786
86.83486903606541
85.84063171995248
85.04268643907231
84.97132696897137
84.28901276663494
85.61600660782437
85.67803682095439
84.91834885698651
84.17136095816181
84.43785668679169
85.94162301994602
86.81352475735206
86.78775634340255
87.85799693382208
87.87743975050408
88.40205766396141
87.77203463290293
86.68511230198183
86.97125554389159
88.98616837093415
87.53866273611048
89.34920113835089
89.91084345577842
89.8564819925922
91.25611593785362
90.49419066294334
89.17568887687942
88.72332666625466
88.77151541495486
89.41990192554762
91.48392561527312
92.3070502273151
93.14387750809388
91.90560384064452
92.22805096406357
94.16177007665138
92.67220055171148
93.0104013043288
91.10255351762225
90.1794469361528
90.4196681395141
88.06531880391812
88.4927887377874
88.14257273755788
88.84922624623742
88.08447667649456
87.72001096861145
87.25438600425831
89.26575819267192
89.12036118858549
88.24156952357279
86.39553447029833
83.90855212787635
83.67514044244622
84.51440557688744
87.05046277308604
86.15480460841346
86.35830457008623
85.6760665401538
85.36561083304053
85.11124110217713
87.27356366212801
87.5510315031923
87.96628617670113
87.96673863104111
86.83844012755682
85.77410586788787
85.95583858995614
89.66924346349441
89.63264824694828
90.3647372285062
90.2443710294574
90.66970925689395
90.84377706992386
91.20764184165755
90.19207673649483
89.30917788164368
89.77733034793141
89.7332940262771
89.23151813396174
88.25748096292317
88.36853823454716
89.53916997140165
88.3964114504865
87.51964279666727
86.03266402570361
87.25201918141259
88.88674090953559
89.68264699817269
90.71547071550854
92.96392454296243
91.45943143191307
92.51009966962181
92.67984937216902
95.03904465548457
94.9716442442962
95.99991189546594
96.09528304330507
96.36400441718737
95.05715138733447
93.13854547837173
96.61281771813516
98.37238799601859
98.83935683458333
96.5320885817915
96.09225018203576
95.92186970956999
96.092980914215
98.6870394714393
97.67807619918644
97.97943584662957
99.05128524682094
99.3796871546251
98.10966638026278
97.35771330624485
94.2284173053206
93.99425223671523
93.7022117646541
92.67651271703268
92.97280246453008
91.3093695742766
92.6832006380988
94.15270128002807
94.3698807688806
94.90326076026619
92.27090698291231
94.0446854082867
91.58047157796862
91.85902043833352
92.33847396247108
91.82608122649779
92.37749319326853
92.34415332325237
92.28305291217372
91.54016863640113
91.88552722952129
91.5942978576924
92.8600554941837
92.72485370802688
93.16605687069169
93.35750627861948
93.11678431705478
90.03586288907215
88.30699261256524
90.54100394701601
93.80994691742923
91.94096901562091
90.31011093184817
89.35507165529411
88.16567173218354
88.63435386139466
90.12158865127681
87.57126132131167
90.073654757868
89.30093734531874
90.84382630538609
88.80310370013065
90.96042790960747
91.71865668240834
90.04704718526563
92.74234430559429
93.72880123301255
93.50942387503062
94.7246450843824
94.19568478259406
93.80434850542241
97.29163949978059
99.12756535396872
100.62759424265812
98.12167519869509
96.12830240149077
95.1931907549774
94.57226847610337
93.8920461345236
92.94465572894524
91.00784413619968
92.0939797740814
93.51227670506425
94.4892359464796
92.5456370795109
95.67780121113651
95.93863521983148
97.84697603718385
99.28029561174007
98.15461800303241
96.96796883322999
96.56641101504532
94.95839293768589
94.74509655864072
94.0975081233148
92.89468562685087
92.36454732776403
91.34242440770767
91.13332081695849
90.69773307360471
91.63371163356157
90.60616530588767
90.4013983059809
88.51068284968817
87.12709043142274
88.05539741453615
87.63754978389802
89.72821385536669
89.22009585058643
91.28585401508542
92.45482646359334
93.03366812400803
92.38514829387653
91.01573172728028
90.06102189374512
92.36965064753925
93.14224658412817
95.6687237612185
94.4580881227526
92.75445432881199
92.62818661090414
89.45479967885184
88.7735976391745
91.32847216190187
91.90032843306375
94.99624529909502
93.88354483271053
94.97227843925253
94.92285162523717
95.56481510395291
93.75126050088679
93.20792337255858
90.96100789565838
89.63833502938384
90.33834130011584
89.87820462811699
88.95816304557155
86.97940519062301
88.45568843134761
89.25221125836119
87.03918993192157
85.5456121703854
89.29625348908316
89.17449086387877
89.23727000252609
87.93077326922287
88.18171349384683
86.3443070101377
87.45028637958195
89.15403192242213
88.30419187576167
88.45063424873183
86.03727308244362
87.75748055438446
88.120705628868
90.78393497654957
91.60658100671007
91.2423601443909
90.83247662584735
91.80066448664206
89.47079132352577
88.12487593014609
88.31935921256348
87.93202647516694
87.78087490748788
86.10514846103841
85.47190593273987
84.52060652363605
86.41405178045576
87.7849560522
88.4278500860026
91.86181900149597
92.45738674629695
91.42376586252583
91.49076417751289
90.65595547298139
92.84374711950599
94.94412513025028
94.87622696929083
93.88294630546008
92.50933614707611
91.31064690986123
89.9365992345872
90.10407309833755
90.7250904323045
89.36904266208394
88.79257640352637
87.39080604161235
87.89851385446096
86.81506972340907
86.81487372652991
86.99386754825856
90.74468493714005
92.34937670630165
92.15120503745439
94.12629025485217
92.4870808322342
91.65951772682173
90.12864129716257
88.92921867090813
88.1161042950619
87.3210773651279
87.62660759791373
86.85492023614246
87.45430330137353
88.35016941746986
90.02852627004583
89.85929933641634
90.01920630233079
89.52548917199798
90.54157107681067
90.72573394633955
88.00158100199451
87.85331048107993
87.67777028934661
88.02283288781167
89.27016644149786
89.22178760746799
87.74590582218208
90.30133219866364
90.80783082488217
89.6153609601259
88.50404501665575
89.18246135965167
89.92042504095272
88.69241682542894
87.24734162064031
86.94936929354121
86.2076350322514
85.60146775934984
85.88578750300218
88.28169166578064
87.6747760385823
86.44020240720099
88.7110772662977
90.21307379857576
90.94557518021078
94.94781819249484
95.06796931215911
94.45422397125591
93.54115880389949
92.7128088740949
91.79216413904986
91.19276343163398
89.71210113995555
88.89393166048616
88.41045179235351
87.59292035177205
88.47194323349558
88.96227439777346
88.87456735840809
88.10524488213827
87.09858936383077
86.66157460591387
86.43588897645304
86.42100466055163
87.0102378000726
88.60746469306795
89.9887522495956
90.27980729951322
88.2899919347905
88.82132476174739
90.8387924247722
90.71662960721643
88.77054115868077
90.89833568735776
90.50906826082394
89.97782218045629
92.10960915336781
93.11810168706019
91.01502841915205
92.08423346691714
90.77016067032348
96.51097242652415
96.13617389210513
96.10163634290814
94.25276474558036
92.30861168399129
90.56706713704031
90.39212276411936
88.73963426696658
87.72824824411809
87.99361386394665
86.43529027757461
87.36619414822233
87.48089442569612
86.03052615342192
84.49924645355209
86.38078705365525
87.1478032019926
88.28015908855224
88.00172891322286
87.63213835917966
89.85103324373034
91.01948731833026
89.03693738826314
88.55840285981644
88.66967514555903
90.32341165980753
90.43435663539195
95.80308165927693
93.07869007667948
90.9495739933911
88.3494195050755
88.79137453996572
88.44004633191621
87.32865346255224
87.58963721091042
87.09949857668829
86.97419178087836
86.90787035030766
86.5713469968922
85.79495789544436
84.98070157793161
85.4716050005525
87.29313021658575
87.7708341666295
86.13901790627159
84.94368087513698
84.57060046521174
87.62615778662541
90.7022605009772
91.02116526618538
90.11221894474451
90.03239803472746
90.43149402903013
89.5611396708748
90.18024635038762
88.34958663493309
88.98082789643867
89.12659998706319
87.45151413238702
87.37911218388426
85.96001549924726
85.9432785908968
87.31840892244753
87.75799130935765
90.0485878329965
90.23409255038699
90.4372143752429
88.74367851804438
89.92789487947901
87.94786064492595
88.25374791526234
89.09677206036656
90.68957394340029
91.1925797570429
88.81041454834374
88.17018442600195
88.19397399809415
87.51969668138572
85.94573137240236
85.43140927240218
85.56915083973881
85.64605197994929
84.79610256560612
86.88954067414936
86.23792867074901
86.41922594262462
88.29323461241253
91.46542227650916
92.22174283936764
91.06664090022804
94.17262487331242
91.43119595119224
91.95549836297904
90.66798413592825
91.02167296222832
88.06630378100192
88.29856031731136
87.7021026810369
87.6379957909935
88.25911079003032
89.40291899490455
89.35705925935429
89.14331971368074
87.3864855130908
87.94432942899167
88.14700866751733
89.14956921598225
86.68827711585487
87.06971160039085
87.473417365162
89.33689519886217
91.04090359207382
90.66580509151215
91.61692610700712
92.3795276369852
92.78803075906005
90.52655671395141
89.13870635891108
91.57038507058591
93.37009259176321
92.58693710595911
92.1280095109095
93.64910212052793
92.27751297297641
90.27200248603737
89.32504898061406
89.2929302296115
88.24469334611426
89.89038128593957
89.5809790259493
87.20167810027753
85.51620872798927
84.42707407022134
84.42961934351756
84.69045860922505
84.74106926711454
86.01777521273982
86.00929497558307
86.24399769847277
84.72855478476475
84.14661404594636
83.03923919005544
83.54824761276893
84.15523652279627
84.20139722964754
85.4261830526486
84.27419528245508
84.48926474056019
83.35550279114561
84.58488974240421
86.5249235088067
86.01870023233154
87.9570286786917
90.20904417787602
93.76464361395979
93.06118286806259
92.82459883304297
92.52786076726878
90.47584713551656
89.02842822846225
89.37745235223302
87.63228589131015
87.31323299990399
86.74327473286884
84.12689687201217
83.74313903697052
86.08483415242142
86.68552109126425
86.74095974473477
86.82883871742406
85.73796209622091
86.8971114687204
88.94461300773803
87.31727592541219
87.00226145981765
85.4720810351241
84.60104571692855
84.82040262188785
85.89919246737915
84.17747607832064
85.82683959239027
83.25411430217387
83.60058960812077
83.72358939902587
85.43953257245077
84.22816795030234
87.639965731163
86.67647200543563
87.03510581979249
85.08506456576775
85.06167609658246
85.98775793709778
86.94172709056487
86.6489333957603
85.21082639942298
84.58377463752845
84.20491680662128
87.52084693745323
90.05818775494986
91.28994735602275
91.41076328952579
90.28662207537727
92.65770871069887
91.45012529446527
90.41773169911843
89.36829364874711
89.22215184310657
88.84171987497868
89.63146031572708
87.54697470604134
86.95609769320791
89.4617648124059
90.30142311415653
92.57065444958454
95.65927438251511
95.30804175783572
94.39030977586116
93.8968591651902
91.02195706119572
93.32873563801299
92.85029879575399
91.79134957113351
90.64449257946328
90.07584616292642
91.49759920840398
91.76088694758484
90.52555947427449
90.22052862936248
90.44326363091926
91.88491289571164
93.45977908281758
93.58719207736497
93.11337095644788
92.49158403461185
92.06886041662503
90.11375127145898
90.80322757081719
91.23045658844576
90.97616834412996
90.54605856800384
91.71229056326482
89.8014773160287
89.21192587046048
89.9537452340745
89.73819597469469
87.74355554795537
87.03771107671261
86.29133484615116
87.23696832967377
90.21293241982517
87.48589796669464
86.31151566558464
89.83758306734249
90.94250585264491
93.26853146547626
90.97301094420534
89.7940754620497
89.49915672623675
89.61439618246543
88.22152070295826
88.63279653878806
88.00159815549668
88.72379777034463
90.32220721787259
91.51486593677343
92.74864674229575
92.43610611637568
91.91993243073051
91.98240659031973
92.36678027347068
93.39455962109524
94.46608030623536
94.48620291582768
95.0221998333981
94.24352569834907
93.5760234649014
93.42629801382604
91.50706347829451
90.48752815407319
91.4552500657163
94.33764366669027
94.38610346686498
95.05608461542718
96.39438792056124
96.42690122630506
95.84737899359352
95.18921794411074
94.56681436536668
94.94665861344144
92.30333088892948
90.3998073498364
91.0265237572152
93.07392976579158
93.27677198947549
91.53919122080299
92.78676319177546
92.46932240050539
96.07147492217861
93.46992611208316
93.59822957845084
94.50257192195629
93.18523570505204
92.42876570053167
94.8515116577047
94.44865393884375
94.7947374013963
92.78781822647578
91.17917297608015
89.82256170018553
89.4252210279169
87.46485250373084
87.93088883466496
89.58919388434207
88.4859562073403
90.7744255163023
91.58552096887976
89.7572851508022
89.43191904759864
91.51484756196791
90.82642112812043
89.04262870285882
90.86658608039713
90.95494981171056
89.85254931234374
88.85689863236747
87.23081566603055
87.37914591797808
86.41174784227924
88.04537585871813
88.06812928379347
89.95156906852829
88.69000341509258
88.71940066782943
87.34597233628891
87.58715860769478
88.54433002824302
88.24683133535606
88.46045733218952
89.19472213080381
88.03158140069395
88.36196522657319
86.84654567296064
87.93866950212934
87.74438941588575
87.4612698652987
87.85020643277483
88.09218364056304
89.37005998233717
87.75310196783975
91.21085718411663
90.88915155028405
91.61730814215356
89.79965063250194
90.28314598911292
91.18474905236509
91.2192144705042
88.88880675971002
89.93796886021455
90.78074972232409
90.67958036672445
90.14427375861146
91.58814874704392
92.64066511747019
94.4171477928299
96.55282406872882
96.61763390918782
94.19271795598429
95.12444461905044
94.3307858250577
97.8696503202593
95.86739458640682
96.80786651590428
97.10569754587921
96.9008667127652
96.34685395651707
94.06357260927679
93.36436077163422
93.69543303972013
91.24000521147188
92.35490616773686
91.11322076492989
91.19101545891986
93.51300513573719
92.32941973473913
96.95757008903148
95.49686895786525
96.61650453946498
96.29910336659292
95.69122668669004
94.94437480636981
97.70529069916626
97.40457946615903
96.09214882850566
97.34214241795168
95.88133841916584
93.92897857810844
94.16529302971828
96.16925237397471
95.48978786118728
94.27180429999427
92.6132939277453
92.7156214331796
93.2376472215476
93.4950668941899
91.43927455985
90.00546390920583
91.54769636343117
91.25411608296616
91.18866597064249
91.10819914969984
90.6533278511205
90.85992710010159
89.76878784641588
89.05666456456886
89.66270161978062
90.23528971296437
90.92689493305019
90.69541052671606
90.62311778295253
89.5610313052742
88.671952380856
89.21876766653658
88.54314544398781
87.32793836341818
87.07250870751182
86.79466331150257
89.14093328246125
90.30084821394856
90.19520727149296
93.41862056645384
92.8926071040502
92.21161799566299
90.0725412350818
89.72178387314226
93.35390011324698
95.9251535221726
95.80430650919257
95.2084000232835
92.7116838702023
92.39769579179634
94.50003424999674
94.25405160048814
93.75370716363818
92.93909773790246
92.30897540291883
92.16701239198461
91.04927201671008
92.2972591259859
91.69620446091609
91.14324093883188
90.10995825566417
88.35669187376901
89.72797915195146
90.37872956714614
88.58641446937271
87.07748768124371
87.5825008115771
91.26466863064621
90.05835928784191
89.49058678380815
89.8022010026529
88.61683876458474
87.23579158142816
87.25548046547783
87.46735516364433
86.1524504624648
88.0723614726207
91.95205593185499
93.29308265267282
92.97193190844303
92.88794469938917
93.14842021589898
93.4889176187386
92.50198566561971
92.02407310789593
92.35650827544386
91.2572363635594
91.01846797380682
89.76226905163107
90.2439686813514
88.75591535008172
88.12703684657687
86.32520365577868
88.77189436314065
87.31098289708764
86.1603395241874
85.45147023782614
87.40348864032042
86.2168901491268
85.97820080736213
85.87434460150021
86.41030685293734
88.87950389692925
88.8353631776117
88.94535106040334
88.22271898837302
86.35890906140166
85.3177708995224
85.22588247309787
83.3968064481038
84.34871743867494
84.17701806078061
83.38667435907182
83.34433729544727
83.51264105665544
83.71737239914394
82.63242660031396
83.07101757012141
83.33274152452368
83.0080787072359
83.62130547955724
84.14303710528127
83.4113329296656
83.73070663423503
82.63840836243116
83.13710488584371
81.75193844744831
81.32120692818702
81.82082480415168
79.97004076027072
81.20440756795254
81.26178252677275
80.43826442360732
81.97566386221484
84.99362463800816
84.3963154281088
84.7861578461726
84.77810964903824
85.51009491365156
85.17905201367967
84.63336620346968
83.58023000854809
85.1625645241997
86.67480048196614
87.60506974481953
87.41194317385592
87.9941093953262
86.49852688680006
91.45778266658515
92.0931214189879
90.47898778391159
92.28730210377576
90.82851281694012
91.13996702366896
88.95304921615667
88.55939829297473
89.34104419856045
89.18634991300117
86.75526075492905
87.03895663925043
85.92055811198773
86.68555750419867
86.25157697449337
86.19134232672114
87.8162874383981
87.14605999197917
85.9674846519191
87.77311731237906
88.44304397498216
88.37484326472786
87.49210488838295
86.74374513281822
88.68321469830107
89.85421040979382
89.30798541375006
92.05344558948855
91.77617550901859
91.65138092987114
91.25471566239622
91.09890850288942
91.7633779660922
92.51962418792964
93.86127990328563
95.33879276217802
97.77253526720231
97.31718970313715
96.39478158489045
94.7579520580657
96.28477818658266
94.89941804987065
93.54306767106593
94.66040071412759
93.44960425159283
94.2721325066437
93.02785147150797
92.02336572813063
90.31407528353658
92.08068672235724
92.67441984803392
91.9021380699223
91.23616707472623
90.15867928469314
90.84932561321368
90.32643623188056
91.10256161136725
89.3865839127911
89.94627723561116
88.64316900995448
87.64482297951561
86.57791020038366
86.62067002111472
86.16295300533557
87.04170988302873
86.82322334906415
86.05329381999952
86.35872508389069
85.8962863514942
85.0721632193103
88.84596800391071
89.27377332831007
89.0559620729811
89.65076434827989
90.38049977761972
88.31800823039326
88.45140648318632
88.1225278691453
87.8495362292953
88.86098466245143
87.16230458825125
86.21497181830611
85.6427776173848
84.87649350518788
83.92802077290128
84.27465162337411
83.4746766584019
82.13690187622845
85.73631327888796
88.20457873149971
86.89716045361853
91.54240320380083
94.71046436520601
94.23496819150942
95.30054713187012
94.07273173215923
93.06492888139243
90.62078063072002
89.94736527689996
91.3075916802721
91.95784655138482
89.55038838485166
88.44351089916094
91.67844678939842
91.29566222914086
90.4195250812752
91.16054721344496
89.5105551702527
90.35520819468715
89.76278621475689
89.75614544134707
88.36814519612827
86.00466272437515
85.3793478767446
87.59687562698986
87.86059561721865
88.75496059670239
89.48237960084694
87.30401041090373
87.59946299225204
86.97628146698537
87.11876856789745
86.43296220474193
87.24031129253714
85.91943118946533
87.54630611982456
88.50730353771701
89.58025189495221
88.63916904044893
87.01017573984812
86.6008226920328
86.69651931131718
86.16018999084024
90.43592203176195
92.14768896856019
91.26859259385948
88.99868396210923
87.8791158407985
86.55111865494924
87.26349126503024
87.48369017533415
86.553342041098
86.97655580296711
88.30153674014834
88.327042356316
87.72720518868533
88.09068056517204
87.23588604688562
86.18135746151641
86.3186022015887
85.27664358401954
85.45158337955665
85.53894862834512
86.17835279126214
87.15283837263416
88.27371542130832
88.72997531240776
89.41730591733102
91.81984683467591
91.49021571351598
90.7896168184852
91.35799840417498
92.8927659114402
90.51351893363704
92.58049566752612
89.63853752319721
87.56232040432052
85.91522010972764
88.33189316991657
90.62657693733422
90.76185170108418
92.15814320865901
91.76542280467484
91.82244642692548
91.61230329468519
90.39467273432739
91.18128324853726
89.98108677460046
90.58147063804435
92.7285132217747
92.8591510313351
91.92753534315135
90.6399772467126
90.1605120635259
89.30040103559105
90.25253464150326
89.37466418763879
86.98598059094542
86.44238696820467
85.53128948819973
85.76599563928991
84.8349630207229
84.32771660112513
84.62155598619516
84.55474378583472
84.61173495750094
87.29590619893257
88.18649390328386
87.36571214839753
88.67049965545147
88.96437835829646
87.13583116742798
90.1446784872959
89.14390518780411
87.84870927073254
88.75695132655785
91.10845617592902
92.18113743161697
92.68230123781844
92.89764088211352
92.10268090763802
91.787477920981
91.39016506828023
92.14414932128606
90.15111194451157
90.91757989052749
90.93470043445788
90.06966217915836
90.60667430660166
91.15228766755749
90.30980625371261
90.53618904061874