learningRateDQN:0.002
45
49.49823098346928
53.894875518667014
58.502401475348805
59.85748692938456
61.527564317054
64.00299009286735
67.31066103773048
68.88996232056243
72.26229149527907
70.72047252466561
73.64415982068269
73.24070117067275
76.22701092182488
76.9319817740356
78.41391039684433
78.64746691699729
79.63589543975243
80.36796915240764
79.6398921897906
80.73847967258963
80.95309896574216
80.20904663055765
80.543824091044
79.19589596791727
80.45978837199574
83.30613663836526
84.59051347364839
83.18783506289634
87.27751216069169
86.29359004289275
85.74627294550503
85.56117567753755
84.45169225639103
84.73299612579768
84.09821609958811
84.16068398486846
84.45248560852632
86.50081930509876
88.97726648050498
86.10950003474841
87.32635142071528
87.14695509666547
89.97188405112483
90.0480663652911
90.90318959952063
89.56666858493463
91.34687690451241
88.18548256361628
89.79959989504653
89.88685583568748
89.24665424367902
88.45329398651498
87.91340782426398
89.38122709633937
90.84032888931392
91.06898159253633
91.00867588380231
90.67691599990756
90.65298664008424
92.46604819999631
89.61261977486706
90.11936762016774
94.60035701132827
94.54053187218224
90.81871762246848
89.77019077078816
88.88666180814064
92.50651267741502
91.22588096503182
89.90009402917006
90.19999202767151
88.82439451005483
87.40569161412331
88.36970095986895
88.55980056068536
91.41204733424631
90.85683683941797
91.65408649286395
90.86673907994185
94.94846202201214
92.03741550804902
94.32599644353873
94.01145094183087
94.75147613667055
92.66145925583027
93.27131651700795
93.04152235103574
93.37037584201198
93.68489912873024
94.548798924003
92.64559158286737
92.22990667320173
95.84650513794186
95.24939989980743
94.46620342432314
93.5407707996638
94.90060123142388
96.54192958135589
96.49867703032601
94.87383358993944
93.21535916810305
93.47760141686044
93.68211202255584
91.03911313606449
89.52866140410933
89.20255756378386
89.06927648989105
88.58210112807264
89.41438082481268
88.98418071142139
89.2530428079498
90.19628571076271
90.47514133117471
91.08927628021108
90.32378449244368
88.84631299177632
90.17637052663679
92.40181587782337
90.61582816231821
92.24902664966754
89.78769274558668
88.07011123372784
87.04625107860008
86.47026328782071
86.49668842193906
86.47195370507781
89.79663699018585
89.15661166777436
88.1473260329043
88.47900524003566
88.33883020051758
87.30621762124875
85.85868038182029
84.77500873151669
87.48482220212809
88.46187794958996
88.30619207388958
88.3578097870325
86.8908425194881
86.92326027807991
85.80702113560005
84.77680700562809
83.67072872431123
84.42353663281497
86.48642124353157
91.29655433987676
90.52793675474369
89.19367555015833
85.68590313077483
84.90322515965033
88.19664577565607
88.55848389718993
89.85766537069188
91.04546439961366
90.86151504866463
88.4293672107128
86.78043738830921
85.76055272920252
85.14387848343723
83.4804899587554
83.644401991605
83.84216781636596
85.52647479768538
85.68225364574594
84.33956311056482
85.26337522273798
84.497925848085
85.07649454164758
85.10780155236223
85.60736076821114
85.60903370305354
85.96282434704491
85.93483269970724
86.7126966258427
86.06358370576967
85.24533062025552
86.7565701852993
87.63168065238435
86.5919904907131
85.11031694834092
83.68445025433977
88.20983163276048
89.07693485554817
89.64927326188679
89.84719581918912
90.73748974377474
88.59573485169814
92.99835671372723
94.60158831231107
95.79676696830082
94.73007685865316
96.90947358872113
97.32184402007152
100.39138877025363
101.01914709534498
100.29958512389936
98.95224577906848
99.31951877511587
101.23084515102101
102.08188306207434
100.23539576541582
97.13897976849394
96.09575952573697
95.82310003718233
94.49797217764551
94.55971679199307
96.1638225575907
92.68126261428023
90.54632363899704
90.36261557038675
91.75002675077735
92.10811218263773
91.04213317019774
90.57321295026745
90.2862158334647
89.2632429784857
86.72559637394986
88.34001894423652
89.39330735654598
88.56372235547629
86.72782228515567
85.86135819170858
87.69883078837705
86.40685000426622
85.591995463024
84.3025294392025
84.64346228168999
86.79132794050233
90.00804927158269
90.71494670809402
90.73540563672353
90.69568004282364
89.38943577835684
90.75613379131187
91.05308866003273
97.8557225860637
95.1684837669522
93.53708261669559
91.68398052615542
91.77218282388975
94.32109762087725
93.31385049722509
91.28749008594806
89.37610748144138
88.14570530434024
87.89110607312898
86.68243867870027
86.0046028883766
88.49300038502628
87.44534236831113
86.30344209091186
86.27972802275275
86.75567898683975
85.02469527651579
84.31562763556332
83.5763006474555
82.23076390683676
83.90791401913793
83.48897557589572
83.97547211743532
89.29714759106415
88.98377126891579
89.45631517862026
88.96974163161036
90.11927222596202
88.85392611141425
87.37463462556943
88.95481556311455
87.69239178803255
90.31877235752306
88.71897781789679
89.98295086911187
94.62169314199691
92.48767884714643
92.16806779916242
91.9915070366215
91.26195240205794
91.09112834553612
90.21350305858165
88.58720845827287
88.81913209282821
91.25865648689414
91.85420687382833
91.4513769775878
90.86240731259804
92.15691234275226
94.64299914449062
93.61857864138489
94.14926402454614
91.73374203112745
89.36192920063006
92.9395102597076
90.60654284862501
93.65568612173678
91.26181916818558
92.87998968977833
91.42321263094404
89.56973464012408
88.868297279206
88.84010623139734
88.69097926931934
88.03081093608974
89.34023913787964
88.11902949429175
88.57064295990617
91.70576804374487
89.77627389188478
90.32967032933306
93.31619308962088
93.11518388411308
92.55703346870108
92.31158476518927
93.51208386560879
95.1237599328572
92.96601333963837
93.15671822452234
94.50882321568464
95.58759301318696
96.46869099227312
94.62463503711251
93.53174792414613
90.38975964201774
92.74749325158406
94.71947078495354
93.5444801374025
91.40141953243192
91.94171595202266
95.14167020606264
95.40463095071307
95.04149353566957
94.66353526578858
95.18653294296185
94.49643087652275
93.85767061708914
92.03275687368725
93.98500231130836
91.39381598400018
92.10330808771528
93.59027533022137
91.35675688528406
91.96658965002422
92.27173459335017
90.64600714622334
90.71058850374119
89.46508790132505
88.79387154713706
91.54269972226388
88.66786049593729
88.41996606013241
88.80051893718881
88.25840018390602
89.21349135325735
88.62817186043526
88.62098023261197
89.07457019083876
87.90635434932457
86.61804436767326
88.78729602590631
86.76835424134178
84.57466372835331
86.55284390849367
86.62831520419655
86.12687047031991
85.44664181638032
86.55292444545935
86.27978610178718
88.83737456021247
89.91260224438388
89.46575304738944
91.31888401239063
90.6205286883987
90.2996726619047
88.3243462557862
89.21438845559554
92.12280123261812
93.55957998167638
93.67330979838131
92.74723524858652
91.01981450745849
92.1650526679165
90.65070281367596
89.30942083955387
87.18764186331211
86.77899511720098
84.93216026179444
87.45631437744557
91.31630499392651
90.01790405151402
92.32991021372406
91.14194137069839
93.32157054462047
92.3662246685771
91.9887153547083
93.46896540717343
94.27794637458932
93.60986212520312
92.11075033634599
90.7025655516475
89.68538327899194
90.26968296413358
89.49081847404028
88.05705537587421
87.26660491319201
89.7286116266571
89.72750469761623
88.80198786623427
87.2688316475647
88.14410529868897
88.82868964035237
87.20184424133407
87.72908704910338
86.05296617518223
87.17155448044542
87.80055114641648
89.86343693086431
90.03849440195522
90.15017498801893
88.46269517161474
87.78114256921957
88.51594342409537
87.3104727938456
86.55608660725741
86.37933990988985
85.05609653914794
86.45114899586449
85.30319407086398
86.22897959847467
88.39026179957291
87.4365661094755
86.53323724968342
86.76005491981066
86.4994043998873
87.72918788936981
87.16529673161311
88.54525014166384
86.73822013650788
86.7942948769292
88.88194829743223
87.77038254866554
87.63256442152469
86.59223017324088
89.06535683255969
88.21560803441209
88.37215041849514
87.30266755088907
87.71724134716911
88.47108532079677
89.09066223829495
89.89008680687962
91.69417589472194
90.32363237588818
90.04401041482878
89.60926735928108
92.99984650113635
93.00527516599604
92.56662466399592
92.79097657221008
92.47332942386673
93.24620194580245
92.85511121438202
91.91021467523352
91.7654850556773
90.82166076066059
90.97583265367
90.66071820136456
90.34049340855304
89.03400466260149
92.67989263438224
92.68090383532524
93.44367526898117
93.66352304434159
94.15602568830967
92.21814729885054
93.04392319365087
91.88702404503337
92.56288551866511
92.99050183727171
92.90527939477231
93.88479499150093
93.88794940871728
96.21419707343742
95.36708728116893
95.13439225348363
95.52127354421857
93.82353194330157
92.59879348548675
90.40959494280787
91.16063210875762
90.31035610884008
90.68487213161929
91.43417276061835
91.1887019098328
88.16630080785227
87.56097658318514
86.75836106273361
87.8666870360597
87.5752456292096
86.90452058526648
85.65173049219226
88.17652766063027
90.88790296664631
89.2092461991586
89.48213821669866
88.42583349566455
87.83356628415201
86.73456200499919
87.36558576397577
88.74446023301623
87.8530075610081
86.55892497507831
86.40795451138791
87.7502107511844
93.18770457423861
95.86771859455908
94.71886416576348
93.87443270749277
92.70438979659335
90.69669531675206
91.9241752507538
94.84885487125169
92.72454130236179
92.77204258888864
91.31556748916896
90.62875483487399
89.8532606290126
89.97724580803758
88.87220111610921
87.82790100601076
88.18616502967338
89.01491298992195
87.15317788658268
86.68361147141808
85.90960691980575
85.86587636226898
86.98396216181374
90.39524385650594
91.77576905900929
88.48620986573873
88.13254506408613
88.3074145439124
89.20005116007667
87.18511263649437
89.09321011882716
88.33030903080419
91.6917057290899
92.00306280109154
90.84597522052964
93.89409943770038
94.84807759196093
94.8267573281543
92.62322313200387
91.80795531967476
90.43647205910179
93.29969382788232
91.74500232914238
93.00312234908573
90.90828423291357
91.1182415134533
94.30216995344242
96.98515011036983
96.56273712064426
97.57911834303742
96.78740842745961
94.58122663579147
94.24446168898358
94.87388293981489
94.48432385859522
90.83330911121912
89.71644360439723
88.69697793180673
88.86381675615353
88.54071396513224
90.6858215882918
90.86551169777212
90.44541113439563
89.90631292594395
89.29961068670784
88.89641207110162
86.27069615911144
86.76008309494576
87.7638246169396
90.3124349848197
88.90137564691138
88.12739477148372
87.52551764069645
88.79462997257947
90.3308820216215
90.08635829635224
90.16410932458658
91.22889702098618
91.37784610991937
90.24584583451356
95.37995447854904
94.73930258209676
95.76775420431456
93.36178561549143
93.28498103038874
93.38388083456053
92.29080512486811
93.65615027405666
92.36084388818885
92.7881053929651
92.343360114527
90.16046403284476
90.68263279490452
92.17333001367318
92.70572181608534
91.68213839117476
91.6772688908945
89.96404551910003
91.35920330345108
90.53182790633348
90.5976889201248
90.15674215406396
88.9942126674465
86.32357736811228
87.23065875416673
86.33773297722198
85.50498010313306
83.9746679834937
86.91070149738493
87.74887206303973
88.92215390188957
90.02545226375067
88.79977987719433
88.76263845254154
92.10145712936675
93.83691201169516
93.21954578622552
94.11022926037228
91.57874828540369
90.59887542649048
91.61849575506261
94.19661174525152
93.44605280438935
92.14082429013658
92.93114596058238
90.25975834218166
87.43922188966545
86.7043818163414
88.96258378480296
88.05240962334733
89.82439985560197
90.63628486683812
90.80908903608591
87.66748310410391
84.6543117905551
89.3475404338129
89.17663147200659
87.96667197305028
86.78964189426075
87.11932417077834
87.47795417811058
86.27646292920238
87.63353864960227
85.77005288768802
87.40036175371834
90.32570729954763
91.01928336591924
92.05597652966237
91.37103414804383
88.62042649136704
87.81944955187994
87.6529024045558
87.7928274720174
86.1304306881734
86.494454612772
85.53238903832653
84.85885147009834
85.1385208869358
86.23389973312318
87.94034361327225
89.18302145578058
87.98017274428321
88.48900013542351
88.0378887137365
87.78558360459145
87.30786665674648
87.43089174932885
87.72029891693465
87.98831826294341
87.94247526424361
89.5807076705648
87.95146222448622
88.14723439124911
88.27121689135723
88.20718421330179
85.64940114332931
87.14561796449065
84.30524646973528
84.14004742143608
85.73744736745135
87.95625560655996
89.18691013340522
87.68500400111333
88.29333661402433
88.59510939353466
87.99816142214655
87.57581305369385
87.82727132491681
85.39087812013503
86.33420178572513
84.97846297481685
86.59194987953205
86.58729032747601
87.71320334116386
87.91276749863334
87.18428990999458
87.1814055882147
83.88545073132092
84.70941140826103
81.98928312572275
84.4945422708089
82.61641469603966
82.00576322438599
80.77246861738362
82.60218752791786
82.67421338274363
85.228165740702
85.4206012279404
86.74083253868955
87.69186119969923
87.01079352283045
87.0489973068435
85.61102992964528
85.96031596152841
86.23293416821842
84.30797031849299
82.6390086960943
83.1085696718232
85.08011322229551
82.247992878657
81.3806231869627
82.74843622410098
81.42666678765536
82.1557946666262
83.93689771044566
82.57658819071884
82.8633532488016
83.67536887494445
84.47093830403954
85.2103257951012
85.05915354547005
84.59326545292896
86.09460945196882
84.49743798112367
84.75251004088612
85.46360225055386
89.0588927184995
88.84175485306477
89.85008996525379
90.62252800114145
90.70843029922162
90.70064570014237
91.25468282948928
89.90893568955666
92.4770258246104
93.13539650447706
91.16827372560195
91.26805563161558
90.55759311377821
91.6906660143483
90.63525799094631
89.13145960547703
88.01045148574698
88.12683538978699
88.1356272276073
87.78306497650897
87.99453469729723
88.52424295178605
88.06668481067598
89.1233151891021
91.27439984264899
90.04567567395931
88.03600698651033
88.85449793241357
89.18214533570661
89.37359293644826
89.97004305373144
91.21489935144744
91.50739203424895
90.18282974025692
89.89377187243981
88.35473549787261
87.90702789035426
87.60108782821827
88.74423123073554
88.52693555747189
88.3423222128663
92.07918922148508
91.33946814418816
90.01231182820511
89.59616557943248
89.72393777114515
90.21511349698285
91.55435355361885
91.74691615399526
89.13955885973279
88.28697979664649
90.27477471500531
89.40951825590322
87.64916281417156
87.10484219769235
87.64851104551697
85.33006684491527
86.76109368837551
87.22317355630742
87.71125957425579
88.90934525324826
90.43470248499109
89.94054209716494
91.01420657484358
89.98191149185182
89.47068157352622
88.56809542018694
87.41649792544939
88.84147084241792
89.42221822629568
90.34358348162033
89.83075725921275
89.10972300691112
90.1764751894196
89.26636344425889
88.75302521895235
87.7975116904056
87.70894205925725
87.41096685690773
88.66427072446257
90.48802731450112
90.39186693637541
88.180878121684
87.6470974835608
87.81201442640783
86.50057892259245
90.34387200903055
89.71048330644538
89.95707281837304
90.619168967158
89.77522638075706
89.20125902946218
90.38781357340115
90.28951982640206
91.05327216507331
89.56043772034536
88.8692343426547
88.79443617596651
89.98285724306686
89.25131657251694
90.31828943426902
92.0982139803696
91.70800684411897
90.43487189585129
89.6227701119697
89.35194742007026
91.03761083563454
94.29345844549609
92.80344240947154
94.40870962039187
93.70925491303345
91.73117329659453
90.36217477061241
91.51747211872525
91.78962243166546
91.50027901684523
92.49625667245463
92.23024282913883
90.70834357239048
89.6809099929782
89.45952593430802
88.37505756462686
89.36280768134768
91.46088787669673
91.62293566087514
90.6762468679912
87.51497017382019
89.2522871904759
88.4896782500794
89.65970925677752
90.45454901728708
89.8614344735787
88.8210179061679
86.40669953948453
84.92492671134744
84.60006783284366
85.65467042209637
84.8205199842056
84.22033569969753
85.92497463359075
85.6396590262963
88.10106090761782
89.05387420889824
88.21446588424952
89.53441290214737
89.75116431728401
89.02481388693964
89.89816001865327
89.40693719156411
89.55083731206857
91.62070122810749
93.39426383327266
92.43544901690036
90.68985088140072
91.33726551869587
91.26023874027752
88.78533578455391
88.46724946197432
87.71131563348548
86.51602405019281
86.89957036299207
86.86176183937893
89.70036650331919
88.82489252724302
93.92581391577498
95.22473334155607
95.45808210027812
98.0020147402527
100.11855186764069
101.86433818895499
100.44203594883929
98.64381168476656
99.03767406119688
99.41045980836215
100.81379191539993
100.08968357902408
99.8750411477834
99.43433412561636
98.89368936755484
97.23060616066272
97.00466056681024
97.35438950091398
97.65586796417817
97.47494914394284
96.06956760000422
94.0410017210218
93.0555399594119
93.8399437694842
92.87330211444092
92.12494264369249
93.49519125802853
92.35699765232243
94.20448117104985
91.98577600823236
90.87171991435837
92.2251577213881
92.74700920444839
95.59572503374348
97.95684135988671
95.98925146740062
98.12475441070389
96.27166909417528
97.09108226985776
95.31754699317382
95.80002708094915
97.42057786301513
96.88639125232979
94.50898385879432
92.78707403547848
94.73738493843936
92.06496710027109
91.71519496413293
92.7964578922836
96.71461948299513
97.38107541691124
95.57521857618163
94.57711107986638
93.51944095174717
94.31537548507733
93.05088982967382
94.72809287896912
92.52362979941458
94.0676292477783
95.8641204091617
93.88805812283978
94.9020531785042
100.11725515634905
100.42984913263221
100.7298519645058
102.34232888239784
100.61987298234665
101.72730428575571
101.42873423116654
103.89540243908341
100.58739638219393
102.37042612526635
102.07790549101622
102.03484165413502
101.08704778045299
102.67902447020398
101.17444377076305
99.99732289236817
98.03137250659631
96.05966270815061
96.7870798787578
96.11508431757869
96.01561057517034
96.5344047840354
99.5825457276976
97.59910731217887
97.7184920582154
97.90045482894435
99.93808335607235
96.8043523863748
98.73731895044544
100.49243321829174
102.71915918722289
101.47733410103027
101.96060525208706
101.27130967900062
101.55078651950645
100.42607126364229
98.92166592737226
95.8048142446371
96.99373753713299
96.36207728031528
93.17287101710082
94.99586300508682
94.76537523269455
98.58939496875942
98.61833380330013
95.91265266342677
95.76087612351735
95.69942091630784
95.3190468708184
92.99275167463435
92.3001119861784
91.6815895801801
91.41286935387937
91.30711518311406
91.6405495822099
90.54069193433534
88.94739261761909
87.54839934378076
86.97705119782646
87.23539068393862
85.07911866531697
84.22463697849476
87.10765512270899
88.3711704926535
86.59380705057312
85.65708953603938
86.7452721048308
87.43012987215211
87.53485484475867
88.26617982864181
86.66151287720406
89.64166491600312
88.43861717701087
89.61708816090359
89.17918682965787
89.67554707284069
89.97793648685925
91.93581096886197
93.76118959266783
98.10864774501093
101.76025893360695
101.25379806733943
98.76128903243742
96.81231925011068
97.82338427528246
97.1896673189503
94.39552850416794
93.54797667617147
92.38865565449665
91.02741692002172
92.72473280638948
94.13243988102718
93.50166008635239
96.55139950830824
100.41697978281174
100.23848841818311
98.65923380521906
100.66424162411899
97.59665856695402
94.8977745072008
94.42396191527372
95.54846501477108
95.33654165999398
94.88696404857498
97.7580363709629
95.83627168818109
94.29215661949347
94.41132095648022
93.66584259375857
95.56494992242303
93.78338115391367
92.91718863705105
92.3880182010152
95.74673926227318
94.08285666128707
95.52159945550044
97.97822329181125
97.26831726647568
96.68538676046919
94.90202155974671
94.19899615002643
93.29448281747875
97.98082606445217
96.19270598863355
97.47148018291321
98.532251892977
97.02349707753176
96.17351757791748
98.23351037590317
98.02436218068837
100.58721313245901
101.55211452199147
99.11519808175916
97.80682454285193
96.71424048391219
95.71581654157987
93.10223596930821
93.31640556363128
94.14312903106155
92.78113985479621
90.47821345232299
94.35784648216449
93.55195399379224
95.10590499164284
94.72969655949652
96.67313949619499
97.71845845728451
96.3364745997538
94.3550875112869
94.10404688925718
95.00406250296903
93.74884312673846
92.51972771551878
92.76645805452185
93.1756306436589
95.08979995575748
94.9504145115202
95.60157866234623
98.99794551172702
97.82647064365646
98.26736319115545
98.25480308237535
97.97576055341442
97.31163337380528
98.4877117803578
98.74614299047953
95.76004859268939
95.17444893261121
95.04896407768031
94.70096248399865
98.44468661906735
99.39970935785597
98.45004892644765
99.60431080013872
98.46557470218143
97.27816727149283
98.35101097910778
98.25033884247226
97.43768333063494
95.50044907432138
97.39592810066718
95.72462573891262
94.53946288683926
92.18676867624885
91.35594730978318
94.22228341744973
91.79459197650606
91.84543561953474
89.06801994828628
89.23460103788304
91.5506335805259
89.88525417307241
87.78570335519106
90.12567121267548
91.80588412228194
89.09889792695022
89.33642718536656
90.30842224689655
89.0869474083857
88.32212822494722
87.83072075147628
86.66218979721188
89.36587162207347
91.43050233795753
91.79299344618656
91.10693319542409
91.920351856429
93.438088637447
94.36625866677323
95.56489731655621
93.473869005045
95.2846927714444
92.47462099588435
93.24214870012688
94.9669915531991
95.9342994319054
95.86533435730962
97.16999595185031
95.66386706392511
95.47025004536941
94.3486182889496
95.86758270236233
97.13525191858497
95.59703139731519
96.18610086755635
96.99662961630267
96.54691301398482
96.3000773498501
98.0277770339031
98.92624816712485
96.1412611130858
94.9174055952449
92.63244501149472
90.84855446887799
91.17618558292781
93.82960039384143
91.63379377957959
88.49129589571434
89.90086960815889
93.32303608752537
95.27760197200482
93.46297537498064
91.27759018371508
93.57857805569516
92.42108446126257
89.8218403306982
88.75367471419122
89.20063679579586
90.74318394343848
91.2574518833981
91.46056920470068
91.40135319448218
91.5857550707013
91.1909891496205
91.1748364827174
91.3066013503186
89.56305052137535
87.45267309909107
85.72940503516566
86.88174948004094
88.5200617268872
91.47859648130915
95.11123586418171
94.56058975089104
94.93225862446246
96.97979583230385
98.50210605611649
100.18861964136909
97.61004438845946
95.9448932882762
95.13596504648345
95.06649210951915
95.22230719840334
92.92976615865112
92.97703654983437
94.3601102415878
93.07358805308661
92.24844031314267
94.17881089706177
94.08909806800247
94.29080449494346
95.9738604545651
95.7109658002337
94.15571496949644
94.31030587564848
93.18317670562561
97.33454114810039
97.20189129986946
100.23058864076104
100.99461689419107
98.33053998995652
96.60787583465488
96.72299365177444
97.02498392393461
97.39954028660614
96.60301973676695
97.80309338726612
97.98832640979941
97.142483878043
95.53286097737941
93.71490910642667
94.11935171088008
91.17030453191896
90.20938819005389
92.1296637200811
92.08096655247566
91.44677881670609
92.57950897129238
91.7014471603005
93.4068220604574
92.26293183005302
94.88002820246389
94.14616028186377
93.44803970270083
92.59405075805978
92.44005462847672
93.26782652130272
94.76973447376403
94.4630825910771
93.67272307006273
93.89742988848289
92.86248848919547
95.9506264111722
94.80936500163853
92.38318975796506
92.25767522300858
91.87524850724962
89.377999649035
89.29480251537444
89.17120016294436
88.37940242849403
89.90278434788473
92.6741984957762
90.43917991480444
90.40230820408304
88.68695418806084
90.22939210890605
91.86771339004672
93.07679807833871
92.38847707879175
93.5100425180857
91.7324297739039
91.74453248009512
91.73466923730881
93.97541878924552
92.79457072302284
91.11993429191953
91.13092701231842
88.86411464260043
85.34034621196227
86.79291698210768
87.02468107745997
87.76607921349687
87.3540142306553
87.41637103834731
88.65218502843017
88.8573995298881
88.61161586816186
90.16865004929042
88.72874638865657
89.76084493920443
89.72745150474668
88.82032834918282
90.04367543260558
87.78977627560641
91.40094840326731
90.370389502938
89.32840830524617
89.10138347098795
88.11515952554078
88.01191980911413
85.40991142074787
87.50278696199324
86.75222620180308
87.03066337548269
86.56265415769597
84.86357135650894
88.09578081913
89.22574807493791
90.09742136411224
92.59887070548733
92.96622232338247
91.97940052467105
92.57451746000167
90.44950527558943
89.78975013324856
89.38086969395127
88.18029167517834
92.04282390292299
90.87722021968877
91.65721321157537
91.91443872130652
92.01760907934819
95.18497492527645
95.61539019991439
94.756693446523
94.82441689173908
93.33154466412394
92.6856402090213
95.8486077433235
94.91469889687535
93.49366918908517
92.17623838688087
91.91403834297519
91.51755655332818
90.4336351494432
89.7539038381555
88.20151048294944
85.56254023643211
85.85264377630229
84.97161019277543
86.85880286507061
86.21317799115162
87.79117714933419
85.74084209581109
88.17818427762579
87.18392222264418
90.83567712264525
89.99327581001398
89.15747956252028
90.43449923617936
89.15641409410019
88.5414010908628
90.2427884574005
91.85088389292775
91.10165891356768
94.60926433343361
94.59533111302828
94.60988199594536
92.56179200662875
93.77303864436043
94.22555203711316
91.9775197354781
94.75531807271865
94.30595233312512
96.77506057040718
96.53025468389822
94.76925221725926
92.97714945204922
92.94308229767228
94.39027029064312
93.4840933093722
92.68480011854467
91.73335750772016
91.63477124942538
89.55241812258916
88.19420125272272
89.11044532073444
87.25450417292448
86.50927213961873
88.15638770240751
88.32592696594452
91.96029524079492
89.75683014671726
88.6917170750397
89.02655512465509
89.84705817246807
88.09165114045692
86.84668432224434
87.93539382743222
87.88172277650797
87.78465811205903
86.73992050464868
89.29394242314531
90.63393489541788
92.19950694634139
90.93345646340825
91.42713555743615
91.44192931560418
93.4015482958603
93.78158697774178
95.84642134430413
96.40382934175685
97.04158401234659
95.85402622190381
94.52048204781424
96.45752890872721
96.97568408663696
98.19571331246755
97.02133436846808
95.97698364398185
94.04895323914403
96.11273267445647
94.8013667457113
92.06315770124982
90.75069468472773
89.73298111494663
89.24168673967318
89.58940719869535
89.46387355713354
89.7528446437324
90.69773506120835
92.11622540502908
91.17868896850693
90.75468500244581
93.77467692655787
93.83825039788799
93.09155076144647
94.73525846797465
93.25953936870123
97.66179872096798
99.35755789539063
98.02538216787575
97.2491141005887
94.68810804842248
93.74432428746422
95.21841788426357
97.77826423582948
95.12174164919118
93.64421105029248
94.20467510854898
91.43796634987356
90.6144427703578
90.18121785531015
88.782305547359
91.64677454448028
88.72296770312565
88.65657111463005
88.04463879536598
91.46682737059247
90.64397295463984
92.81869915257819
89.66842965846384
90.19726706741795
89.63018082499357
89.03288692682263
86.66202546548227
87.0940465733888
89.82677834825256
89.56105303790795
87.58253255099162
87.52342117505206
91.5227803196998
92.84285338361389
91.48623895864138
92.51779159800627
90.63927551023043
92.34034372019607
89.43540686563281
89.9377027631573
89.58647115396124
89.80899597773796
90.33042317799176
91.48256429179855
94.05866617609392
94.47973436459968
93.42072458783451
94.34612402161875
94.78326318779452
92.3441994042644
93.50269551167658
91.09780376761178
89.65794836762642
88.49504065150533
87.60870375584403
88.08624476786058
88.56878794583898
90.16742819148095
91.80512747910463
91.91313307827382
92.16156904638666
91.27988847862541
91.63148472437238
93.10775866217871
93.3996636697277
92.07793569642996
91.46856794253219
91.09957616170932
93.5751639976228
93.00346129102303
93.51294420664404
93.30096098670623
93.3917845761865
90.46659464572726
90.9871551237419
91.39740398341186
90.74851028003593
90.02256355732926
90.27787562954511
91.65154297372737
93.69341100776329
95.69484600317746
93.89743010858513
94.68432738710194
93.81818302552063
92.1157142993683
95.02522260785922
92.8852852041363
93.61550645718444
92.06737903523393
91.50272441126688
93.14315586348982
91.32259018391467
90.53087007630823
90.57740122318359
92.37536512178484
96.46159875732542
95.13461504389589
94.92127933077911
94.68144017730471
94.43708935415818
93.46737606428327
95.14896052523915
93.84635846069322
93.73941628796082
93.18915940684145
92.84915762784141
91.56653781375236
90.74906559600987
90.8340852815793
91.10088343912857
93.02578641352385
93.75948392665791
91.63830726088962
92.32076891672254
91.98674614194418
91.30957123708077
90.97890461527227
91.96050185709065
94.50332618547509
95.78219529179795
96.59302315260483
96.93883431915403
96.25366893547778
94.70399512480905
95.04000073629568
94.16944900076996
96.88449167029009
97.03647737720864
97.70105215961225
96.46288279853215
95.47523816407042
93.56324233973154
95.40891882362305
93.89760094838297
91.50669543209442
89.4820101800751
90.27515755969021
89.58799983229035
92.02607631754665
90.23505050577387
94.5757471082724
95.26618190340781
93.60549000919414
93.37637094936312
94.74842517988506
96.07312895100202
96.47261130555738
95.13290571049905
94.319361524405
94.15041855799117
92.58138782411893
91.30711756843459
90.73111614604721
90.00003678064968
90.86282718531221
89.84684232076354
94.05562493160116
96.48482429231775
96.27797740081319
95.9451533432867
96.55416139342309
94.65729285342087
95.02655146256812
94.53314435007132
94.97974606359313
94.13095079759489
94.17891006859684
95.75109118778846
94.61304586720048
94.86645533842054
94.87915100593236
94.81964162702462
95.72103177151219
97.37520007321366
93.99057756853479
94.10936186797741
92.78850258787007
95.1431907562457
96.95757282460326
98.19594075070505
98.42588751296087
100.67297062910318
98.8521948231289
97.18351827736977
94.69424710813925
93.89753409661097
95.24521241642121
96.30367438000427
97.87657884514098
95.95005704677732
93.29205591218259
95.33543639155887
99.62968047760515
101.03365115379547
101.98658432787647
102.12435740365878
99.78338057069557
97.60649649527207
96.67630642846503
96.7946762180797
96.99105462548711
98.06713619295432
100.04769910930432
99.34827785243637
99.55475965876232
97.59286211574661
101.4382453718847
101.2113411453463
99.21564112331293
99.51143509739427
97.54947333481013
97.09490341363542
95.48628864860981
96.44578283030006
95.42796863193364
98.77492330905241
99.58427316043235
98.72871344432238
100.08059672942534
102.21208242415877
103.98469495380463
103.66540740629584
102.44088175162507
102.50753011075531
101.53478877278577
100.17864145214776
99.77321487359863
101.53813314975908
99.23968244206903
99.02849454684252
96.71696295500905
96.5587370806855
95.09310102456227
99.39362946940444
96.95821955791774
93.74184700629598
94.2288242270174
93.86615576613437
92.8644961449678
91.04283094647397
91.77503811406244
91.05616700051496
89.3107421672414
87.22387089406386
87.03806804695739
88.92906889475891
89.48254143587855
88.11205644997368
89.55138426221068
90.45735733871979
88.87162631625372
88.52137478377591
89.7110935945518
89.641721191793
91.41937474768228
90.88756427337712
90.67857240573758
88.86825208075079
90.2463376545811
93.78961140689195
93.08287991642534
92.559863385408
94.5555271650166
96.4014442747288
96.23226524849565
96.11281991831753
96.14883404619896
97.44714523815159
99.24315085961157
97.40720568289787
94.73821815822988
92.11486130051256
91.27236628039809
91.04238842549904
92.83254040123957
91.39946596779522
90.94697202243599
90.991616534395
89.53860802432037
90.68704302958106
89.84170347525448
92.35397564946369
94.48493671071789
92.5080031656123
91.10137635538617
92.33036975866248
94.13954601013522
92.30988528044836
91.00269978017755
90.08475293003029
89.72577061426054
89.5301504209484
89.25235441123016
90.52348770270946
89.34035069764872
89.26594154979267
91.94648850899432
93.164664128699
91.5103352373677
90.39066031627362
91.24780883411458
91.3550181236311
89.11331837311333
91.8530771268237
90.84004626696691
90.1535001396649
89.38294109477155
89.35166533393897
87.21880373127414
86.79190327447019
85.91585733528443
89.36485040701383
88.78787296529293
89.17017419111784
88.99687192308868
88.63550711952774
88.04913251411271
87.7264035495369
88.31034526144387
87.2767093049865
85.1447716972451
85.94728789337985
87.43873768591064
88.1919416337175
87.48608651883303
85.18341496207837
88.99054582151909
88.51179417265195
88.67437804442955
92.54042790807745
90.73341099893025
89.88267413393247
92.80968063974585
94.6154424065158
94.43407619521857
94.9778203367608
92.50001386460981
92.73131616757729
92.35464892620149
91.53706503900354
91.9939062544527
95.03382377750629
92.87711523803341
94.09803077021405
94.76820784900296
97.67246776463683
97.3569603243533
97.53274560378993
96.71065119195285
97.31912087991292
96.796071419118
97.26000611192515
96.986841722662
94.78371823019008
95.44268283949081
93.55974699191252
91.61033486850805
91.71394594883533
90.85444345154049
93.57614175548372
92.71900634930961
90.94089195257455
89.30079635458833
89.88911220308522
92.54245066905305
93.86809501040038
94.21432908112648
93.38224298007711
93.73087063612901
95.60647196334295
94.52901755982032
95.21258400338338
95.4918797837769
92.13196720774181
91.09207310960856
92.58696135708072
93.23358197580231
92.17569777312976
90.81101907683622
91.0744525049979
89.92886936011206
89.3397880592813
89.38791321612955
93.01874574601352
95.9128349413633
97.58284328205713
97.01304966391362
98.08150832686083
100.19616284758179
98.45818491774533
95.4099957598903
95.04470868385381
93.11220363756712
91.89563891856099
89.5171933076908
91.49078592596538
90.71139357050596
90.90518978827464
90.77528476806616
89.96613049869039
91.17928734506087
91.51220089220571
91.92035596768396
92.09102267830951
90.18412406567671
93.35665701981104
94.40418135083148
90.8969292450435
91.73776932743694
89.98317472901003
92.74760978442195
91.85030057774878
94.05649025532423
94.2399234165996
92.709417616483
92.42728440218771
93.34754835255697
93.81775661350962
93.13074796152554
93.80051395869687
93.08495391943939
93.97562874551764
95.99556981421007
95.32426174294851
92.91915550423194
94.3770124602055
97.17312337499101
97.16969809484756
95.07208418343062
92.69897198303795
93.60526119327096
92.00045407833693
92.44758411231484
93.2762366802304
91.378801623018
91.4642029938966
90.89296484863095
93.34164485856607
92.68530472353319
94.77966292543191
95.3809887402682
94.92372391040085
96.28085617549424
93.3253306243203
92.14182162026148
92.81677808386435
93.90712578869937
91.47349421921278
89.37992931089586
92.2349691207836
92.97060588288171
93.36927886431712
92.78003103177366
92.61741072105364
92.51126760476114
95.30376495474817
94.14020522712644
92.38911335637785
97.27705338436812
97.15683257003221
95.98930672681703
94.98718033282972
93.19372751180651
94.01159607295631
92.62509981335356
93.79804965277276
92.21694640130366
91.5632789102282
90.98969006013239
93.37503344925182
91.8168740584007
92.66148317462212
90.97368112386262
93.0069001217983
97.73792379549275
96.10429980688751
99.29452678973006
99.92916978617049
103.834517455361
101.6304749934275
104.83308862948901
104.86228074678509
103.32815797922454
104.97983947629973
102.12770094550531
101.4521837884117
102.38638525388521
102.64576394167845
103.73833050218349
102.61354715001795
102.28447990575701
103.88492136316428
101.67581430954449
99.88505954936755
100.23281633143459
97.98095194791355
94.63202960511738
97.37140969240772
97.34943956287381
95.13256863685132
95.04337595797067
97.80989229465224
96.95162193801255
95.84248726313234
95.40794304093036
94.49144552006184
99.16351219667787
96.99909254661068
99.43061235174646
99.77734491454405
97.87716366284631
99.2290249846349
98.98299700602999
97.68280387521527
97.78664163513339
96.82519221732107
95.88624642445582
95.47581192322761
95.20012893433379
94.91123864625098
93.0766978081882
93.90180314818828
95.95139509365498
95.04599671033513
93.47000986344494
92.7781990844204
94.67170793560726
92.15323819642789
89.44652141487333
88.7679300276336
86.69310950079766
88.67039195078937
89.38982133572426
89.9296497898236
92.58553126280795
90.4629307596778
89.78286353729197
88.409339322183
86.38209155154415
85.36637964589585
84.93938885604378
83.90759367407094
85.25533590607905
87.69761489030938
87.09774268606424
87.43953562841521
90.64912727707625
93.38454843528875
94.83411112928263
93.21527389231063
93.14457698582942
93.23186537995342
93.77968930498423
93.81785114018889
92.04293223234615
91.9255895066088
91.24549038990233
90.37079044966079
90.12571952402938
90.67723263834021
92.57073650757471
91.97564743794213
92.61649470384683
90.4466810902957
91.93737238471786
94.83354815200117
94.45244440687551
94.17024727044863
95.2037532003726
94.19480936682906
92.65470009893865
92.8141560976266
92.51225700279602
91.70031280539824
90.633684957786
91.12850258844881
90.19290826026396
90.77807166692313
91.20575078082578
91.81848201351458
92.63870429230617
93.39097447516222
92.90463421999902
91.60434242780804
92.09952854046186
91.4005734569146
92.41939455865837
92.2012594647157
90.63106679137175
91.22127300311647
94.99513688054539
94.35078895805381
94.43624589977348
96.73913046226043
93.8302397591657
95.60686251028336
95.0903202248894
97.76191618188057
97.56532726516481
95.17865766155994
93.61693277313118
93.61707431470118
90.55740663045209
92.18758516832328
92.15852400480483
93.59752907910924
93.63107060272988
93.92332906320833
92.89301448725327
92.67501936581554
93.34737170229776
92.16077806614237
92.74926464279922
92.28913002492163
91.58466654688203
90.56292053352682
92.60347001001503
91.03639982611385
88.68910195854048
88.10263480575561
90.31256983380337
90.88754982647767
92.36567156306019
90.46791007019897
90.23730338663326
89.87625420618576
93.23928533274896
93.77139797468861
92.67860217447343
94.79549278556198
95.0926780346365
95.14403582602161
95.50582541177423
98.73306461591649
97.72940844298164
98.07714995742379
100.73706864275364
101.5108125381161
102.30329707284811
103.66053467698259
103.13866198866953
103.31149062835523
103.89443901888207
104.25583359675629
103.10045506342583
102.53959521689347
103.62935527994168
105.62647550357934
104.2067005892742
103.87691098452095
103.36806331529257
103.49109483880073
105.07467303606809
106.32735742719584
105.97069028598644
105.19080525858374
102.99525950179623
103.13709339976717
103.5085971588629
104.38776265340258
102.48184429214234
101.7608445304917
102.44257374535206
104.64944722951263
103.26180738202441
100.26225474373975
102.32267057969966
102.64075114763186
99.94766617760257
99.6635369324657
97.6174456958506
96.64202459454523
94.23452226271435
93.09938191407164
95.36845316953487
95.56340052043895
94.0026135424614
93.46866916631963
94.50092269218513
95.3227054720703
94.70358845247304
93.6209945857567
94.35542079465813
92.99603231675485
92.17828446173463
92.00894747944282
91.7717772480438
90.20145822374677
89.38165048201034
90.60893153003926
90.65702544911831
91.2105636063597
91.001076914959
91.77106699552948
90.79069336052895
95.5118024562085
96.19746084281769
95.26976139906066
94.96374817536393
93.30645791782099
95.83458030677338
97.17561783172675
96.59645126567784
95.93889762601842
94.042218022154
93.41172198123031
93.36408426883077
97.88129381823289
99.82569128870462
100.27674764780181
99.755256001886
98.9798268029334
95.83300808494906
95.35804623619752
97.77274402724751
97.38090261418567
94.94886141940204
94.52305271451611
93.94511063571227
93.0116987226141
93.81921592024246
93.47047276880893
94.81760041108924
94.75755663519865
92.21236319801066
89.62820082071843
90.44833140411681
91.82866481504789
89.17969278099517
90.86775907039808
89.92631159249517
89.48272481108648
90.37560254815871
93.41361282717314
98.55567071249753
99.07316829831467
100.26330569951062
106.53306371211808
106.0321583669387
106.29331559056763
104.74435539148232
103.5922166914186
101.38353593324628
99.29711410251717
99.21060103271012
99.10288333052607
97.89815147609116
98.67870568657203
98.06444938227946
100.1487358074461
98.12698653971476
96.18346648692706
96.43509184451295
92.12386794752712
91.1915094471291
92.05736391432656
93.28118464451961
95.30662509149641
95.98724667830318
92.78752511460767
91.96336058817975
92.27708484679972
89.27664211107663
88.00320037010349
85.78759451115286
89.03282144429272
90.17018189907324
88.8024871674844
88.77247281189763
89.05012139384688
89.28864827592338
90.05003982222111
88.61958808875609
87.30377467085172
88.24007274233342
89.80909399444315
88.50304705600877
88.46365908132769
90.55576386366944
91.35898054303344
93.51358044927429
92.0600031673059
93.51167346595915
97.25344310661133
97.37182150791831
97.07604909983316
96.2307185102541
93.95299931968808
98.4880278148866
98.79319808430326
96.71289106371323
95.26426974856724
93.94511474617083
93.36528194152163
94.873047901094
93.97888943232992
91.50738107354833
90.76076500309071
89.96307347629883
89.9375273425353
90.03312066604997
92.08114379105213
94.12016934421979
98.16077195829406
98.00843025201485
98.19271323895053
98.16077698930052
99.56277856144564
99.14453040380391
98.67371685032796
96.83043046303187
96.17931406692341
95.65463329647993
94.61035961068174
94.43122790365824
95.34568721631547
95.65700603138666
94.72714827794798
93.9164625166133
93.23297771260857
94.56048755482675
93.89122985467483
92.49364285421528
94.90590429506281
92.93677612339062
93.51927802321566
95.05777926748698
96.31560853646074
95.37467084661174
91.75752077162315
94.00674481271248
94.587065203702
92.10043632476653
91.16756453540009
91.0220725350883
90.24757926177172
92.74447931223916
94.74282476734784
97.73127987801767
99.18812471148574
99.72258378490768
98.34154454210343
95.4458024120224
96.57251262780143
96.00185116946636
94.58011723069319
97.19234832726389
97.13227340352188
94.41293799688474
96.63631280297882
98.07229119434876
96.59480440073563
96.57154381007287
97.38773108775092
97.08772368671971
96.87183354453356
96.63542180991581
96.62651999741632
96.68474964672141
97.10308790107797
95.98969144522324
94.64712739137387
94.36318491469692
94.2803849667433
92.1817393346669
92.63404406078041
93.61867494444802
94.40574575351091
95.03633103617193
95.40383466569322
94.5615271679575
93.67601788565838
94.4224907573904
93.01926046398998
93.58592299241089
91.6506220820616
90.95971765436468
92.20533623400765
90.63285104801075
88.87212722533236
88.48817923300015
88.93107860220812
86.94856975834725
85.14768983254541
86.05721274550295
87.21652118306316
86.18642169305869
86.33793834809784
85.37080792176613
84.80280829462554
89.14655055128833
89.78292103192832
91.87448539649341
89.70404516310579
91.57984084966265
91.7783441870953
90.38034267275125
90.23863838207377
89.27496157586184
87.87823137438104
86.40820804824654
88.1697872904957
89.44964506103707
89.00123875044787
89.65328544904864
89.39705073851471
90.14402610864481
92.01998150833816
91.46981619430677
93.4625777894162
90.8772932333246
91.67743914992282
92.55234191011128
90.41726392640206
90.39489941832008
92.52956473945746
92.06324168662043
91.38196603013125
91.6004981440927
90.24731813956959
93.41169324518148
92.45649987362877
92.80999171252179
92.3807344247625
91.68839954393128
91.75052803509804
91.7893203272834
92.71183383022392
93.0499200199683
90.68157084246297
92.72177393130326
94.832522882102
94.23593195454966
93.47318453600587
95.64367513967747
97.20805046800172
95.32818950815066
96.99199887030717
97.52963477912085
95.65084990697191
94.79609639395544
93.41006155057701
93.07066869637939
96.0952478345966
94.766188552433
95.37802029309447
96.12675752877328
95.28529792617728
95.25944605895089
96.76540951613114
96.75996069847463
98.53017878729575
99.54351892000716
98.97766089403962
99.25533620775556
102.51349111528145
101.77330281215215
101.68058444888183
100.1068722242979
99.19056099336474
98.53747886601371
100.70627917611512
99.93868608682968
100.30011324331464
102.02667512701986
101.59290897537576
100.43037924178465
99.38201618120216
98.92801586719374
99.05397933631679
99.25312532006124
98.21995689620272
96.48623223029648
97.46728756604254
97.1982683223493
96.46021728516759
97.80239483155154
98.30229085756451
96.85150093171278
92.8719281419103
92.17700059586487
92.56742668586138
91.33501574911153
90.08241208263337
89.44228144114894
89.18572929066254
88.04398281030836
87.58197537756874
86.9044820868046
85.07450785410762
82.48741630261371
84.83991962673305
88.34152765576617
89.89507378724025
88.38035258597976
89.21810147139793
94.2773937426007
93.48625781396885
94.1181668594531
96.00437474717494
95.12381417171497
93.92350661000113
92.81486352195533
94.44689515566866
94.48441292879946
95.15088435514112
92.89684524354362
92.52635220066365
91.9072251710646
91.17667357132775
91.67111812711381
90.946733039004
89.52975028442414
92.46109064613499
91.6047516208237
92.11139258580228
94.28981718484881
94.61890093467636
94.41766014076272
94.31100117994536
93.96691286269747
93.50832866872274
93.50958764302608
93.50730930876207
93.88823292955672
93.89649733339027
94.7106058047683
93.48765518807605
93.86581523877763
93.05258223772812
91.35099160604527
89.29056831735359
89.03083433060465
88.9415512133029
88.32854255826531
90.03475075809249
89.1805943441852
90.4487483229547
90.3845622769989
93.38030117345751
93.89835341051872
94.46403577301861
94.30168810438262
94.39386752699104
91.29954483084921
91.66612075021794
91.64462938794881
93.56418493763307
95.70139163247872
96.90014689873729
95.80487820498632
98.4958673312962
98.6547999949515
96.19678478222423
96.1099737787315
96.02819203585071
97.668861674288
99.21315187279325
98.92190160221438
97.56241128032171
101.20888886300155
100.98953699414805
103.23787484066548
102.92311588251917
104.75055758940886
103.25750159774167
99.38299970205198
99.06390358408802
97.70530220809184
96.22096867091045
96.83028986241332
97.49449147528198
98.20715412249922
97.10868638803119
98.50384903879916
99.1939712687412
98.99150192558882
97.02484872350676
97.21126051044675
97.7615142702148
95.64807399936619
95.62776078751583
95.43786265937203
96.1859593699634
97.08666693747169
100.10914019731347
100.74544082368773
98.55257821954784
96.89802987431456
97.2978585510912
99.5749674681981
97.56794093764903
94.62218775140686
92.48252066538434
93.34774462343512
95.19289962548638
93.4058207949831
92.94295210989877
92.13794962569094
90.63472735763978
88.52232771495845
90.58365523090208
91.93113461457943
92.6743268027085
93.38570708180652
92.43079988593905
93.36791968995986
93.19678002230204
92.84172067981218
92.68806699373906
93.43163730789507
93.10440866936929
94.06658036257514
92.57793318792777
93.14899585955816
93.24483217962718
91.64852147034019
91.04192026405133
93.15874750185479
95.50727710745147
94.24777748899723
92.447653119221
92.25955807398249
91.26665375182756
91.16796047865566
91.33505886322148
90.9574277646281
91.31740642569864
92.11644345227045
91.93839231638962
90.10034235630658
89.31864231611102
89.70119157933081
88.58876237966727
89.96574955451231
93.55279775419903
93.70982033079288
93.18304090391906
92.8490852912284
92.06298419660023
91.88015020810721
92.2532611137639
91.43875140070992
93.94484764276537
93.71892811255687
93.80789564024518
94.97012298242782
94.72041791121708
94.03099796392684
95.86909791385683
96.34339422914016
94.9904810755699
94.08952056122646
94.84757863689399
92.5597585716309
93.94831402878549
93.50388482711071
93.15544987889749
97.65160491121146
99.47506226546406
97.34952804692088
98.31345292930334
96.7254763604519
96.51411647516197
97.55292721437786
97.78930443589513
97.96098741358082
99.59817354610205
97.1624444992499
97.58885710433043
102.12589972986801
98.22841463126929
98.07616447910571
99.01570178480289
100.95469093839363
100.45700106237962
100.56319781837175
97.32280937851573
95.27210279960174
96.68099574398244
95.28327646072192
95.19417988961123
94.85029556972842
98.79693888793959
100.51369425009676
98.44817340805949
98.25655933020423
97.0016731965923
97.65275367715547
98.11826716744736
97.60486273142118
97.49527032994132
97.01039381549019
96.58094968867042
96.57204940704025
95.27858796561772
94.87589620499082
93.87272206882679
92.56124014228716
91.12519364298745
90.08677867325545
89.5339324571935
89.25115735528085
92.7871346680904
90.84641920741456
93.30206612475959
93.9363106486538
97.00724461943793
100.8197415116429
98.82408541485071
96.6208442881871
98.58991904745243
97.65830203764956
97.37546924178173
100.47033588334193
98.19991428922282
97.11363914007376
94.5632517023301
96.81721493179029
96.38677509368166
95.93638722444979
96.83665696564009
95.53314144762429
95.84072308148598
95.0389902682159
93.13792523142448
94.46090333478844
95.35723072122084
93.89081678018609
95.02189762273234
94.66141232946134
95.13777493015557
96.34637599766955
94.71374334320758
96.76144735801685
95.71782736133909
95.56511221338448
96.7003380166069
95.78178486400135
95.05330849618376
95.30915148565072
94.5610816713096
92.00994994396748
95.49889193812683
93.00673940152166
91.04962782469673
92.29604853478902
91.97166124924277
90.40031760914164
88.20533907597611
86.30820598179925
87.40061896929957
90.36445336091373
93.71853701749953
95.6370678099154
95.19612223862184
96.33301727931057
97.43416592501312
96.41705953929466
97.49114671677408
98.08431099192525
96.88514296408319
97.42980156394704
97.87202070582762
96.68004848607814
97.88508071632108
98.93622534162552
100.83355308805993
99.57998542386608
100.89870750503775
100.5459759255219
98.38332452377865
97.09934403494388
95.05928789449628
94.60334781246789
95.29369202240183
97.21106979657799
97.32814216900135
97.66777728724786
99.14686809320547
98.53088330467214
97.56940867666681
97.83185179529447
96.65111776076367
93.93425327954267
95.17466890043995
93.74617196154918
95.34775038685552
96.96551590595458
94.42158174640149
93.66199259883535
93.35223919587166
90.40224867262636
90.97800205363863
92.5407214530023
94.9360379517465
92.98731314732298
91.85551436875825
92.23935118235791
90.7083100290002
90.35962771661134
89.7997752290306
88.44728746476903
88.53119462666072
88.17674088120535
87.20133740349573
86.06454628766346
85.85754343863867
86.79350981145696
86.06950363434387
89.71081476536129
87.67415949845496
88.88721895863057
89.31990251011092
88.73493430161962
89.30116883595225
88.73681038721202
87.62486321839242
89.91670637459465
89.43254814415488
89.77217182430878
88.78281093996306
89.30395966402382
89.79993977345868
89.40119620256237
89.14735587296659
87.59292112629858
89.67832972316668
90.10629518519991
89.80859279977368
88.6691257037589
89.78477375523666
92.54608278420379
91.44252575475342
92.86876160893698
89.39446774899781
89.4126428068046
90.68536404556974
88.33274103335138
87.54619596971705
87.7522975360038
86.93836099782744
86.21284037251975
85.3538590887333
86.78002286394032
89.4819528692071
87.45783711670131
87.33190995618402
88.35609076165015
88.74766256650642
88.29845276395007
88.00016422468194
88.26263745641852
89.81473228685276
89.43425708341448
88.31917183169506
88.30982596631965
88.00967341979701
90.31007826378818
88.52524024927327
88.71502367467926
89.7143138108003
91.2696800556599
92.51824127613051
93.07956354835056
94.61492887258521
93.39284908216082
94.14014438462067
93.52905603561635
93.40059019054648
93.28034994917367
92.16572688130346
92.265725097807
90.39110488446607
94.34804726313654
94.99464947150011
92.48736330547517
92.69196740984265
91.48484351050519
89.8927004840483
93.238666559253
94.76303147645959
94.88319547017322
93.18229693818782
95.10324948365718
95.26807088280323
93.73066521017364
92.90607652197843
92.67883243508376
91.48281053346452
90.77726350557498
91.21146931104346
90.78182881937573
90.68960840594222
89.38404952130377
89.48179960442242
90.4520239723468
90.26993240710706
89.68950385652437
88.75465827581337
91.65886612410299
91.334738324986
89.2505817376933
86.29816821308836
86.04468054846511
87.21046392140569
85.8576998456431
87.60777495485962
90.5474867299523
90.35322766405241
90.93561897368342
95.65766564099586
93.95299392319976
90.66808193562953
92.43774606550413
93.4414806374635
97.09946617743677
98.04611553609082
95.38094574500694
94.94344320307329
93.7819138383815
94.64314265025278
96.3339583618696
93.88678173259416
96.08859164849461
95.68124546121742
96.81834580952238
98.17204291831924
97.86071717174602
95.26656685115411
95.71784710327995
96.48436166923753
96.20607596650835
96.26681154919459
94.38068561886323
93.4312582651506
93.66212184338244
92.6749903259835
93.92410469539595
99.08593611683763
96.17860380200493
95.82861177639775
97.68641269538247
96.07205379052587
98.58221972091653
100.36768742906101
99.91123434878902
98.88605925938631
96.26232389651649
94.08436762221136
93.05540352120482
94.10042067637882
94.5074329788402
91.14684271757457
92.1035874329192
93.46502535038522
93.11922903535032
94.01827433322684
94.54674644894163
94.59559101521084
95.08250828426733
94.21544156192269
91.81210959460877
91.87582898704257
92.30564894724922
91.35172440398709
90.24057751946246
92.1530867263503
92.01215580169544
93.17495124452248
94.96117231988941
93.34151272698921
94.19249334908973
97.70510054663758
98.64475706652921
98.87130150058944
100.89960301287503
99.78524686752739
98.24462113761577
97.24032930998435
96.93573517133746
95.78615154883205
96.1365977890123
95.99749171874278
98.43893863368251
96.79515284883911
100.61839582369882
103.03516953170887
105.43237694152738
104.50857852454747
105.73712625204804
106.7143119610948
105.04929561762727
105.36122836511227
102.91387498960466
99.83758539092116
101.47584973837412
100.75781435781391
99.2363460622005
97.13953398236318
94.15800226748877
94.92330593556068
98.42971597186522
97.56808834891045
96.27598342824169
94.47211585203718
95.66386225441323
97.18877575849373
95.42595465011954
95.14678528711488
96.58233889642285
96.85640939142398
95.51889847300467
93.8598441742275
95.3776706119978
95.24629936398043
99.52459305931094
97.41595005166258
97.71309397473564
95.72840549608274
97.31463786652303
97.16583566410327
97.69905352667801
98.16139298193518