learningRateDQN:0.003
77
77.08483455026902
76.04161538929205
76.32261430732935
75.97017317262204
75.75000610769467
74.13341839585854
73.10734897030436
73.55292246040214
73.19058304666905
72.93346486201564
71.67635871405606
71.970641609834
71.23679353494211
69.19935877636632
70.54134182775705
70.59007385736514
70.42007214992934
68.89052247091998
68.82184169358538
69.9041952371552
69.49035225633232
69.11509476098166
70.50332737249086
69.76388084675587
71.16235331402471
72.19426721639293
73.67763996377172
75.1692890085023
75.97245403413787
77.88673792510544
78.36157614506955
77.1835142625299
78.46749957545316
78.68089933285532
77.90184824365913
76.9522954376448
76.96753477410806
76.32376690068467
77.88212437366933
77.27459017273593
76.33545454655444
75.82399250781398
76.6686663647598
77.61374070961003
78.50671334042043
76.25303012939408
75.51606262467786
79.88595956692915
79.42855825776034
79.30312484293589
78.13368188382726
78.37479049245074
79.5793319215833
79.85486460391988
81.32730816738753
84.42168117512617
84.18397430920058
85.49863272075038
89.0679716733377
85.74457755714175
85.80533863847921
88.15800911882152
88.89744623707858
87.60298919944195
86.13604293732135
86.88387095039764
87.40128520235099
91.39147101535521
88.44106191435708
89.04420774036709
89.24601832632707
87.4839736768098
88.2170437399724
89.43163728078576
92.1482012205757
93.15840902103639
93.70454169422077
93.50213012306044
94.54943960343503
96.68966743028372
97.9222374482269
100.4480403124295
101.86659331783842
101.99224954867533
100.35730505173488
97.23422930750603
95.2528646894172
95.33455651484886
96.27265541127338
94.89774961173053
93.8415800867309
93.65608156957597
93.26703060896787
92.07593215735493
94.2592206395845
92.82260119292117
91.65247883295878
89.20849308173744
89.83829984257012
88.56703939274043
87.92735307581115
87.185670920414
84.42399208166007
83.36861838537587
83.25852548002035
86.19565071600613
84.22695745925091
84.86443499790008
84.17076147333309
84.83402791708889
85.38474584856
83.80210433802128
83.95187671589991
84.66797352579334
85.2166331835105
84.39122593395915
85.46778316307544
85.41004944406977
83.15177271006768
82.2774911355417
83.81314269883337
84.04591592637384
85.34869785480828
86.72360155016645
86.75281885693654
85.64227116323973
86.1549462311639
86.91190153906011
87.37607184949147
85.75808277861312
86.81886955052892
86.22066481839906
85.85193720562404
86.32112809941927
88.73829340751347
89.05796706655785
92.67594504993338
93.11342487930266
93.56864849712524
92.74279356106865
91.68076862612791
90.7229325136025
89.13225458472179
89.30038638292602
88.48428110686638
88.5249793797935
89.0138280283688
88.54378511656994
87.24232970316822
89.76715936575475
94.17763294137396
91.81464098624919
93.1904335095112
93.7342459429773
94.71755312895313
92.90691223330333
92.65279328063184
92.25375120835763
95.62390036402361
94.64409320998986
93.77244144411124
94.83876488653206
96.42222936294112
94.03487639540612
93.31501746221636
95.11105042053718
95.93546409758378
95.98561482987226
96.33004452252155
96.92608763191893
96.33014578087679
95.92364994544447
93.0662632489065
90.63887538483311
89.59547404942201
89.29611745082752
88.29458308873869
88.49073502627122
88.2464188321594
90.4333026723834
89.50343725985333
87.77890202504544
86.90223846489538
86.13620529396873
87.76846195352104
87.49767586112951
87.15481689386166
85.88228659118803
86.82379128540572
87.78180142166441
89.9484117981154
88.91114850818788
89.6714530609888
96.32514637431264
95.4029293204854
92.8367662454443
93.12832710613408
93.35563510570661
92.73852311368567
96.2086398269838
96.7488290156123
95.47432190073977
94.77162214744847
95.02191867308852
94.19860930055866
93.2220994231264
93.21770405716956
92.34491097909964
89.91258837365936
89.08106067059492
89.33686838171815
90.86614198340419
93.25918358961334
93.52482440768549
92.83743895422992
90.22353368651876
90.62102860022543
92.17113326771394
90.37046024123705
90.76412808683389
90.04454272947758
90.00667570534976
89.40660006054976
88.57520974301173
89.45752826769352
92.00450428208813
93.24110497235833
92.4974263045987
94.40580478156996
94.23824375023193
95.60601337754392
96.22415960685369
96.05672098573915
96.36635630644042
96.53896605438139
101.26689974783048
101.28621131179744
100.68406825169555
98.32378660136392
97.86682276292477
95.34359671889185
95.17686558252643
95.4961090978896
96.96620347019162
98.37384137272774
99.04528638451745
98.1042321511175
97.17376666560709
93.97453740048945
93.24921502440284
96.22239369891714
99.1868379899609
97.7753022859212
95.65132884768282
93.02713615487963
92.64847782700379
93.71285364705967
93.21757925656344
93.74007038591026
93.54255981886945
92.48568556213898
91.85906386839915
92.43733770739165
92.23572573994306
90.41212841878266
91.08251036877053
88.8006164279712
89.5502017030474
89.31572583713621
92.76610763428748
94.16278588663172
96.53854401968728
94.62779076052695
95.5552854029259
92.06441720838288
92.93462603648749
95.7460424649795
96.08279104208376
93.66243301366399
94.82300781359571
95.73016616074572
96.17604682949153
93.84936470829699
91.20307464923299
90.59695739908098
87.96544722178534
89.3029827826037
87.25801386764722
90.00200921436173
90.96384019790922
91.51029070996944
90.15530185928564
89.35085578574082
90.468959727842
92.67440237518097
95.08386826190292
94.63466747856239
92.99762099077412
90.63878779243537
88.70595985678577
87.77440433633834
90.97808488263234
88.45113160848626
87.5396829889977
88.8226206551705
88.25994698830566
87.96829083578717
87.75388146519211
88.99845785996138
89.84601610769043
90.15496892235508
93.84274032843409
93.30504183841485
92.1043330552854
92.07830908658788
90.918724072667
90.69497019167217
89.17003836636098
87.57565077534383
88.9732118762396
90.02236567071806
91.22370236330673
90.30417088141846
90.49363751492757
90.22471178701807
90.48354161343035
92.49649954743653
93.9863319208893
94.6615293958455
96.57289573388401
95.30515197749187
96.39564058475203
96.39676962802803
97.21097450451732
96.75812266894299
97.34644105444751
98.32229142497323
97.14345483475837
96.953617080789
95.68135107250096
95.40984817026867
94.0800856149523
92.72955273869322
92.13202012341276
92.23649154091598
94.01445549909678
94.290815576668
93.84323006244662
95.16117826174668
94.58593265222456
93.76158494979323
92.101043534504
90.6896349696447
89.30323623514393
88.49192799328792
89.20914851521552
87.3847555559197
86.38472936345427
87.81478035584813
89.88649259918088
90.99982711780127
90.08778865436103
90.74896684790589
90.63139254674012
90.15836675604228
92.4155103104056
91.75837121654874
91.03956556544529
90.60478780824428
89.83161040558869
91.25591912636
91.6070561691145
92.03291286930892
93.10264673432931
90.32970376078028
90.69911830357839
90.147785729868
89.47390634088067
89.52632529850266
89.71830527670052
92.05905551331469
95.5664657738103
98.82009503630474
97.6188715587644
98.6891924187456
100.59924180377763
100.01497767806276
98.94226076559278
96.95401468055518
96.65477645715028
95.95951514646559
96.64818786917228
94.38559914294825
94.86744486671762
94.084917953285
93.71643276554482
93.05636498847318
93.84424240222648
93.46964770892599
91.10853325107448
93.59418966095154
93.98058227076967
93.2160427553379
92.55293895215927
94.23161763597614
94.05147340475433
95.72012027430165
96.79098914667331
97.54240741793485
96.68970437008323
96.60331542911132
95.2923872127892
95.03601488567953
92.69241675674625
90.50048511585864
90.57178838377143
91.8103299608877
89.57539830688047
92.30700009138113
92.3624208133496
95.32292566825872
96.82825172134974
96.78857561299296
97.38325498601041
97.50295899386717
97.03748091835429
95.7825624187399
93.63079979854196
93.40214447318223
94.18692872588447
94.61814058158305
93.32066958594935
91.62505457327713
90.11443379973907
88.21843927279082
86.93662363291713
86.88586493390675
86.12744860589912
86.92480362269957
87.62382140293201
85.43044882785769
83.8306204509914
83.70253620111455
84.46750138645397
87.96654106857464
88.38401440423877
88.80799744372143
88.72213610301013
89.32857417526043
88.81275270548332
86.95599490958051
87.29949945867584
87.21119313114576
87.32228464729835
86.81807761800347
86.5445811396596
89.05419185102996
92.51131618120831
92.02522936215897
90.88306166466539
92.91032787871563
93.47988615294842
92.13858751695956
91.99721117062606
91.30126260155458
91.32090333648499
89.99791231573575
91.14956139744251
89.50870375813082
89.23876300515758
91.92556516176343
89.74004941694585
89.24644110388695
89.18900129444083
89.10340954696743
89.19058268552608
89.8355431076408
91.37238309453099
91.1114624034933
92.07694361553254
94.08186222260488
93.19781607021432
91.58216952705779
94.38146961270515
94.63350870541909
95.02956375883682
91.7315987012665
91.73487228482084
92.67918700658691
92.92849406239604
92.72364620502698
94.38833977224625
95.04781265557322
94.53901365638885
94.81358268628702
93.2952394181924
94.59434541613986
95.61668731204495
96.75761635966745
96.35538508427975
95.55024284653935
94.80281558474671
93.13132158210405
92.9132387467933
90.27390047040588
93.03042365923547
94.58099968479264
95.69034330756905
95.40293453802838
93.40777392250517
92.79255804002791
91.82142376534237
90.7786041283205
89.83448872234419
88.60976629884071
89.27350394785896
88.25998086898728
89.40122293297192
87.48382383906548
89.33050229449005
88.3109998762987
87.85579095717253
88.33974624243993
89.5796918541886
88.80708959512121
87.96056165787098
87.14808471719756
88.00768212878766
88.77465243559043
86.43029863420611
84.41257719267442
84.26056854798959
86.6917974152217
85.72268306476778
88.23803866942691
89.86039211076299
91.69537192530109
93.36663579479708
93.48740234913208
94.65777468160947
94.50290266021685
94.9522962895333
95.03267073046577
93.6176357764057
93.62415012572279
93.53215914129989
91.70904540629468
90.47142688955016
90.00925735542333
90.69212343309928
91.5304397255838
90.97292958186873
92.30748517945048
91.6552684578392
91.24466402045404
90.92599780642057
89.67453144656098
91.73675530080857
90.29077389139134
89.72736878632644
87.23877957101973
86.95940124505537
90.29821967742436
93.52206668576875
94.00420302075663
93.2199329479928
96.05850008680154
95.84222672736655
94.41470690737697
93.37724362732166
91.92620897343855
90.50912028418834
90.51374582265389
91.02712559766677
93.02914941220803
95.18391242779776
95.93661653760883
96.02912194314442
97.84986476922916
96.35017074978902
96.42868740567319
97.19542275500982
98.62465232782316
97.86514536356847
97.19442349903991
96.95304656711237
94.03851800840663
93.19899152092025
92.96047828384155
91.54363923270132
92.19136672873526
91.6528362885926
90.9019547178315
90.72725711996982
91.93066574451643
90.71945638099204
90.98888924428474
93.14253175133946
92.4140935469369
93.73470925231815
92.14089951417218
91.4946516772237
90.55869357743988
92.68244420673805
91.72690258799165
92.9966394924491
91.11389481942902
91.02326450943526
89.91013517666708
93.05351137743989
92.19808194495465
91.81305320518415
94.77180317623684
94.51673018312518
93.57484522849994
94.56918689378084
93.38503410728978
92.191822594875
91.20732030884454
89.73405748679079
92.11454699929062
92.44069368855644
91.28180767212869
90.83251862025453
89.20052527772849
89.39368011336623
89.38107710371494
89.01222081219501
88.93424544559834
88.95094911884314
93.64721735513095
92.69131191349577
94.14290283248292
91.811844590521
92.56513651761401
90.78042379852039
89.64022728061654
91.0894530657377
90.44948244674968
91.9650248764282
91.75911698971146
92.94828814318518
94.21231102817248
92.58622459068816
91.7476397532413
89.87891787687131
90.61619980549528
92.64057930821453
91.76029245668607
92.7049781551321
91.272858703802
90.62258956153129
90.91450700853616
90.55672377488784
90.54709141547177
89.34135372577585
89.75463365017575
88.88201068996791
88.93236552690757
90.61621061955609
89.99054641956383
91.52225245465736
92.46375358696439
92.78273509041267
94.20266160130483
92.56588187683413
94.26790753475073
93.09165992086955
92.14676592855085
91.70022470322874
90.77259925337115
87.84092107475497
88.27311194915742
94.56356957192044
94.03144654790188
93.16318826269598
91.54131114326901
90.48553979121964
89.78758357441136
89.61850996848227
91.22751779881179
89.26971622494115
88.3139456699498
89.95819521092197
88.89574954004091
88.56117545373016
87.81830171462126
87.82400799273873
90.7183534370951
91.07155135536328
90.41027445611321
91.01293849505704
90.78631008733096
88.75543715573023
90.33320373526543
95.7929488835429
94.7799876339886
95.53296226039913
98.36938892040232
95.71049972431473
94.7764215929958
95.59994379479778
93.31365263354819
93.75256619608452
91.91813143823443
91.83873018768304
94.09954868312519
93.33983198328556
93.71543787510083
91.75352707884835
93.82628967006978
93.39084227775578
91.79320325235878
96.45812607400713
96.12073262925871
94.12069764708951
94.64007761610524
95.10624961287648
93.62480093561628
91.86732952542644
89.79026153166676
88.59224642126226
86.31154845577548
85.85029062946971
84.8906553117817
85.07960720734532
85.88916263553365
87.85175014347143
87.3610621141801
87.60300717640013
89.14030466324513
88.9679787288662
88.97052655966068
89.37585902280824
88.61670401441225
89.03137052525891
89.9548042368865
89.68349059306824
89.69551405260745
88.50349419097553
87.03365742860102
86.11702675990922
86.96327981386763
92.92041347861905
93.59665107365642
93.12310949446254
91.39660837642047
93.27554246383225
89.77852477923571
89.10748990517416
88.44912111011655
88.11954337656125
88.85117800169658
89.53160920293723
88.04647718719868
89.93620374030887
90.73006806647246
91.80543400520136
93.88583810313249
91.89458516974261
92.65746210676387
99.2888889974102
98.45896421430422
100.26151046564473
99.97068162282646
99.41530780311528
97.46608064106405
98.33320370267326
96.66495445474446
94.60912609860642
95.2032148976321
95.92175516760283
95.66978749876156
95.48971110618443
96.03566814669406
95.63276041580852
96.74572421021195
95.19124525991894
93.49978924246963
91.81978465429964
90.02751937251861
91.5219119388553
90.3466666517295
92.78564668140987
91.57565123345356
90.12464776791268
88.9611959082945
90.03695780202047
89.66734175754908
90.30226829670686
91.19973695513198
91.70510653801566
92.47693603860347
90.27528303016595
90.55458727824005
89.01114665834909
89.8286060679874
89.64003309690281
87.1423702621632
87.68341610119289
88.62947600160709
89.90930595310192
89.43936759008487
88.83453135931633
89.86051342281337
89.6192544307359
91.13614976586128
87.95662682213629
86.73600822552778
85.98266177544876
88.95497552606466
87.77112480037698
87.06094218261309
87.7696677423305
89.62903674310118
86.98734856708391
86.20909911756117
84.86528115051502
84.12818620833194
84.92218177600019
83.47819568349732
81.59656639274216
81.46611762281859
81.40637821473358
82.41962846561387
82.61221186828061
84.79086856773107
87.11485431054409
87.77258101982879
87.83135593480065
89.86743648665227
89.4814061849853
87.56185012405719
87.016903399601
87.60846644438267
86.7567673595715
86.6552922189496
87.00862330082212
88.3413712761516
88.14989839732785
88.90151741118353
88.93667708589791
89.29372261171693
90.40886470011762
90.83637475587503
90.780699885537
92.9833001043775
91.53982387306034
91.55319420961368
90.0334919484374
91.8273963882205
93.54582239733887
92.04395518035642
90.4810580618603
90.30636282751983
89.14846445083127
89.33517759273656
88.829422241792
89.55793048087381
88.90297000017073
88.27907165798082
87.05392969459672
88.00955051411715
90.27635275564674
89.97455202972792
88.58608124066316
88.56059024259173
89.17839892720282
88.42406867665363
87.48073753510737
86.36037346848114
84.9830785908282
87.24690378698072
87.64484237279233
87.50891433815441
90.53481806108775
88.5356541036731
87.30220666470402
85.65902130443942
86.41202558976808
86.36460693026407
86.73882617653706
87.18738656647751
85.90570582333848
85.12607780925512
85.65605255766846
83.77294728052237
83.80197970710208
83.26046025135064
84.97040616123797
85.60343307145364
86.71656654122634
86.30194526101954
85.28390355025893
84.52095286902956
84.93748634244314
83.87418625373934
82.29429202425708
81.74576788188884
80.83551419978063
82.26856249662542
84.95503814054577
86.10754692096974
86.88341018964603
87.42665148123082
86.1960503032551
85.3035912001982
83.89776398054471
81.76630516886104
81.91121677146747
82.03234014034601
83.24837559512336
82.210813260718
83.4853361534079
85.76028666280035
86.75533592657784
86.01531378189951
85.56352981105019
87.60751771090298
92.01246318355342
92.57745691593217
93.25351790957693
92.73785888955804
92.36216691272989
94.50894719999276
95.92530363892611
94.72473613590039
93.08460257887506
94.22323081780753
95.58623082648052
96.65604225845563
96.27249697092363
95.22120769795372
95.68057638638503
97.28446228954056
95.20841164652454
94.17641916873478
94.42779357575729
92.32905430589383
92.11596996621553
90.7512317727509
88.45201214963224
88.62640584649091
90.08856955331888
88.96283963768413
91.68651586907109
90.90817726883233
90.40547195665022
90.33784620416677
92.68998480300881
91.63206622955072
91.04082596146708
92.52396631771566
92.0289401169087
92.2720374123093
92.79168781138095
92.84945888760957
92.88812239297867
92.85723169093302
95.64411212353546
94.54440075628966
93.42953611579203
91.80850985094496
94.85351461661291
93.35820987696498
93.5178280492965
96.44365103321672
96.67583492227479
95.99107498884253
96.24041679652937
96.00393749252713
94.76562837523136
93.21317456203978
92.206572138534
92.5141704318838
93.85398075636303
92.41069589421842
90.0495734290178
90.62135370766687
91.06147885038567
89.46545775704027
88.29480343852511
89.05016706354358
88.25458113285585
88.56146954123942
87.92475022628358
85.67411295757755
86.0241081294946
85.49785981933115
86.02233378871252
86.18407207744053
86.79975124765569
89.8218867749602
90.25321742423637
89.04840348870195
89.20621489032473
89.59030364156716
92.01431334031933
92.33965938144334
92.73778872755895
90.60760902057089
93.54542134594276
94.1438352024195
93.38735557549757
93.91152988409189
95.40331826327075
94.64296468367395
91.31857241993731
92.50555191061352
91.21604167229755
90.03591264560663
88.66506386409867
88.08509720991783
87.29307526404423
86.18038543692768
85.83223110687756
87.42257356969182
88.61922668164323
87.31955867158796
86.17118205988515
85.84721060187367
87.65338096729343
89.55081640903946
92.64939883067254
93.30328394505415
91.9286349490901
90.37869663297234
88.06655525168023
88.89347800962535
91.48025058594182
92.42184394340481
95.9318343140428
93.91752435180797
92.75579736572037
91.16870357378951
90.37575541544173
89.25254225876411
88.54479115721108
87.90768911085443
87.1858065774342
89.06637086558982
87.80879110082611
87.19961743799367
86.30993222152907
85.7993753885199
86.86963186442935
85.72908631519185
84.90731754355616
84.77452681237337
85.05630347608633
86.08345625859536
86.0838673592378
86.66769717119134
86.23535607148386
86.67000259075776
86.89349985336759
86.17010198805752
89.42023010468263
88.75826074977368
88.74279519463559
88.56755010171862
86.78252164968228
87.39220395316705
90.53743870284183
89.83266618428708
89.57145385616563
90.10196896544254
88.65140113902036
90.9057599697935
93.58874711662742
91.77441317160276
91.30374243855034
90.02492294171377
88.82886839804898
89.70913005779273
89.32745961759392
89.12033566719094
88.73585519300187
88.81058125113437
88.35398402020262
89.24747323451486
90.51388038480616
91.14012564195913
96.36174624779348
96.80985690915028
96.96261760885962
95.45514363221751
94.29171591313843
93.68321055819166
91.86241834635813
94.18750403553567
94.21048377050998
95.43965815183421
93.73421806774024
93.11947955850492
92.78608602486469
94.68239139531033
93.7708086279074
95.31758715458335
96.54574534612759
94.88300738926928
94.00799031205135
94.68256807449328
93.2553722319851
91.20558143984131
90.21316951146697
89.55720181540161
89.02002113712868
89.18287220756982
89.01987185993899
86.71161633834095
87.70648422902289
88.54751868492167
88.75155926126149
87.71442889785271
87.55422169829691
86.58390021577277
85.45528958802272
86.43014174701162
86.4964193053934
85.69567332149064
86.7059365846914
87.0979061841962
86.15309804517167
84.81731959251799
83.72827749694237
86.14243060734438
88.63807709361036
87.61252584680628
88.2604503269083
86.04614922563479
84.38437124064019
86.17759793926113
86.87389051060659
87.64715809866345
87.7209869378869
87.86334724845972
88.16134367833584
88.104486704076
89.78715477560368
89.94699744424932
90.11293817146866
92.13266602515577
89.2281867831656
88.71947289537758
89.34242324120252
86.51986830425328
86.86149959473458
86.48904867110409
87.35902320838298
85.74302087596047
87.63839685751745
88.71275103655638
88.11821701014861
88.53233685577702
89.17054008902902
88.96956723470721
90.69005304392815
90.65758370092934
90.67746469065749
92.08750265030801
90.89978575669038
91.21973870067521
89.24074441276017
89.21770151164498
90.48002602894401
92.24909032097018
93.35958362360225
91.99068018644907
90.95298230508236
90.17790402850574
89.0424634541577
89.3277745470275
88.85244101883178
89.92441217255796
91.60299371030725
91.50078943442252
89.57300105258011
89.99061742243063
89.56553000618146
90.23132256965147
90.65215213452959
91.86776526376008
90.02545026277349
91.18807470522144
89.78436054751225
89.28447560821743
88.17737153839037
86.66715940478596
86.81878594464722
89.13897128819714
88.86419485020318
88.21546929832422
87.33195206441204
85.85851560049554
87.9067635757883
89.28458866663952
89.06419919148307
89.0851812200125
87.51836034069929
86.5272707164127
88.39000304837305
86.53417575465797
85.40779677083532
85.45384878296659
84.81879185639022
85.18663533913083
83.92671769919953
85.69757896315527
86.42793730411819
86.3943569850592
85.7980218692445
84.61795919923479
84.93799871885206
83.96588155730716
86.81038306287125
84.63498849038484
86.22046182666648
86.05658810414835
87.72189802320398
88.0678430738962
89.84205896211911
88.29645234690736
87.4942050848712
87.35009552649856
90.4299151994364
91.34728697540055
92.39048284956351
92.84885435634537
95.60488221018196
96.65137119099285
94.68190282996798
93.94122092680074
92.14739123321955
92.17488232197944
90.98991748344962
92.19323625962595
91.35683109098444
91.1588230478945
91.6349908870121
91.02467993931853
90.8280964746256
90.52584057070406
90.35344405866277
93.44327022118117
92.44574333744225
91.76722591159592
90.72485620474751
91.8242660918245
92.13640603178324
91.21885600972222
92.68370227001327
92.81479439853489
91.51486169076107
89.03508411376397
89.40950497733833
87.5327534044348
88.51048150328347
88.48036936553518
91.91784122756376
91.05600187678749
90.716532344715
91.28200450389333
88.54994011195724
92.31710884172196
90.57167067618204
90.52625357214255
92.16547694079495
91.14253011812113
91.31729639729218
89.00096715009167
89.58935149592038
90.07627787192304
88.87602104258526
90.72827756038947
88.54475733025878
88.95464808435861
87.45179513114851
89.48684871721616
88.6367308285481
88.07280230402812
88.89341403127648
90.28111969319018
91.05975985051198
90.44938547476386
88.76093708955031
89.4946243914724
89.02165911023683
87.7992584541216
89.16342832408499
88.29827467213849
90.45373942987749
91.00991080347401
91.58866583778476
93.8214693796938
94.25478635904872
94.78103081287021
93.43921472554656
92.04194893433524
91.93410703003083
94.10558299137683
95.49896786541626
95.00283236714786
95.55407320657046
97.98224896508653
98.72762982646931
96.71490574656991
96.46238659928473
97.1795065881751
96.53858190064945
97.54359654492444
99.34084940016415
98.82605477517382
97.91394161040921
96.83147980495475
96.38435331136859
96.75345719342845
95.73046072837244
96.31224275872503
96.82388891407737
94.96883981270962
94.99704695406669
98.59867992807018
97.04795498471971
95.87762304332303
94.16373357847232
93.73236246124479
92.56941260771995
91.17339365735755
91.48990663061873
95.10598101780185
96.84280543870884
94.86712428389583
99.16521690112569
100.24572294723531
98.5056667286358
99.00158319249233
98.3636479582677
96.56225016680793
96.74535778547649
97.16625433448758
96.6922955125846
95.4595934806936
95.24102839633738
98.15327262333031
97.14364015505123
97.50684029593619
98.30350312832519
96.0112821108602
94.65401944901744
95.33463518916557
95.49645574529382
94.61557272905183
93.5696658626347
92.61095803327616
90.35040153658056
91.48567079827615
90.68598803860529
89.41124066710881
92.45289266482628
93.2030784747719
92.72390516946132
93.58242151567254
92.26927329656387
91.91876269398543
94.21037136430068
92.97670489912076
90.45182255139297
90.55918367509409
89.95608744972557
90.2621014546092
89.9261726478101
92.02821157755716
90.34147480309043
92.3889070380209
93.41054406976475
92.36901899510637
90.52387994193226
91.89940311485334
92.95690231099194
90.97709822059855
92.16559999611331
91.20824465683455
90.33757230211016
88.95936771741303
89.46043754270897
89.20644519138732
87.56921834500467
86.54415615892877
86.69909245885724
88.07097324616525
87.68969512241684
85.55891879088776
87.74938231250135
88.92427923988726
88.37900321150471
87.47630709893826
88.92135079832087
89.07976091408419
91.57313436684434
91.64810332118836
90.09495536233666
93.35669919749677
92.2114755543559
90.26111104079568
92.26123165322377
90.95509253014048
90.59076712798313
89.98362136617224
90.4036715661371
89.9102551600301
92.66997027214904
92.54392749117906
94.92197198934656
92.79008200611489
89.57864039946018
89.46737581256939
92.26010501605164
89.36686727464092
90.44549889913718
92.7976265423529
93.09537823935383
93.73569491096686
92.78463580671654
91.39319587581348
91.13601169620294
88.98741840258951
88.58176509796225
86.91254574780287
87.0320972558028
85.8744348027487
84.69700293524097
83.79825245087987
88.19990995920601
87.63895010305978
85.6206445094941
85.8761520062536
86.6356200528557
86.35224317500959
87.46786992768597
85.92300669093487
85.51660803208972
85.15602197979268
83.4051381532134
84.2891212856175
84.68400142257384
83.71145678126787
83.68004120111881
83.70881573062185
83.87193865644345
84.51303202230504
84.77530600489621
86.36134984462406
87.03520465951775
86.26199090239163
85.08271808638231
84.30030045951408
85.6423443035876
85.15333267221195
84.16734202694516
83.9214271460855
86.08118489081595
87.47329607534158
89.13164957559934
89.96940789912584
91.67682465050483
91.95349426498629
91.34194543652664
97.65014625837826
97.06364662043707
97.53006350617127
100.11426322038878
100.75293986787389
98.09226193075766
98.76230039326701
100.09714922989892
99.30927116855874
98.87976504288534
97.5141737439383
97.13941929786414
95.07302600931263
95.974346586669
97.874234665561
96.35331898250402
97.05460830899888
93.63767296948633
93.96244334222789
95.93243776888899
95.0329744201524
93.13901535681379
91.31977462117383
90.86797801681239
92.75668964079885
92.23261038119551
91.73412244176679
90.41960554600533
89.61039424514533
88.21357956426891
89.44200568461362
90.17624596126814
90.19181719888427
90.51999744872401
90.92623370786309
90.072956985473
90.18554602442615
89.10217023895493
89.44997989905858
89.65704212852108
91.50977843218186
91.41909520371996
90.98446370967041
91.33697203142282
94.69275282431524
93.2332218348155
92.19000539193367
92.36233189929459
92.51014384914356
91.79836855998991
93.21142726578366
93.63895480977676
93.60130100096508
94.85922256223428
98.56317285716756
97.28820292520967
98.2340889861264
100.20421522554466
99.57972001364736
97.71320675604655
100.03585764454714
97.70044215854907
97.1840697256283
95.03547424351318
96.05671073457546
95.95671379844377
94.92286783272384
94.9612908036093
94.50978305274661
96.09070568753263
95.082599711691
93.99485551796208
93.67770172588483
91.67560073777918
91.26253525422554
92.61026730548141
92.55966091880701
94.39984920840794
92.88869797675689
92.97130137111073
93.42694920601606
93.61992464514212
94.94523853225685
93.48863921813638
93.70489186933546
91.87241015525403
94.32853020787748
95.69938127628221
93.81303928792258
92.12008857596243
92.52165439121916
92.61285478275471
92.20243408165216
91.06510910082687
90.54368179664321
88.59331762953937
87.29474729704835
88.60185666118781
88.78399748627159
89.66138897617265
88.14748633589758
91.61940908412583
93.14545738259152
93.02684862363883
91.94095003601402
92.51535075781874
92.27779922383614
93.95779396958145
94.1739245471449
94.27814053942438
94.41522981873902
95.10778880456346
93.54352512421895
92.14026490078872
91.38996774774412
90.08198976777955
88.88781935681317
86.33357863925973
86.52774367566926
87.28453017928642
87.46040502793232
87.73531655675468
85.80007774511742
85.112941951417
85.20548226332865
82.47563907682743
84.63681265691228
87.63491828465688
91.26909774008955
91.5840490710801
90.0701035586382
89.2409253574911
89.5767708404119
90.41245603285532
92.53720282752174
94.65364660218896
95.20715355664422
97.10286404913852
97.30803270775564
96.84024061300599
95.00856745283647
92.49788155621965
91.37253385708163
91.44171227482317
89.67811046129756
89.69905007480789
90.06725811086518
90.37844560590119
90.83933614636524
92.59878160661212
91.0980526373725
93.94321667531973
93.73102937434092
95.1193075094202
94.3491354915332
92.5640868525897
92.27688893289202
95.31112789910718
95.50243652801495
95.37232919070509
100.60810849679173
99.21322922509735
102.24369002914332
99.9119231187421
99.61809644312017
100.15249650586061
96.81046406346331
98.45063334790538
97.01071945468846
96.91893286110857
103.08755502573095
101.0138131881832
99.65812246639354
98.3701220760757
98.2675708813075
98.44889673912617
98.68555910187446
97.22069071843002
95.2986016312889
94.82822668498544
94.87280657662927
96.56076891311959
95.38161446778342
95.79047525404937
95.4999441113612
96.09437635810747
98.30406101020301
95.37813287694645
96.33093866512192
96.4139648256498
94.62498086109164
93.25153507404751
94.10857048236522
94.65833992670473
92.00842652298812
92.05556018979202
93.23053121604875
94.52381785845654
96.19191599339536
99.36068621561336
99.44207687303303
101.79356049753345
99.31275845188377
99.81014741443767
99.71027431088831
97.55079868595217
97.30327848875332
96.38785329080969
95.23922828570066
97.90879486903347
97.36939053388939
94.60171906198411
95.1914062092481
92.08510876956528
92.81258237114497
94.93439016530078
96.3833209144587
95.12880121213774
97.17737457559475
97.01793482535685
100.1992069287875
100.22634099309064
101.24775321234384
100.97822371634453
102.94629595783543
101.87436477091885
101.45236165967776
100.59454983407265
106.97248882884087
103.3850809379426
103.83372516330161
105.10078636177865
106.09407815815929
104.925085661391
108.03251844826318
105.84100153754963
103.43304372136976
102.5791286135703
102.441437340055
103.49371176444171
105.83933942800486
102.10070554953744
102.18392800097647
101.92802911319454
98.7382361947887
99.10088661629908
101.17646088294804
101.94698510836315
99.9393329704194
102.26642474813968
102.64685069885694
101.79701735341587
101.12540205724572
98.40338937563321
98.32584649920994
99.16509549862913
95.4344278259748
96.0883312312815
94.9751516452779
93.75110540928779
96.87927663771448
97.70473891071563
95.88018727680462
96.33984370710682
94.74417000690455
95.11459286587468
96.35235025811365
96.37036353330753
96.86737829529027
94.93000706401467
95.43188914620292
96.98740489557011
95.0385795292427
96.77941800378049
96.73870098275216
95.92117670726209
96.87605017408163
94.08372676073986
92.28011821496668
92.8618395275298
92.12525799698523
93.51536286608071
92.10315551861446
91.88386218591546
91.61341892225076
90.57598597352934
93.88224238564906
94.6205796973745
98.99709239153758
97.78344322907685
97.57936607266605
94.71403229414521
93.26614609242961
91.84194729281568
94.7660631734365
96.80276590084634
95.81249010789443
94.46078032788557
94.8063156720065
98.0434818003595
97.26868942426903
98.46212289820286
96.94384993176703
97.48393669697535
98.62461130469957
97.25816894700516
98.25279196698646
98.98082850275908
96.42435907579622
94.99960628149604
93.58796185213664
91.80613971729844
91.07585228073714
90.76258103908867
89.36047020477446
89.26680085475377
87.58690687828289
87.10021553150244
89.66525128312406
89.94233806497306
88.45675218685422
89.21081778100202
90.20427430778946
92.25623369238592
93.78686563774102
92.57103977210389
90.02688952213957
88.84709691811234
90.9197408162402
91.91343563139529
93.64292403974618
94.93835897380639
96.66617449468755
99.46143284944793
99.17937204547995
98.97645184810145
100.46443241135296
101.22656832796184
100.45564213395244
99.48282510724714
98.23610826872522
98.34694471229835
97.59421888818453
96.23309205062012
94.88663472574014
94.52365777786247
99.59633926538699
96.33285432191312
96.97630233525886
96.4655449335355
96.26052624079259
94.88002589762148
93.75727619937152
94.91090177197866
96.0175273213956
96.56024985049058
96.12373291362464
95.97469474120814
95.60632241574963
95.49085412282841
96.00846939488946
96.22656922803283
94.43824359216245
95.38120602142435
94.42104806835682
94.0607069376904
93.24595654750115
92.3340953678381
91.42505312322075
90.43016096694956
90.26277852898077
91.30539682951301
90.93885987558062
90.37931616851674
89.56474803714748
88.431294754786
90.42217101220083
94.5558646197597
95.76324102360269
93.92202669377889
95.26863716963008
95.19332281472258
97.15761417358871
99.05720171563716
96.55743775449181
96.23882703167183
98.02112568162073
96.29875867626683
97.18067445557551
96.64505323636396
95.62488583319595
95.23680347850302
93.35589780502467
91.89896850106352
96.33729587065855
98.52500983963363
97.03847410719489
96.3325786902702
96.24628361009582
94.60135469886143
94.64718281302689
92.9658501891298
91.37056499794117
93.37566728128346
93.09588185466306
93.91411007524607
94.82410313967415
94.71937434016057
94.69017990346727
94.70764390882618
95.44699573248452
93.67490134758677
93.63652398816778
92.09394401740121
90.99667551818544
91.72931330582674
92.89023251493593
95.27230925467683
93.45733219301778
94.58294957814422
93.92872288364971
92.93619755095969
93.55931416812703
92.6011773325071
93.68106036046503
93.43982591663854
94.29499067570734
95.51001617184319
96.71138904837615
98.58536276454554
97.4652910413399
97.51234700229875
97.3935698020083
99.106700628381
100.42631843522229
100.50453821752151
99.82015882320684
100.09334746745779
99.74299826444177
99.11997452965177
98.64304143291338
97.80761509550223
96.63209533838896
96.3403250655684
97.14085479142967
96.70015506773872
94.59386017720881
97.49005351508295
93.5793335583529
91.5177163278642
88.96151946208846
88.91737065649893
87.93113020603575
89.8196915938385
88.32247817477511
87.31016353460973
87.9548140262238
88.68715938825886
90.44586943786643
90.82109828178558
90.86635848631634
90.63067906494038
92.45545806303994
94.93755770943612
91.77569209154342
95.45174575328099
93.6910805594785
93.19708069255961
91.45703537634807
92.57149723880062
95.10689653823148
97.78879232250546
97.47193935982102
96.83920464702229
95.53942682297809
94.97709292660248
96.6560646632401
98.12367535413047
96.14539164178538
98.82825397553174
97.75456839532947
98.06557230923518
96.52035673954846
94.85460801309995
92.51250703750001
93.12459951140855
93.44877685929616
94.0023571179187
94.32450842598186
92.54952064276073
93.28892684270241
92.49695135885106
94.23368157757618
94.48982113617505
95.77550680486385
93.79407912877602
93.56611340871254
93.83149136299582
94.41670099828256
92.26479425390396
90.44342307769928
89.74285629247903
89.93351565382173
88.91310771621534
89.40026301193201
91.11867137824387
91.7327215389416
96.43495126170279
99.84228121174573
98.23935731980168
103.40321519707976
102.93222285891959
103.80167442911313
103.86818826115781
104.8286769954564
104.09117653747137
103.40904070919039
103.04455412643011
101.42135255614332
99.74516044457599
99.74256721054904
96.77732278935062
96.30642374723706
95.55639816077186
95.30978674885259
96.71148412192397
95.51565651451935
95.55552855032983
94.40835524978043
94.54467297696
94.47459471416613
97.1363335861829
98.26624133185186
98.4229394133472
96.59615731770315
95.80629240472369
95.34615644923863
94.18000852216991
93.03431749480649
91.85938239625894
91.76377328016537
89.45378327552743
86.91105116577869
85.8387079881917
84.97181035590775
84.02309887116968
84.006745196228
83.58012408580585
83.42812946895576
81.88858382810132
80.69616646487849
80.60695173708694
80.92621571126291
82.29144314284316
82.66655552259982
80.53315954647992
84.82399049707693
84.96461935453927
86.02142267076184
84.9240332346895
83.45261294726002
84.95768300539457
86.6977561425597
86.83922847193193
87.41499756289933
88.80477914296226
88.90448334906357
89.11765051520834
88.31398997879748
88.37432527110866
88.0252501090063
88.68742249096526
89.39023877435571
91.38650111924511
91.38783151369186
93.1163155516308
92.67708431819715
92.59705645243318
92.1274687412175
92.62560641568841
93.18260935178634
91.8223406284338
90.4048587991291
93.60800066803245
91.23707101815178
90.07434591691013
89.34101906910453
90.2322098598401
89.74376287738707
89.61790988103958
88.46971798258959
88.86071093637118
89.82106761998975
90.2817358364356
88.86388225826835
89.66366839930703
88.78126674206351
89.5551601137716
90.61524362435375
90.33677462334052
92.39736500326799
91.6523757909303
90.61992183341417
92.06617662367658
91.6912231434395
93.27486568834773
91.72079873722987
93.03384101840294
93.36553928488455
93.43331535609533
91.6410472015918
92.08520071416103
93.44174715004631
92.98229537110895
93.87727488719692
92.96094500276176
92.59332885826244
92.4011699570275
92.66283548591306
91.32631452405687
92.6401886020854
92.51809757685506
91.5020058983791
91.22779600926779
93.56120771172027
93.10549627010644
93.75575782374139
93.47015299558194
92.26258435517555
93.31888983125398
94.80415312816436
95.57619858395074
94.43620568580347
93.74925747686893
92.48634852767465
92.37410735635937
91.1870859277497
90.97098307608225
91.54069946287647
90.45838840692736
95.6848838005174
95.36442069674548
95.62351857020079
94.67922232357859
94.63029469561239
94.60285245534052
94.4243801383284
95.42073009754971
96.97219897792363
95.56574403987749
93.72261810859007
92.79961286869963
94.0068739057217
94.67590457651652
96.16928937086472
96.26897669270949
98.80033715596483
96.37312840665165
95.29273889586912
96.13858065253957
94.70217909218711
92.5877747637651
94.03774503329551
93.8061270437778
92.06299502378562
93.30928561282944
92.11653010240342
94.21142872855103
93.02676722747486
92.16407907488613
94.72386983136526
92.82912819843301
93.15353612567526
93.84439636135707
94.93229914725009
96.46075936326243
97.99116047022909
95.22095345390062
94.45529563051728
94.3519049925482
93.90901863872888
94.04453959875306
95.77530764728218
95.23707613506059
94.77901562635041
95.19624098866956
92.99874279725768
92.46733725868782
93.40814064530288
92.3564343435303
92.99357044052329
94.47586861570768
92.37428336918734
92.44667528832856
92.82097451363231
91.16599842388902
91.42312625404645
90.01813684599799
89.53346586465597
90.37670221888766
89.68707045181975
90.669127531037
95.51985272825742
95.61854447381515
98.54896097865043
95.64374558565052
94.74696254112601
94.31403121398678
95.65560345796882
95.49166044381904
92.30375045524704
93.03646977541551
94.65299331794277
95.86936753556235
93.3320135241461
93.78653194086658
93.68350422512911
92.18835640912528
90.9207411225733
91.4769113013634
91.87191258399677
90.19310962487646
89.29694897564772
88.55863382310075
88.1041255509914
91.57631597887747
91.07679710502622
91.7822475159987
89.49775478794622
88.44399803725982
88.23485589698234
87.12866481266026
86.93316845976649
86.50401816445715
86.23564403685357
87.74987935355661
86.68041340275941
86.0723005262065
86.69187400062316
87.96973761082997
89.31192575973687
89.74792142970827
88.69450672437326
88.40613074658495
90.40167062346457
89.28461448001453
92.58897446366474
94.00967640427797
96.5729534793005
95.19342762840253
93.82712805475101
93.49338619581268
96.55515819436278
96.85584749537611
99.53084912348554
102.74406593810194
102.77788292125042
99.35783933248412
99.04934842333435
101.09054318757109
99.85082548584707
100.1352483020149
99.90591405507097
100.72966727354292
101.09252146397725
98.04386337330826
102.50389228988814
100.05792346523205
97.92461880184086
98.19627396490326
102.31219027560292
102.93157404480081
106.24881912455001
105.96929315814774
104.54210960579695
103.26910488237765
106.68450652311785
105.04337654792808
103.15132601934292
103.19473422750136
101.27619184904624
101.31252003770896
103.76244039300423
105.54266458139008
107.19010115158436
104.9778562738613
106.61272961841281
103.85598956400361
103.39688379119298
103.11156434749353
103.86169806897144
101.53845207637012
101.37733051979974
100.80366946934285
99.71749256880715
97.0952684675052
95.78641473090818
95.66236577459217
93.82470136706361
93.76558083146179
91.99636353079215
90.20641552138825
90.55624826491405
92.58971025177605
92.23776565064885
91.14837524652198
92.03251764186206
93.6307490407776
93.92380717877693
95.13949283266274
93.13498488984547
96.68793162241221
95.86937177296147
94.45833106405514
95.6976822291297
96.7142813607856
100.57131978177705
98.03989100660262
97.72784343353032
97.08154407999187
96.73238739828157
97.1844836635969
97.79785640208578
97.91357639600848
100.35580847858759
98.22518615828137
99.61667171437834
96.75644043129296
96.11161438417689
96.31973186393238
97.32088378954313
97.02962934112938
96.19846212489988
98.54820665502179
97.92461419170145
96.97943562266818
97.20906655725256
98.25169005365905
98.70098997726302
99.60113391451799
99.07877572635807
98.40331546745419
96.25480414548248
93.81901573016138
91.70320275937101
94.21870889882973
93.84294507593698
93.29711533405778
94.0592358697566
93.6084812542749
93.55703982080279
92.36377473437156
93.64620968940295
93.12232608571145
91.27426691305291
91.12570241355796
93.16635531115385
92.31165524311164
93.5450841298566
91.97517152065477
96.45555536333337
96.39414717165981
96.11223412071378
96.691941247431
97.09967912685433
97.00161212252489
95.39839151300579
94.60184906391048
94.92193538534885
96.47924272990721
97.70616844598624
96.46327979697374
96.23293244980223
96.34024063613758
99.42882262884974
103.28279853638978
99.61927023935688
99.80986610728084
97.49138858644105
98.56334682440699
97.27120441497867
97.45804020247473
96.6490086539281
96.99881600755349
98.25137769242139
97.68841594404488
96.90902062272723
96.63844224249631
95.78809510590783
97.59983623464208
94.60625975200968
98.96991005078566
101.2925775582334
100.82741896964033
100.43042336848431
98.33915198094861
95.79120487625329
96.60605435052172
97.50288423305096
96.89974385795963
97.35352860302746
96.49036861997453
94.94956829509981
97.17938135451142
97.27579350906817
94.92078449422613
95.85367209550084
94.46427206113616
96.15163460206014
93.65057874389272
92.73887169652201
92.29636845922468
93.08359650951311
95.1682738472134
96.47595147686387
95.63468699207392
97.36959263843778
94.82721945041327
97.61322832538771
96.94118535836314
97.10144900543875
95.6366003444516
94.36258585359141
95.89631803811857
96.36535470122232
94.57867651399548
92.31550039287993
92.4097147947738
92.7038124625884
92.48836656638086
90.94445259377018
90.00428667079716
89.48261763104657
88.34435295854736
87.43367072449773
87.10166318184466
86.49571653506318
85.15736426885957
85.04097851383325
84.79293276664973
85.51032564825387
84.77119347961644
86.37448208578363
87.25777937626847
87.8674034469969
85.91256337437555
85.28612417493846
84.59342766058091
84.9216945336346
87.67745118124617
87.03976729802869
86.35294338070607
88.22538212082303
90.67332018232543
91.87286838051354
91.45382621830828
91.0738283944111
91.15428114548304
90.21084458315786
94.09698577560488
93.09256079536682
89.60540064027056
88.64302492279279
88.62007576951673
88.57881996261521
89.37607115435823
92.29488324834425
92.3961857014954
94.15688330514826
95.29737997470508
92.31564942327388
93.2464861362796
94.30543589091616
94.33937017250209
95.11160152106646
94.42636120007889
94.47243089915824
97.47722966847158
98.9986422756719
97.26684958584386
98.09912586786132
100.52409375741385
101.17292744825107
100.89418511582831
98.452336881993
98.15743204729694
97.86028579869051
98.20507559545848
96.10152945355796
94.92221568756835
96.40691675097882
93.7272483209634
94.45738600093047
92.93294328767784
92.63865390786749
92.16672871644793
91.91436687081281
90.54514767902292
90.38202742917689
90.19546425559761
89.35789119327637
90.39854828769947
89.3650671455795
90.49053416405937
91.72521108934113
91.01639723427569
91.20167190897189
92.38337469757293
92.89086065313877
91.21872080646268
92.60210036787025
91.02969665462935
89.82770311803503
91.71185015497711
92.7979414314976
92.69648659940096
94.79469666598153
94.35265603383043
96.81099457646172
95.604257594575
94.38483074080547
95.30871298804297
94.48461031799876
93.81317578239839
92.2659934726856
95.93473254693883
92.80263593387642
91.63359858107555
92.68708979071616
92.28141917011756
93.22667175696091
92.56533675243104
92.30484491437875
95.59773020454041
99.21624226924723
100.17665845174216
97.99302687909143
97.0310214491183
98.42062259167758
98.99224556671697
100.02645156692752
99.06907290580833
97.00177816465553
94.57384801753892
95.80531098819007
95.14662450542738
98.70621862583408
97.3711843425223
97.3779855344255
97.01693003571823
96.41848481780139
98.537756336343
98.86823430703302
97.93329631894616
99.31996504448173
99.06678586435027
97.57703583143623
99.12502304161636
95.66736414887046
99.60164511553793
97.79239892242693
98.70463850571714
99.35546428640006
98.62630162088942
98.89909184224786
98.31053001493382
100.19240773516701
101.92984755651626
102.19778747560791
105.23107104899364
103.6540035310406
101.49398293825568
100.20007508172667
100.3181663606283
99.28207944571827
102.47174426974492
102.599283901442
99.2409716347093
98.6124598012564
98.26331471957255
97.2737886408679
97.5988312184233
95.15291876426764
94.34444207424299
92.88733766338021
92.45824370715864
91.77855832513475
90.24003759923241
91.07060823964493
92.00651830448426
92.05199193102942
93.23981002552497
93.88963128071597
91.87150208506512
91.59046486272918
91.63517775071135
91.30235535858459
90.59220564620857
90.89888072505492
90.79515818264788
90.37342029932144
90.0907019054883
89.76518467914543
90.19899877226628
88.26765091435342
88.0946960692617
86.81138253424301
87.83905953350495
87.26083401216172
87.04188814918489
87.19006271334575
86.16919037538197
85.91790955054853
88.87247873064588
89.35111447277514
87.41854010173165
87.65410895963247
86.47152695946193
84.28756632496463
84.6428666563537
85.81577907886815
83.86384247868862
81.95317494567698
82.70613140943766
82.16854178720719
85.00883959438683
87.8187793973616
87.24606270430957
87.55264230694983
87.09024914709858
86.23807726381344
86.53987729726428
87.45230547747832
86.8838203533794
86.58680939345024
86.09669191255337
85.44300113015588
82.94166114258579
83.67394791742137
81.71347272161097
81.91318223380866
82.87423257746485
86.60700145886133
88.3952508469738
88.37523016075954
90.86756113583101
94.94575095800992
95.38681117448547
94.58112699333786
95.30892677258548
93.88301151932261
92.15241400327652
95.82475490191699
95.34727196730194
93.5577441178941
94.6939809623553
95.40954711619261
93.72638290118208
94.14814996586496
94.6977188243308
93.7550762593831
92.73508421276676
89.8681296157558
92.02189379700954
92.08821271725785
93.48380682776319
92.69824277887885
93.2412033726948
93.07920706202748
91.07021834413746
92.28524577639324
92.46165403639398
92.5578418760774
92.30243551055776
91.33315768126138
90.43903803673469
91.47290077610624
90.78147696762741
89.60490262490342
89.42728225382008
90.29891458817437
87.77592781169785
89.68765826180652
90.81396011796414
89.19042303866762
93.17207653182376
92.94943130040278
98.79757761966648
103.94597926824606
105.86020263274773
106.86202422227174
108.58804801567204
106.2700998144781
105.32274287820516
106.32843583671496
106.8027509429837
103.76047485826703
102.45677719353633
103.02871743024896
101.78005361258705
101.16652320481982
99.5618257870505
97.67501466345158
97.97493162841137
96.05707387907026
95.43373722482293
95.02276639075387
95.11176562444518
94.93783133132253
96.36610753086455
99.31014771462179
97.08008886238537
100.04953359503182
97.66966176235294
96.39544263167932
96.81672504127062
98.02239543548964
97.93414248615336
99.26226899202119
101.56634675855923
100.7313275537878
102.0093030749582
100.43680258775427
100.1827228067631
100.83421856761495
99.85043918414254
99.81553048100932
104.30023587805971
110.44900576131147
111.30293919338281
107.00429802313286
109.43540829606091
108.01464359491467
106.63308534647211
105.49964840755331
105.64419280389167
103.41898592381366
102.78225134768374
101.19428248869067
101.50698870381585
101.92457363718161
103.02680858405293
105.11357397660129
104.60993223996546
105.04911473958084
104.99113209054991
102.13737302265356
100.90638662962458
102.34545989941957
101.37703905742976
101.94030887139611
99.13235009610622
100.6476016065698
101.93625689630097
101.24296408694472
100.24134812603158
101.87243284396611
101.3792807131972
100.05734989397834
98.74836983267429
99.266640373381
99.53234609308787
97.92438796822218
97.5692452026947
100.2239361660945
100.91010024224167
99.39123960862274
97.4572311132008
96.12574312212143
96.73556522512457
96.05641375253506
98.342553993831
98.26537992579246
95.66811426884969
95.41769278125685
94.4366858155958
95.61980021097018
95.05636702919861
94.53421856606656
92.36791557792229
93.93706340896668
95.29605227635794
95.15575461877056
94.80791591545227
96.87101359590449
97.19373414188827
96.86356908826296
99.25653700011681
98.8957512592907
103.18760815335173
101.11315047343535
101.44932585579417
101.1420732618841
100.85886111176184
101.77604001526832
98.36152367961466
100.28124416032314
97.3784514459015
94.7337415849086
96.06839596661807
97.39150287857895
97.02270925247218
96.88305163770964
94.8664051018193
94.72353412022386
94.97493184043837
93.3807245583798
95.23208046141353
94.98757646857642
96.34068265136204
94.97439621462725
93.18148177936308
94.29469721607119
95.21863056358352
94.65936125791498
96.15300016878008
97.87572672321107
97.96416861387809
98.28453052052005
97.44626070705951
96.15837402637396
95.52111286037001
95.58788008032433
93.57760916244082
94.75176777620031
95.11896082389421
93.50517292861863
94.19689005437637
92.61843148725531
92.39854228098027
91.18681903607465
91.36652134556023
89.88818432098873
89.80396510729814
89.48430666063845
90.77969282980492
91.50264280493514
90.99156378155605
91.43919204920749
91.91236016352163
92.84734653039047
92.9048732284134
91.67652093421556
93.67291578699182
93.02899442500348
93.62484446568571
95.233668690433
95.02909926482342
94.97974421841583
94.76356674915053
92.53693562823896
93.18622593177767
93.2252036443559
91.92691560799119
90.2105942176692
88.84909142868456
89.3905770888491
90.07942388997407
91.85567630859046
90.39112947310035
90.51168257463752
90.67148388499578
93.84930188205354
92.9670900311951
93.15328960710366
91.81307034593948
93.64772242209075
93.59247729348868
94.45640486332384
91.81160272296698
92.45301864055958
91.28950696151705
89.74091645268639
88.69312756779217
88.46987006291019
90.08637982572664
90.97876425171542
90.8322239520619
91.62298349519585
92.99222747486068
93.8001201906936
96.47400771453921
93.78512171482501
94.25735026676408
93.31724149305133
93.00956634759159
93.31199045109484
93.21371847792402
92.61717981807051
89.67737223933327
91.51902291362401
91.42873247708567
91.06051854214654
93.398688913714
96.85612493169354
101.24980591129646
100.66165212813716
100.29945589298002
100.44006062512877
100.71009115922426
100.62437681718585
99.42192811124973
97.25631230979482
96.97267064343644
94.692740222532
95.15892706583273
95.0749935675534
94.6155572350144
92.59061012762405
90.9750419968795
91.00984302461143
91.2763102056438
91.39699237034371
90.22774220187624
89.37943534365934
88.4218586678028
89.27080611499142
91.29731894843668
91.15576400324831
92.76292381127227
92.51526432770972
91.89214157775639
93.52351311309836
91.59111354524423
91.74959979237028
91.17460202103969
91.55221769008
93.22166853148742
93.76599450158882
94.65350213794005
93.9476326621172
95.58000782204576
95.85358265866596
94.27670889424151
94.73190914202428
96.19854733983381
95.9631068445954
95.78277283520107
95.04833211399553
94.18969771794097
94.25509033242687
91.68463630217808
89.80691597319127
92.51260922766849
91.827466221999
92.8173074599839
92.79143401283022
92.0277672823908
90.4843606260956
88.40597745640551
90.67033854438215
90.63874946827958
89.17253105636472
88.07617637976541
87.90371194532024
87.63176657669
88.54636799037974
88.3925234290307
90.36029981269509
91.34672158092609
92.65234608312909
92.996136664994
91.5599695664782
90.88551868873022
89.5232963875605
88.09295581241396
88.32735433710387
87.7399322604244
85.52684127029413
86.77773648850176
86.52085749826585
86.82984512663654
88.61739029722828
87.20829467296383
88.0673268642342
89.3683436381243
87.39838730141322
89.12886939904466
88.79643993103254
93.46478278802374
95.59505070572054
94.00423422606134
92.57826150458958
92.56644668570407
96.51353424855763
93.54659738672727
92.47615421193065
91.6721038964462
92.80878500433403
93.85068036597684
94.42641227988612
98.90983990973288
98.83363865438764
98.36399063248794
99.5249396944472
98.68220920081608
96.95765722317616
98.02723835771077
96.6465742213044
94.6616529363912
97.20115276561737
99.05997188724498
97.60829825079995
95.71999294318726
96.22326712007396
97.13666633358828
100.62501523512465
98.67978872152054
99.04939352271619
98.10094234647275
98.47967927297812
100.63864542100923
101.43061193565123
99.88400398073091
97.03644368151106
98.63362883632463
103.34068988596383
99.64161327820324
96.90797823223133
97.77553698296646
97.65069864230287
96.20360274198424
95.41426221682019
94.85174036881982
93.784192157834
95.9891903006047
94.0594292030913
94.28309617750297
93.12267752189112
93.12856620165253
92.01747674731733