bufferSize:4096
43
44.97871600377432
47.142522977652646
49.42558131139361
52.01275088236854
54.27346347497191
55.61598462925691
55.611844948976696
59.07282960338178
60.76602575106136
61.76943287638054
63.425873570784134
64.98197760323009
65.48492418545192
67.83271068108398
69.13233495575237
72.4557620707386
77.357399188014
78.60517053194117
81.4267668207374
80.88258025484211
78.38088505635109
79.50391828757819
81.48401421347656
80.51253239486452
80.99291923314195
82.8917066381041
82.05179824288489
83.59163864232455
83.69228615324272
82.8109284210876
83.69994429283979
83.8035308648561
86.37966405932822
85.42776320058319
83.33218256823672
81.86064520250663
82.24976171518888
82.2202561646289
81.66557739590303
82.48202924855697
82.72141985001068
80.49938478920852
81.08547740976157
81.35033684778521
80.8417729590838
84.02065563461734
83.50192506719037
85.29933282572648
89.00828391259711
88.24831266852047
89.81977835334656
90.37957601053041
89.27604175472551
91.7854162357043
92.657503030412
94.97195958133173
98.5406925930977
97.48455286438693
99.79247726533008
98.72927531652329
98.2627628651775
96.06147553009833
94.39771323465632
93.63405395406193
93.62346478884078
92.42550013006527
92.44690591822088
90.59263302375753
90.09241478169176
88.4573939050687
88.71124051418066
91.56231983154318
89.2636195958693
90.00938647757036
89.32033221009364
91.06509584476638
89.48384044656046
89.8194911410452
93.22944205629241
95.18672641278654
94.84468673502936
93.36118378975999
94.42449714831818
98.77010697009885
97.13513878056267
99.13885033813253
98.44394350600562
97.29338527645884
98.16038333524841
96.22097762158833
95.7882092344578
94.23952952157867
96.82479497276532
97.44724985102876
97.50297633157957
97.18545562484535
98.39739436954112
98.6458215506395
101.55082766331375
99.99843158839236
104.8400893876857
106.1668465210169
105.99271938564709
103.57876160222501
102.16712754114587
100.755926244747
103.2818568085927
105.62554695447122
106.1430893282752
108.21641361133204
106.63880805740253
106.52152226232666
106.63058603232302
105.66185028412697
105.84620498099667
110.5056629088625
106.62032483709466
106.11646979307923
104.68783197641294
102.99210338410181
99.87089377579613
101.26881649699254
101.40623980799077
103.70541256534268
102.58098045471205
100.809607912593
99.94824559107387
97.34640604856307
97.0950577388104
94.91076520298674
96.08330454783683
95.99873510041486
94.80859670027269
96.50387807148368
95.2080205428977
95.28208038328538
93.5499292311381
95.75533586707058
95.88043195961028
94.13350107790676
96.98901198540855
96.64187039103093
95.56760781626703
95.3386767267491
95.00848899898605
98.80879245843107
98.6156024375569
98.31210796042264
100.43466294847418
99.69905404508634
98.17400073078214
96.26580178765711
99.86716045682337
98.41947289883798
101.30022015184517
99.83477241495957
97.55809214776302
100.34520348127315
96.15038706362016
97.33745203932683
96.19382952096637
96.15248415048445
97.71833060003515
95.58588205570548
95.49389512444137
93.97918282601606
93.29212677099176
92.99926645307654
93.51178502392418
92.15544399641193
95.19383910100291
95.7489951356073
97.30800233684336
97.30063389070943
96.08050642879985
96.50568522017629
97.16275987111796
95.98501538632345
96.98918641810197
95.87322495283927
96.02078713017134
94.83063702756921
95.64382918059452
93.3967033182295
93.58985792296846
93.33388162451651
91.02876125196309
93.54130769976369
93.60207847896878
93.30621694130602
92.12903067444235
90.99142088463127
91.44669468272095
92.31892004785337
91.76709731527306
94.23209199685459
92.50126863932017
90.41566623910829
91.61164443352098
90.093978347414
89.59731483073496
91.85403931894108
93.37912009091505
93.48762482286544
93.67187752089528
93.19156494175505
94.97893137982273
93.40191103349292
92.77001820277601
98.5376431422389
97.82824492567751
95.85968073554054
94.85928089434164
97.75346079857201
99.65680358291348
100.0637343316322
99.28567842576825
96.02058384916752
95.60240268693525
96.2881433692067
97.74489235700153
97.33978278774099
96.4184928968806
97.288115705234
96.03709461155312
96.55689134353949
96.38676626027093
97.22937118207827
95.56572650668973
95.45070028749288
96.3326156756099
95.35947519439851
99.52887678881496
98.44986623687272
97.4628026288424
94.9462350153045
94.8465884070096
95.10694994175267
95.2805466645733
94.91185992818983
95.89688694093722
102.60260478432231
100.75597329464804
103.23710956441619
99.74646647013063
98.37741742677302
97.61619714234581
98.08743217064043
97.2331072968493
95.72589471784174
93.38433854278753
92.60902948059807
91.32861754863858
88.96599059269334
87.30365171931233
88.65454989292083
90.86224760301096
90.69687619043722
89.89033414398365
88.65537817566285
88.40958037968434
89.18643168597053
88.02317929068386
86.9207340732251
90.14551655342795
90.439596286163
92.2754294521574
95.58197589715674
97.42980727132569
96.52367792014788
95.73825811336755
93.68619446623973
93.29764185394235
93.57756139022574
92.92822451536173
92.19166004384016
89.53070565690129
91.25802025567869
91.39621720756615
90.37277876749911
91.45889424731111
91.70938817786512
92.54270447636013
91.72137386244756
89.59683091174804
91.86784526676915
91.82367911257155
90.43663886735709
88.31401559240292
88.82760301331611
88.30129883636405
89.25286222775303
87.5419141473491
92.59999557274779
92.72466005086903
92.46844575937375
93.91953458776955
93.98369827656433
93.73329415271292
94.78111236058673
95.51652944148535
98.27419497305011
95.62544553220988
93.07794336251034
92.20044549802135
92.9909129403792
94.57502564571492
94.35704747221799
97.11270813065786
96.61069941128459
95.75539227539697
95.18821283378949
96.11442164523172
97.52381552198815
99.21242216816732
97.58794878710758
96.73538505543272
97.31268561457995
95.08917917908946
95.83850372986818
93.04916702311635
97.22746711363959
97.72935490219757
97.69625529973614
101.46263677517537
100.95952132063286
101.51959416658882
103.44854037611846
101.90977344408991
102.7259034671358
100.60777120386516
98.66418840403068
101.06580706414321
98.01921628489741
101.97919262809536
103.59091590664623
106.1567928643831
103.17334438348138
101.16308356328399
102.46504996964703
106.46112902697733
107.41093082401049
106.36897992174511
105.28540428396039
103.84930284295066
101.62151842973623
100.42399728537099
98.70661419428743
95.58637115001099
94.9701322646368
96.16966352578349
96.95785354485906
95.04742844379248
94.85039120643172
93.57711244826336
93.42222726523902
92.20289323859932
92.63641258581637
93.59568130583847
93.52978711114314
95.53604663562479
95.64986981111596
97.10053944972007
99.08913855606069
98.17752591816713
97.70458238122565
98.65873170850045
99.88853879725636
97.47403705716236
100.417907945041
98.67301950964529
95.55787080777138
95.80654172444628
98.36331549668238
97.14108541450874
97.64708840298852
98.42588429722086
94.43599109133604
96.5578599609143
96.26357165248795
96.94528859962921
98.65471521668367
97.8880049199027
98.27541213194448
99.4654074435356
97.6876215742113
98.5582261976078
97.58516692161936
96.48180217441474
95.14775582088951
94.90343004534654
96.15418330127733
94.45856215754087
95.31173579700608
94.80198267988538
93.53354799458512
91.35288959256387
89.99705142812735
88.99333756713781
88.67966623878397
91.02881823387857
90.63692683366443
91.10487221758949
87.92930324578799
87.97293548185537
88.9768293440803
87.06652747878829
86.22141715999278
85.88863975914276
88.58535838686566
89.79692923097402
89.58898604392171
91.29499072635286
91.62940562572835
92.39744260368883
92.25744531226027
95.8224056111024
94.92351269986506
95.80414250808988
93.98317818453373
95.98625473247482
94.78184218031187
92.1732588992717
90.36767998140547
90.73767627906739
89.90125671991692
91.82565275259088
91.74753239138985
92.02553451030731
89.3969551449845
89.54079274129472
89.447019425805
91.77407777287613
92.75324025886239
91.5330365394926
90.77899688185632
91.29082651099507
88.89914652757622
92.02908040260051
95.32872246364529
94.88918611557908
95.83091861224082
93.45287046077401
93.45938093887902
91.79260069109934
91.52794826648457
92.06898229349878
92.41789334855311
93.63893891784228
92.00569836296737
92.0462788375788
95.11174601375856
99.77386805703235
98.29268912941221
97.81835068179014
95.18995801926302
95.8919423395391
97.969969396014
94.58645752566181
97.20200493656803
99.11637024903358
100.766653204291
102.4109765101434
101.00753661970613
101.83531966188231
103.03868263643977
101.2454658710051
100.98298609754798
98.79834978964249
98.57547308516556
101.5932125206558
100.73241726063347
99.42227987672207
100.37569523137175
97.81354183269347
98.27887718218611
97.99704726397094
98.792248769929
99.25171796194255
101.77235576447735
102.69610557325261
100.02554011237886
98.1045871289667
98.87692180481558
101.19260389656903
99.81771896424193
100.59563264262248
101.26708738546324
101.26312177261876
101.99345939574097
102.43701617238345
101.85856614789837
99.67062421593873
101.3243663549273
103.4757439790399
103.3730132898991
101.22301494019042
104.217826532522
106.61142588848189
104.83480768663848
103.56305012643038
103.18505508860989
102.4819535990754
104.96660860498316
103.26789696075602
100.38341631173215
102.5573683251497
99.09167516840434
101.38643479199162
102.84936423132879
102.40259559668075
105.0601430444016
103.30072852191701
104.50517769977466
104.46059095479428
101.34541906524706
101.72606217311147
101.31445364643771
100.98238026971542
101.5839733859293
102.28946969399354
102.76608014339723
100.32130298247759
99.75094379998556
98.91409660416856
98.81863986525121
96.98935212810966
95.7967974195881
94.68050602553683
95.49856111292472
93.14466069887058
93.94429260801596
94.05003703873797
91.9959441656599
90.28486650114522
89.39697158017738
88.11704068026036
88.20079836792854
89.78077384498408
93.56415791517547
89.93819775848726
88.91761114988772
89.81048683210396
89.55829650670796
90.66839679391727
96.00977416022141
95.4713106750887
94.68883080109785
95.80606214741398
95.01783535402667
98.65294823854191
98.86416282834746
97.224863072718
99.62734827347754
98.72257066207693
100.29087786506055
99.39434149764395
97.45741050747317
101.27507810603488
102.93094417835914
103.70638597877819
102.39490835984557
102.70684665399318
102.11050452677364
102.13903470787207
100.67219401780078
99.50783740210957
98.19095126370085
99.10178156047934
97.92119642658895
96.6717704691686
95.52048628637216
96.77234103261826
99.25451693651736
97.86719376350104
96.90078250596675
96.5802256829863
96.23654392533622
97.61824913518448
98.31312341631401
96.86266646835313
94.94155306968983
93.59315916145353
95.316889145185
96.96585085535824
96.29291368993213
97.69969592613812
97.34531513429975
97.2989008815943
96.9509535164976
96.04963993296693
97.15605564657267
99.10848977360783
100.24508753485156
100.17495191310681
100.33510814193635
99.89060573064629
97.14895351584201
98.54617325964945
96.69639227003154
95.83817516039576
95.57902469184639
94.68400040239344
93.89136062897877
92.06170788002645
93.57791273939621
98.74721836233813
97.73004663164386
98.91222962230354
97.43382687391818
102.14653791414527
102.8089609491387
103.50898482468666
104.5988816070615
104.18977663767176
106.89822676487532
106.52467912417228
104.05622589452685
103.3958210733382
105.59615215021955
104.58005294660975
102.16171759815029
100.06376529464733
98.48609903251803
97.96191096838231
98.36488434788006
99.86333363622019
100.99584326120403
101.63948854821614
99.39324657867851
100.08816779958805
104.87180526492106
103.85772747559352
104.87870512471977
102.51269099041072
101.08112801340239
100.1464361643285
101.28117038307136
100.83122865334923
98.81768679949849
97.61497087148234
99.28656326363223
99.91752599262756
102.41594033650564
102.72478063945044
99.63213036463449
101.86115984083526
98.9412917772647
96.79361600316665
100.3224337735674
97.21981078888764
97.14151304192532
99.20400727542707
100.8379645641387
98.8944836161687
99.39220654533851
97.07072714169249
99.45380870299708
99.6341005682371
102.47035396608126
100.14133094852646
103.16874678954366
105.3089171973976
107.36961888941937
107.47093331997385
108.88369948778875
111.24855659665371
109.49018112025831
110.94573626646225
113.04105750795394
109.29211315107781
111.8969225276529
111.22062609965704
108.25015428315429
106.01384762510735
105.967463937653
106.03296360474761
104.26683845030509
105.11908081260411
105.74235434631109
104.10538925074542
104.19310197294467
104.07813767925396
105.80081535739365
103.08698582327081
105.21722881254486
102.20261927634859
100.15009547197074
97.12172895748397
96.05066127134539
95.04780528625622
94.39972314591225
96.85653604096338
95.74669474445675
95.21838018872648
95.93342792928317
97.89215035045329
96.62727105608481
96.32995898199611
97.54596132703848
99.54019742980027
101.62453976702584
101.1160321176246
100.63322475655914
101.2557920282653
98.78202100363487
101.09058501325774
100.9433165121728
97.6267161164477
104.83241185170733
103.37514352715935
102.56499998776275
99.79868727676296
99.92895262994922
100.092185071935
100.26908805900467
100.51615101018571
101.06551705861142
98.33008211408438
100.29198484864699
107.69799703997828
108.72991799169652
110.85899953173664
108.45423938496427
105.98734345119811
104.97851459326701
105.02051395924393
103.63678968041043
104.55114473892344
102.54097255847971
100.95950669874375
101.62506784120374
100.42817535394732
98.10509287129848
98.21759304369475
100.65878016713162
101.62588337994009
98.43612241538432
95.64484556466323
98.24374028486767
100.0574884048647
98.89998739950603
103.5507176467361
103.9915171521357
103.98929279650609
103.31822849439361
101.65662192711379
99.91798401525833
99.50029916876278
101.09889942486234
102.29306916569426
104.79602385407324
108.62026718381249
108.38624737712266
108.78416188051698
109.77064552310331
109.2475106565914
109.99987558258354
112.73832877717219
111.69692615845756
107.87925000577086
105.01457555539146
107.24656964171358
104.47328610600071
106.36662493625829
104.915223393612
105.59614838009796
105.19113521572521
104.96078229994357
103.19852312438154
100.74456354361199
99.84651877107248
99.58996400410298
100.49776300348826
98.97255549469301
97.7192517959899
98.96345609699682
99.23830819157983
98.95675651071576
98.93030611473513
101.58767923515835
102.3495486096952
101.01569141167072
98.53479512628283
98.67703570184877
96.79125034619022
99.78478470614554
100.61478990123871
103.21338548379578
101.19889925272778
102.44670796068277
100.16779630661021
100.74876884549431
99.09969198697009
99.31551865986903
99.5339780309475
98.2705512127691
97.7413284962737
97.75691251573043
101.66064900548768
102.13378327387727
104.16762583852967
107.648333697984
105.08833388341718
102.98232388532227
101.62312974404752
102.67648981066058
102.36779621043453
98.47276288710982
98.35929634700902
98.7877016105901
98.11311350420759
96.04605963567646
97.92322208502146
95.37702480574455
98.218020992981
101.2585734296022
105.70953576361629
104.11118706736734
99.25281359435333
97.2542370560168
96.28366057928588
98.88314876495473
96.7607835306223
102.53987163059189
101.70168279772953
103.46286219483899
99.9748432799548
100.8347639976558
100.84656993691758
101.35168680409738
99.17191715293944
99.31216790146831
103.7398773794128
101.18759194167946
98.16170383920534
98.05255584959053
96.17864951192468
95.06644270871928
93.12792750738272
95.53133673122154
97.61366752965337
97.86947174534019
98.10847772687325
97.01500844965769
99.33272156690111
99.62913703502346
99.94660567566325
98.99321192119073
101.58874206363717
99.37983861315546
99.62892704100558
100.00675815098494
98.54422410891846
98.82117145278966
98.93283644011018
100.80793858423603
99.52125407055779
101.44024233586151
103.1554188101774
99.61776825259709
97.96347650337539
96.5362225568315
94.66988680415021
94.24979954782164
94.67720261144794
95.79020465824368
97.3573410327385
97.11648140631279
97.78644819481569
95.73592579794109
95.54118897894773
96.97213230459386
97.76124482382482
97.38853464681759
94.01150218642053
94.71378311745308
93.02723606126352
92.56568313955623
92.51325704336345
94.7740289463526
95.12848874914474
99.29860452923317
100.02704955061834
97.48058640491529
100.60166689527722
101.47975450121793
102.43410872855381
103.44546944987573
103.0393006554105
105.86139352843956
106.23361583075925
105.87292917662737
107.47398934717205
108.55404418009545
106.29643028251272
105.80032302056051
103.31509963122795
98.82179863818607
98.649832787068
96.12372359150466
95.85482139963128
94.64033772038988
96.3968838218935
97.20108682543325
96.93523317131681
94.06721458092379
103.49974064396146
101.35413105627171
105.03709624885104
106.13693801141
108.98471526799148
108.47490708251233
107.53504559529729
109.4817489902011
108.908115772707
107.43764597918864
108.89322101660815
108.24806031716194
106.92005700950936
104.72170948916704
103.81336078823395
100.49742430673454
100.6236711133896
103.22518100649336
104.27405975556948
103.6357249070612
102.07793039227363
98.86361725057223
97.54726475919696
98.60524949399286
96.7644898046358
98.1276645020942
98.0746698568085
99.87788201377712
96.47933950511444
99.3600014906959
100.02537228914909
100.25789192673818
97.42242581313988
97.60899729564899
100.2612825933773
99.67109371431974
100.21526385206509
99.76473914973302
98.68682988710829
100.58887737916541
101.12322701018468
101.25794454792353
104.61007895583032
101.97373105196417
102.50209463116752
100.65429501775137
97.46503492359234
96.8114565986773
97.39232107897219
95.28101884193926
96.39118613287394
96.28241857129343
95.13921549545941
96.07783949913183
96.72975519903926
99.45002865186356
97.52080900572197
96.03374236063664
95.1280426525916
93.9078904525609
94.81950896281447
93.52334090853688
94.76277116126313
94.91481994808397
98.64922764375892
98.04815750153927
101.00544349647355
99.3050025536155
100.9114278630455
101.5128160022958
101.16671255663566
98.19258844394366
98.1537259545707
99.07854181430804
100.7535106036001
98.53826684358818
97.97098974561753
98.72934523665754
99.27194646978081
100.03734329235547
97.94495316861794
100.09374636730898
97.66691235882926
97.66827834657961
101.70314722897253
101.68560550784262
100.84779513545945
102.10084071496493
100.75630814280767
104.35223365923987
107.25873206797485
104.68135464781062
103.3801248625009
102.00369060892967
100.42082976315754
99.18077275380396
102.04699842353993
101.40423758862876
101.3336991758026
101.01760339827416
102.8808142992689
103.3719427419498
100.4676492555312
106.65365111372896
107.03341023353286
105.34866709878226
102.75285398313055
101.06381085597202
100.91851298515124
105.10966717905802
107.8198170020073
105.35775425971106
103.82637942247015
103.74363628955237
105.69835432986439
104.59851545245824
104.50148579669924
103.92319218739821
102.2254038273668
103.54413315843493
103.44900319751885
101.87791450074542
100.09683455537986
101.66696377091101
102.867543152418
104.03234706122339
103.0500369161161
100.78596882014736
100.0744868392918
99.1480554389339
98.0427650588411
97.90537675199512
96.53213865801801
96.96029755847697
96.18882624528986
96.40958006531052
97.75918748871537
96.34907993042745
97.87378032405825
99.0977111926451
96.88719375862047
96.15531576263409
95.90185847145759
96.63703073073656
94.82263837466645
94.39624851181388
96.45579782822601
95.48252984191119
97.47108511876304
96.9887608235729
98.16249335017037
98.86231936063741
100.55310774795679
101.90518296539669
101.20316252238517
101.05352416351414
106.65257269330547
108.82549025072889
108.50490474902136
106.08270334908164
106.13535126648969
104.29222637507307
101.77386454122988
103.58122030965957
101.89799707320526
98.86549137463506
101.80890185596714
105.73883276137195
101.76953883029047
101.29991403347407
100.21327612363237
101.20421436531014
103.2358519233737
101.67934528583608
103.1298296701171
101.98831736489672
104.55868307569038
102.55124661892066
104.02538583549591
105.04918543783921
105.26850933136396
105.33953655494723
104.3582344348643
103.35564623062795
104.09064319761887
106.77581649629556
105.48445078185055
103.73198784397833
103.1748320696379
100.30560252252286
100.19351740507274
98.37163217950513
98.418900036433
96.42745123966988
98.14206754027403
98.55839024913476
99.64540812165714
100.58589610278571
100.72281183002842
103.38865997666286
104.69436232778594
101.61809561051649
103.27407975131949
103.10467714138291
106.80008760737486
105.67254166509743
103.82638180627619
105.58828357676897
103.87627683162464
99.81506431397008
98.8320258450914
100.36322806929799
101.44695663554364
100.30774220454312
99.14696113976461
98.8137467881944
98.6038880467632
102.2379395784784
102.86153792879556
102.63802445944226
105.0374047374699
105.19774858014357
102.23280942966012
104.83615120627249
108.40162081976521
108.09212199762132
111.50470836297913
113.49124138969832
111.72517934127258
112.92813896450154
113.25167881464279
111.3059433403335
110.31163708299987
106.22634321310264
106.8894332269179
103.91995707551644
102.95348570959632
102.35070359824262
100.48179857167597
99.73666729648295
102.79085676627298
102.91059155789061
99.67045821700785
100.3172482532576
100.42149762733125
101.18874573485375
99.59167788740174
99.97557260320721
100.09331527639465
100.36887173606004
100.57473075693082
100.95302857993802
100.41223462772261
104.09583864334122
108.98875207374726
106.64051940766132
103.87123847780497
103.71212826351169
102.91184830369039
100.97387135908207
98.02104218056536
103.33250808563452
103.31868759644838
106.5022013475984
103.40880624355434
103.80137551132933
101.77362661252587
103.71721593832142
104.27879629427095
105.9210793559433
105.53855999383481
106.41909059204563
103.46474300832821
104.03558378790655
102.0257121065519
102.79413515153527
102.70453131925875
104.5821417651615
101.72004511717016
99.66516742361738
99.30354336012358
100.38276355012081
98.93478529882063
96.9315379764886
98.72016190024806
96.86693444923732
97.91555326058118
98.39987119910852
97.12525360950885
99.00216830036995
109.12282237458246
107.22932214560596
106.93716112640911
104.07874569047416
103.41498300356956
104.31347896686485
104.97558700563046
107.78353867527407
106.9230075932085
110.36363988669797
108.07178602012759
108.28635379273462
106.35852359849837
108.32031422435496
107.35224776196404
107.32481540779594
109.24601798001689
107.71653712032715
107.12910244173491
106.5960170058415
106.13277914179962
105.9295648633294
107.3139402219967
105.14294722942134
101.85063886391123
105.66409846642594
103.05632928373149
103.4601325537113
101.64511014279512
99.41843255850337
99.17504908046749
101.86954821749313
97.83697110591554
99.91643303416487
100.84420472716073
101.45255297525553
99.13945778442229
101.29258268940688
100.55673073439176
97.75818529401832
99.11635198452834
96.77912270723215
97.1864491498071
101.58537642117176
101.28859556454194
99.7371558273192
99.87292394565138
99.41047771006778
99.65347551309524
99.22607403906292
102.31110693089173
103.51273187215506
102.73015428034925
105.21542008138191
103.5252560889584
106.05060694103085
105.78543929327864
103.50730870615715
101.54648828178046
103.58575716319315
104.23063924072103
101.96789940593449
103.13144312155588
103.88776812711878
104.8620139303144
104.96045916962494
106.15314833312796
104.4817388838801
106.84067479129294
107.8168384467623
111.13472845190728
113.10436227784909
116.01189185963297
112.68645985504514
109.64623246845964
112.35238165872482
109.22885506961364
110.20125606574372
112.36894654242411
112.73238573080613
110.23562464543643
109.20342235011712
108.44735111545951
105.75499606755965
105.05104818012462
106.85138658072793
104.55268307165306
108.20013360454836
107.72338334605259
109.23233429799221
104.88463097039514
103.57957346277993
104.78065323698404
101.2636065310215
99.7259565736599
98.50438628503669
99.09814289823179
95.82146486480599
93.86447862027953
94.23816604834468
93.59311206986992
93.98718746703288
95.85833379724833
97.54185353034147
95.45561281252681
93.82014921989042
93.1264676958478
94.24915923400083
94.7505457539831
94.2987226972608
93.5091898255461
98.41116745072144
98.57512121530937
98.03821452913715
99.30369100874594
98.78290298798836
99.18534040399415
98.77428648612342
97.5212960572687
101.33665309687238
103.5908763815093
103.04247210737752
100.19182562901467
98.69265083751625
97.83752798846122
96.11877386660052
96.36663757566497
99.86892814593101
98.674160098071
98.61450344806195
95.99446696593449
98.58098827387984
98.59507898646572
98.97074274331818
98.1830795178052
97.05906857072316
96.93557541396167
96.85153267356584
99.71325878752873
98.76122722174053
101.6087911473326
100.4043012803221
100.34693676874403
101.29333425148755
97.57214624603834
99.58251051069523
96.55958794709156
93.93669796857243
98.78347600089458
97.09261576358162
96.24440316326917
97.33417697078384
96.60668741894179
95.87288592054679
94.46281717215045
97.24438796689084
98.15969780542412
99.93525085034176
102.33119769756627
103.05523371947096
103.68301281445459
102.27516958562263
101.50713922609906
104.91210741579495
103.75683223506819
103.64718831167693
104.53696164159439
106.75843208103167
105.0404718941404
104.1122691404647
102.70273440736743
99.29816301476285
100.79211624805605
100.1461764858853
101.49960625600949
99.69338676852117
99.77742884653755
100.10959752581456
100.18160069050779
101.50743375772153
100.8838481151042
99.90153274684111
98.10239551595924
98.96728142919488
98.71387652730712
99.70949526634894
99.42162867999511
102.18662705925912
100.37509293056736
98.94573296036725
98.13084154380549
97.90511294219615
99.04720504438278
96.11566555320155
94.67301489277072
96.85810142808539
98.39273573793986
96.22337116483355
96.79785124152467
99.4343490636218
102.20737977631867
104.30409891672647
110.2585336861445
108.54660358298771
107.98019256060954
107.99919532468202
106.4170231675375
107.46752543264596
106.23030595788873
106.27523275124523
103.36800700484302
102.06561149052911
101.76813526547492
100.04740183104731
100.70838050300668
101.83011758016067
102.51768476827634
101.90238247787129
102.45889965020535
101.4840136925257
99.49452082227249
100.50101825120382
100.80418518295542
98.10535041986556
98.40456375638087
102.06148713948785
101.77282811567405
99.59465405065124
103.13772915878158
104.46187258804835
103.7191921805582
101.54425731024295
102.28872101128562
103.66402876002729
102.23461969200912
100.61414392738854
99.14844831115315
96.70356125403936
97.18399063849567
95.9485785035362
94.8028189484578
94.90297522261054
95.26644538456998
96.06153371762993
94.75638851735913
96.41168592794119
96.44478547687952
98.93792365403417
98.79574468887475
98.17671338894787
98.34167071440505
99.48106324945888
99.25819484395883
100.54519333381388
98.84442324040127
98.74999506242449
99.61794996151589
104.74434306681701
103.14254666750954
103.32125467586214
101.05835738441095
101.11414510657366
99.57958516991468
99.43027657999482
96.45943382924305
96.0354289080422
95.85627959505031
96.1672702640563
97.16717465349016
96.13686261930842
96.23337448766577
95.18598278381688
94.35336337835717
94.34590805184953
96.06542277329768
96.227890797095
96.26844670596061
98.08532083505912
98.27535747161897
97.37556391069873
99.62859238292242
98.5029269821737
97.3446225447322
96.23395427199515
95.30918005326399
95.38166318502304
97.01260328978493
95.2933831932509
96.65048743387263
95.14826284229503
95.20744365487707
94.77522645355087
95.17369764393065
93.26662095433262
97.65097722736935
99.16823325583745
98.89601230889913
97.42583616072521
96.01033702799603
96.25012556422733
93.3938284808791
95.55221185235968
94.03650306436174
94.81434094749407
95.84740963283858
96.66161138581766
96.31351281051434
96.33712999525349
95.76936196787999
95.65761598213884
95.9091378554633
98.44907109321431
97.73826820959
98.20448141881103
100.46507100623437
99.6410529430514
99.81831290349501
95.94848286326476
97.60495498352144
100.48022386846668
104.68973628583169
104.88017858065314
107.59193322165054
106.96777345572465
104.09307413595911
105.04552832417583
108.79949375283724
108.5051936834442
104.19349817079528
103.4377217641796
105.27185806577107
106.87905763536267
104.86648117003645
103.15315769966398
99.92622369828024
97.50478149116881
97.38593343466864
95.96238262256017
96.90713764608306
96.46115777955377
97.96805487783108
97.87804264766855
101.02346990404747
102.38796789030107
102.03078204106241
100.85205894376693
100.72063487448493
101.2492025925687
101.9336429572238
102.41595386214954
99.94376518825548
97.50767316887472
98.21357170786987
99.82138954671672
100.28526663019178
103.075141345289
102.57142223887085
104.07708921293303
105.19725126656141
107.90756082976547
107.50473212572396
109.1377546522844
107.1252147327104
104.8475215863111
103.51537769922906
102.36898190796997
100.40116605711486
99.61508225598921
98.05774245182101
100.48544071104031
102.46432099474443
105.13293997286779
103.16027829752385
102.66122624319243
101.51790778822652
109.33778432520369
110.78953874940404
109.59469964340715
107.32077148647988
108.67210628828259
111.299983944821
112.40302471976086
111.85973587155557
110.82118739354803
108.65544804508332
108.89903433532116
107.95557115476012
106.84667977356135
104.43477280620846
105.81052879829937
103.0440252121747
102.96000661897551
99.47740460412005
100.1688609824361
97.87520846585541
103.95148733076645
104.94303570719954
106.03717184557993
105.71080038749783
103.29431469442216
99.51440381501982
97.46627686305374
98.40845539413843
97.47123730943949
98.78892398547093
104.27405112865786
106.69022713492429
107.41333274657416
110.3683480862987
112.20688547687544
109.26483857200208
108.60434589966135
110.8951754583742
114.68196919421216
114.60829488514536
113.14488516758892
112.16594050790574
108.57696411320933
107.92745229758167
107.01381718702326
106.24840355547543
107.69718035924814
106.19287369795326
108.11991356543999
108.32697633348934
106.4548901813704
104.27701339347485
104.48862769994555
106.265095242284
102.95052104249685
102.03715685281755
100.95458918982371
99.59809265918976
101.2914372244808
103.49543929972661
100.91095777756202
101.04513782165363
105.87601205445054
106.40331751148183
104.45244895922738
104.99956226128842
104.61808434591465
102.67410958179778
103.09526307145215
101.87048010512237
104.48590345173007
100.92996545972659
98.37966888908275
96.14139439787212
94.53606992426934
94.34656768270472
95.97504722328011
96.55313132861741
98.30544499865753
94.82336967659838
96.63618111672612
97.29959114241124
99.25047568928998
102.90483127978025
102.71519918526609
102.01210001953949
101.61719530153766
102.8756294928475
104.77749130038434
103.24466491358248
105.6669533517866
102.31718408509124
99.45562934412904
97.81138475967164
99.28445448990092
98.13289502902481
96.7415588552411
96.16324976738666
98.18319451298817
99.81184104461632
98.52890597094195
97.98002871219619
96.63749602815257
95.0655670795128
93.19564553580442
93.68807378516689
93.43320089269535
92.47406922356983
95.27740683566789
97.29204691710068
96.68059996892
96.39863879865646
95.7237838863202
96.75294956275701
97.2229511184473
97.31249010923935
97.43923578358654
100.52266664565596
99.0904270114389
97.83201030781888
96.57214891860964
95.66762952646597
99.30978558764704
95.54107461103183
97.09534823877372
97.33639584361855
98.55632784002565
99.09744362885758
101.7779110073211
100.17029924415608
100.03219783676366
99.04316434244103
96.75241427802172
95.29325019955135
98.13830055813152
99.20838884855937
98.57440718711791
102.7311385233002
102.90810446335874
104.60385019621174
104.2063607790579
102.65466483736947
103.82960494480619
104.22061523298154
105.55724705577164
104.35914945865245
103.3727098139095
100.83178613334333
102.87356356910769
101.5564293716789
101.80424768825968
99.0605752831693
99.57139796851459
97.71435881371382
96.17761290176728
95.71068429958166
97.44820853441351
100.51065990423537
97.64060666966922
97.67674796295093
93.50935819087847
94.76800001684843
94.79893302928919
94.30587301147561
95.52591184386125
97.30665432229237
99.7287584927412
99.99135512065351
99.32570648552704
99.53247617271951
100.98583929933555
100.29157156295604
99.00075451115214
98.96580246218859
100.25703983483784
101.38285490437312
101.67872307725426
103.03149581450553
102.28551321362394
100.51589143589676
99.55570994464861
97.37391788510624
97.38534116819442
94.84203866496122
94.85390624314297
94.81963474819835
93.44542670708348
94.40475503217527
100.38899613705782
103.8254257010881
101.72036300447313
101.81579654634754
101.07017899642877
100.87271766994368
99.18126614347614
98.23505082984254
95.47174524754237
95.21674632101761
93.03477123421355
91.3777393282831
91.82175261796573
91.72523534027675
92.52768976261022
99.68295022159286
100.17072389164316
99.47807045818283
98.1978422968102
102.67219549996732
103.56413127149291
102.94951168823533
100.68468086304642
103.11086447353506
104.5357325428001
101.56258326393676
100.71361847663023
103.07885182680376
103.44239242301487
100.78426773908153
98.61398645353944
98.84296511760691
97.17045376091329
99.23427014270557
100.28901390931152
100.70069849353172
96.79198573726279
97.90069393118361
96.46012235500982
94.40653116629814
93.65657804961232
93.57483500266237
93.294618512113
92.15908415391979
93.69319758360186
90.28253414111092
94.01085884553262
98.9238808682965
98.151623418606
97.07436246294174
97.57175079907034
100.71681691418898
100.23462430415562
99.9730234387071
99.48661640348574
98.16930065831114
96.85788652373897
98.23307968942841
97.58181888111031
97.31531478966646
96.5491429136933
97.002372140363
98.29331189238052
97.12082722305539
96.14592947698159
95.63665575746741
95.58301701404879
94.99205811880667
92.50426937454124
92.60987252626424
90.05627029829253
91.3125418571056
92.7800511830109
93.53039001893713
95.23169933963942
95.24110918947217
96.34174978118888
100.03352453659227
102.73137232855683
98.45819365438685
99.77778981767973
101.9482777807625
102.94675001165764
104.73242192595079
104.49362312675594
103.94979812634448
104.01344720583636
104.63257514194697
104.12929338523224
100.06472347522072
96.33576531757626
96.49135719045043
97.57395933515583
95.99887537205882
96.44401059967922
93.28737399601087
95.82617835039419
96.2254168930953
93.91188674683748
94.25702424566623
91.57758393259392
91.58539966677559
89.53262249989298
88.38015359265913
90.11946875802224
90.2229278527874
91.36406010874099
93.24268544418743
90.01818506735162
90.86232810808634
91.74969194783698
91.24108455577577
92.00636032244032
92.94394221782991
96.95803507290236
100.123900026974
99.07279303890121
102.09331596510606
102.74447926019741
105.32715529063611
103.4608107619847
102.60430073341175
101.82468451476147
100.93626257565096
102.03673974379537
102.49928128714566
99.99836119423654
100.09000014655561
100.09463409545273
99.8239556521585
99.01732971203498
101.09563123014641
98.76431695671512
97.45549915196479
95.58116382326743
95.7171765813618
97.35060475629896
96.85286270608823
95.44003508553074
97.3935184980202
94.32478111277551
94.30498119609484
93.76598794730353
94.98794025100744
95.97288268848376
94.28205387418564
96.54467530581034
95.05709147107868
94.04873664424173
95.0338718639686
97.65001518044332
97.40482250119196
98.35725413206286
96.74594685306165
98.22899245383141
98.33269045980018
96.36962649742857
93.57792437518177
91.7991865119247
92.51806186491294
93.7128657190677
92.87057609085267
91.47495745128309
93.24745460120705
94.01228159462643
91.38528718061768
89.68614162696626
92.41416262601368
94.64918760220185
94.26104524632213
95.27321541422593
95.42486557555878
94.74962146229093
96.44244291075557
95.46782768554418
94.26567349711286
95.68845011943961
93.99954335854807
92.85061045783567
94.56747237934623
99.08683469272685
106.04819754192081
105.10289046725985
103.32758142482454
104.55739901184835
103.93858677830438
103.44834367532772
105.08440041454904
105.37991506309154
103.36841676837174
103.10917954994062
102.52641513103268
105.48571317810708
103.86112719049414
101.38530095097106
101.93622652262731
102.29621419949821
103.0688578582791
104.37431354823566
106.52887338415765
109.03504495546495
107.59615379768236
107.24482127521811
102.84230472420819
102.5721728491516
103.10998185034823
102.38387136951745
99.9496149293307
101.36798144509403
102.97265849885795
103.2034670546496
101.84518497742819
101.20824851002465
101.98469689502097
99.11300430760362
99.13299467894439
97.66266954029827
97.1788672920262
96.77534850863907
96.66658994429133
98.43345179313759
97.4732193481887
96.63583383619206
95.19347430727194
98.86727850917056
99.98630227209685
98.77408402412091
99.6053533299678
99.894289679659
95.74066256726057
93.70136772342293
93.19482427850811
94.11860049911564
93.88845341179089
95.87627888989314
97.22132454472099
96.72326719634357
96.48381039269233
96.39232525091583
96.50891768022764
94.24884329361299
95.2018658060938
97.11594653654512
99.72568062229871
99.76216107940763
100.18735834992724
99.0121133635212
98.21157733290016
98.07412064626699
100.25543389322816
98.1714262851531
99.28559513192538
98.42368064503091
97.53664494425013
98.85016060040249
97.39388082994019
98.78571443472795
97.65476697069845
98.03916336515113
97.69040018998027
97.85496356711279
97.58763349793871
96.12292187814823
95.54615974020666
93.8877997287363
93.83655116493192
96.88941101864359
95.19463047977004
94.08695646169578
94.28884992656786
93.69693676884015
94.03329240271543
95.26143282243014
96.5814102268188
94.42616283250817
93.06756610016203
92.69595255664257
95.67521386247194
94.0302158570357
93.65681740890565
93.7912949791429
94.54329904499176
96.67129720750016
97.16917640484928
94.88895135962474
94.41270028961951
96.04356746858538
100.1966517954738
99.4821278774454
98.96176613072129
98.97929452376889
99.40459940988804
100.79734583921135
103.08014182981574
104.13637885016458
100.35585542140608
99.23037022058709
99.30359317256858
101.43487789447487
99.07176199009685
97.73051130835269
96.64390177959399
95.40796759813621
95.75698960283651
96.51036061733663
95.26203090713582
96.48581115018384
99.87393281525443
98.65849029405152
99.3193569852512
97.73832101625094
97.97291104006763
96.82417850549604
99.07618901967695
98.87028554091066
95.98167912074064
97.09316543142151
95.85816892203559
94.63068843562046
95.2914661689814
95.11204033195412
95.65918917330839
99.3162547259355
99.03648559264076
98.9066621317208
98.12547674986446
99.47829710348455
99.45849226627537
98.6617158005394
102.56915050767267
100.93114472733753
99.51943820086093
99.6714443657735
100.94008285964887
97.60025926203126
98.07569885118143
93.34514442226936
95.5756268402306
93.15159938971586
93.17204923295954
94.78847550198248
94.95050110995693
93.89248004329386
95.33234703784242
98.90003543369896
102.59459798250064
106.65160877727006
106.77485936345725
105.72796808991845
106.0730608841309
103.92160827256825
103.61032622546209
102.8293820820524
104.58165781946732
102.56682526036325
101.6679926429705
98.0023912287805
100.04637125328362
96.91139380987413
97.46270925964662
97.59963531403699
97.47394121071044
97.01808180836841
98.10147344765691
100.9415324689119
98.31382520214083
98.14389096617344
97.83400011905003
99.97265858837773
102.41066802767949
100.89194624288473
100.03587489556381
99.156946591351
97.0716260810358
95.47256259834096
99.33668684758588
100.17929028041937
101.3412106280967
99.47854666675161
100.39782570321553
98.60426306660183
98.62600138854923
96.29431811922232
98.43825782771808
98.66644312310207
100.34643366452534
103.07323379548905
102.82129305998498
104.65219323743193
105.89450501039566
105.19131234434784
103.65647308889105
100.70788710954159
102.93903205317467
104.5878772361883
108.13086811618398
108.33273558383517
109.06883023193664
109.7906832168006
106.4239072619753
106.3191235834421
101.49874601800595
100.88154716856272
98.28274093413168
99.55396154361738
100.64184568216756
101.89743122191095
100.11193319405471
98.81549402978595
98.66919901955754
99.39360106947565
99.4933228877187
97.8067764434637
100.09282922307915
99.06896964110756
99.07192303883389
99.95549567916868
99.45959227381024
98.64258632253278
96.59869603861436
99.077986477765
98.1534408833282
97.19642240238842
97.70841462202641
95.71811784705822
96.59822960576928
93.8191137911423
93.41054894591961
93.71460222455217
92.46324105616176
96.0145831722421
98.4550074034398
99.17527833227251
96.9415338262846
98.63630137420022
98.49983909631071
98.39228728609497
98.90120913670155
100.53842350747065
98.86636962639953
101.44254260112247
101.92358994693036
102.62624904159196
100.28326662020679
98.78575034161985
96.51086514812737
98.47782621707513
97.66562495209575
98.35121045665076
97.74174316766256
96.37922039481178
96.05884906529171
97.98819967260629
98.03163354563873
97.43412644313096
101.3791194631992
98.54229162700857
98.95619756645183
97.75616874566644
95.51451295110886
94.94386429758327
93.89675193076152
93.74659687469591
91.62419404986352
92.03698358978151
91.09272159173128
91.34781576502822
90.70128597809563
92.58791525953733
93.47036119269308
94.04441340381541
96.65774046139437
97.21019901584586
96.80661546044155
98.30568866126391
101.19005771126074
102.35355616264705
99.24796811081875
99.24199336364023
96.73936842549301
99.30682033619685
96.43706622731865
95.4119714544387
93.12600471604068
94.51596344547234
94.81105904991743
103.05842943884606
101.12359024100371
100.07344042104918
98.34861590543338
97.78985725945336
96.47893113708433
95.21863433768466
92.79427785672353
91.37009060696188
90.13962904378567
92.18539762556463
90.13273233479927
89.86550888041656
92.04601726298887
95.46998890276589
96.917122178725
95.60218099528178
102.28101776313918
101.27180165466869
100.3862777481254
100.29754694553607
98.61381548703118
102.65854243777603
104.78574934147561
102.69015289852076
102.02075602565968
103.22831914874536
101.99894966005645
101.36411999069469
99.1660782266599
98.41121833514732
96.40688595360287
94.96935299292507
95.26331874794076
94.33654358263013
93.58115476566375
91.94869482867706
95.11174429075054
97.33111600979665
97.10955331247197
99.64963703573987
99.52246212912233
99.15862068820621
99.1300969733967
98.44479853650672
100.13915012768138
104.28302591931988
105.87608087034698
105.58845772036332
103.15948011356235
102.53224084284321
102.10402835829014
98.96080603826334
97.48793830279776
102.85838343253798
100.40827085380644
100.68188151012981
100.55624731134024
100.56213118321186
98.29312357567478
97.41853008818396
99.75586976645727
100.73749938212143
100.49783265772095
99.66753042148306
104.51307004885498
102.07933803685025
102.6571354492511
100.83195439411095
102.00984796899378
101.57733953267157
99.7957593319398
98.07042316664867
97.48014870921605
99.53778212079384
100.04601396141479
98.40792758759733
97.38172753163424
97.82023077913985
97.40674851528995
97.93338567208063
96.56373107707812
94.39996063637406
95.42774691755636
95.85955596103736
98.13069112073586
97.11996540070578
95.94522357587388
97.25089541448428
99.01063525477866
97.5760379216739
95.59871536152485
95.12298039573997
93.34121390775576
94.10310474940938
92.34023567066498
94.75058324086336
95.79853483470319
97.82774855311169
95.37388854431023
96.02595827130376
97.64257112573836
99.5368390465855
97.91729215451491
99.46502426407608
97.75899922282933
97.86036080837756
97.63768861558879
96.19775279507834
98.31713695067482
99.26641655510241
94.38220920092425
95.29795171036317
95.44014659402205
97.44168358096975
99.33036936636792
99.09638446912608
98.4831927731929
97.73745475821886
97.78836086316957
97.81303238588114
97.23451827297886
95.45521122014574
95.14262029745055
97.58492874844794
97.14354970333567
96.60749447707771
100.4277229128756
103.30545717982115
99.42980780969472
99.88630188551076
99.65055220671226
101.15173563780361
99.45939058353221
99.40121151355129
98.98208151898172
99.39579523705457
98.58866748889668
99.56977741231016
97.69547039107493
97.36830774422441
99.60379345019862
99.24472618033519
97.92102273222197
98.69992857096805
97.75490628933309
100.98158782933122
104.42332214601518
104.14190393517784
107.9317292839281
107.71572637509689
106.01515495813749
103.88687719341479
102.11140893722532
102.54182448918586
100.06103747527641
99.60205947389217
99.12566084551959
100.64915952537208
99.54748576166959
100.57477504647628
100.97311817639864
100.76407003969506
100.5963045801495
101.99969988318513
102.76183638975698
102.9112104230435
106.69963655040638
107.33854515337129
105.49753352514857
105.17815561898169
102.29672295091255
103.91692361796834
103.71220027255605
104.7606642947351
103.30532509972139
103.54980584786436
101.95638215275766
105.45945326083192
106.38456961332128
106.13895939899687
104.0925808649445
102.7543095488732
104.47780041344375
104.01521249531402
103.79337800029991
102.39279465265608
104.42944373592947
103.94736571497377
104.02762266755111
100.71633868568249
104.3256645365693
105.54168339751841
108.39541492134055
109.25307558808093
110.87097499054317
108.65644811102914
106.54229475493835
103.9375553315784
104.29705095503112
106.07439033170803
106.74919808555505
108.44226623170088
108.06228043585115
103.61203889784501
101.07208641006304
102.94486783843318
101.96197270494329
99.3338454920164
95.4378269823899
96.86999500708669
97.53243111422384
98.44489384900696
101.96168451580289
101.93909692734988
100.41572736036434
98.75982961381206
102.51743076915932
100.26173704760605
99.01383500551168
97.97440857449567
96.68477308620932
95.09595761726557
98.6520619345348
96.89980826565431
97.8303318963884
95.16877727304836
96.14274016074187
98.0008690835222
98.88783308308466
100.64920812028106
103.59763832586741
103.01889145674588
101.19438521420693
103.05787535905851
100.35416667156134
98.47283248476113
99.18512139456563
99.01567531065187
97.16304563933322
98.30345055293563
98.82347392160065
98.56309001280003
99.45240396057181
97.3195361485794
97.26002032532972
94.92723635166783
95.98935926243043
97.18031380197549
99.51573694267212
101.27944556584788
98.57585862800182
99.0027457559978
99.55932311093689
97.4203946986348
103.08277163825083
105.17876174580788
105.76221225894487
104.00617835709623
102.71832550009967
103.03197077128394
104.38998780013571
104.99908595424644
101.10164089910934
97.54101067337555
95.43728889794792
94.46861590183877
94.2078830153799
95.3541979610119
96.36699153341984
96.67626427524716
96.24700739914697
94.53069341760632
93.25359249758336
94.17152264552405
94.3094240524914
99.40925570090849
99.17232042394258
97.70684016790136
99.65448963221452
103.76396306444913
102.63519179190753
99.91705699223172
98.37027587496063
97.77018518697149
98.95731021714204
96.06513520079787
96.4048177015967
99.08734284010403
97.74220229615445
95.23513605437718
97.04960683228359
95.72031853099644
94.86166900547855
94.16662941971437
92.53349661941598
96.61574091179823
96.10757948700349
96.25443883915051
98.93521900851489
99.32253678699044
99.68258627126731
96.47662701750208
97.46228163243188
97.623106115521
99.20576246972117
96.4855681726774
98.5012066977477
98.73548878708068
100.40622517882953
100.86784508812191
97.53332454439457
95.96906999052322
98.28224109528252
98.26210981366505
96.29753374094477
98.00758729750962
96.71880708716445
97.85415099066816
95.45952007196824
96.9253061276008
95.0529392294394
92.44358721272445
92.09182747068975
89.3800739449275
92.5146544222866
90.90071062547501
93.21236391953273
92.74845810115309
91.93702479656285
93.28465634589388
94.13860987459584
93.47447242883788
94.55998097292348
94.25255848845669
93.61171855850378
93.41465283110797
93.60710724880997
94.29677856929403
95.02603921314967
95.29347756920318
93.8470398511688
94.12482355196703
92.35962262274309
94.47571343837369
93.94251753324271
95.86312655372545
98.73855549916833
99.0693981729079
99.45910041188588
96.84648044783485
97.02353265989035
95.4267013811593
94.33018530006586
92.34526419327835
92.70437821454146
92.87232326708708
92.90361193887495
94.47396651039774
93.47265440860328
96.37105788869303
98.57554089575963
96.40814668191841
94.38243212314195
92.88120613157123
97.9776889361357
98.6941652293421
97.50850879049824
104.44164471745158
103.56563089634945
99.60739473797923
99.84632976502424
101.56411380579328
106.04727056505118
109.73024981555454
111.73592581141214
109.49702598087958
107.20620312928327
104.5128043042074
101.57604044084981
100.94119143215978
100.88513906846657
100.21691759099882
100.18898065258601
97.29094665726839
99.28491617273744
95.36975265313505
96.78690318550048
97.42054437125891
96.70552669683411
95.30410042834389
95.47564782603392
96.26416412811399
95.36181441916405
94.68211404126271
92.0039562681209
99.98835188151789
98.42560185843142
97.40119379584704
96.34165359120009
97.79482655255498
98.26680652603545
95.92825512673224
95.98099653128806
93.16857144400724
94.47309531110477
94.11393271510592
93.24697395572271
90.11144043758433
92.79282907645072
93.41343172008754
93.54332345254906
93.26081455263109
96.62958958222715
96.1650887880032
96.66021350927471
95.1434876855413
95.42101078265895
92.12038057431587
93.76986884615407
92.39808459095289
97.82543848999757
95.25674230839765
95.66233850426893
94.59959120473646
96.28467645033687
96.49128115232298
97.10899985285918
96.98275171489789
95.95660324491544
94.93226947060279
97.33109611678823
97.57434312986149
96.37934552031808
94.3860353437891
95.96287196277716
98.61809687146958
97.19754900621571
97.24044347824245
98.35357222714536
97.51240682635596
98.46098927964174
99.00228029846349
96.57474114856188
97.35922044540048
95.43908139310818
93.63440218042611
94.90069821304087
93.81772469304934
95.99655156991504
95.1851301641227
98.73038987798837
99.69175756964246
100.45679803338066
99.7703993546301
100.33366228712282
98.05610013793202
100.13569962011128
102.14014838686643
101.11873060851333
100.40210481299457
97.61420856366034
101.96494378650647
99.3407114055705
98.00540217155071
96.11126386528102
95.89765654087167
94.74008815163036
93.02907606114769
93.19054655224112
95.06218036077115
93.75491725507443
95.29483483229228
94.29741935628203
93.88140563355518
93.89597850523995
95.1746494777969
94.97641245396527
98.82131098275205
98.72410405598114
96.50272559262872
95.65552799923515
97.86906277866608
100.67092903772142
99.28258128766375
101.25317507214281
104.75502028933539
102.89811563919336
103.17769498639989
100.54384134889207
98.69133545653077
96.14147690261773
94.41183211155725
93.75436358652264
93.247203426947
94.88881090645432
94.97630517098999
97.5544176672885
97.29483332334493
101.70590815197197
98.86021323493897
96.63989251419984
96.41769768726772
98.60427437632399
100.04884235148988
98.31188041823717
102.9842954780964
106.00758778647634
104.27838791014075
107.46758612838754
105.58498843346888
106.31485574973068
105.40318308491851
104.07042066179241
102.40043826156288
102.4726498773211
101.67607182547209
101.52399524856845
101.84792363020863
102.37492814927667
101.4231070048922
101.63416151143632
100.56231376496484
99.88892350461315
102.73544810823165
102.8532939376062
105.40778815960005
106.04366478930812
106.4331456405781
108.33789946360504
111.19509055522062
112.55020306838917
111.36947810540468
115.71909321151357
112.41904129775875
113.99636547503809
113.1203941780777
113.19755291436057
111.33863964356686
109.9895224373472
108.51487738038635
108.32440971248025
109.94649585279659
108.19640836894125
107.49128251789321
106.1758966302883
105.18491632111726
103.63200874858794
102.06385226317704
102.18138514448039
102.18042348708366
100.98099627764324
102.71625290325407
101.59128473647536
99.11163494062863
100.0809419663779
99.0395058710689
100.25449197585077
99.77961177679234
99.16249436158884
97.63724118819502
96.05434518100326
93.65985864169294
92.11926793293196
89.5747586870812
89.32208426406561
88.89403052817497
87.42999715493714
90.314883710865
90.63132582219768
91.14983395342706
91.68585095042081
88.77310626172583
93.53750477070922
92.51291824101055
95.51679386727174
93.53873354271634
93.19499380826264
91.42388105669525
93.28269540277921
96.46124645836356
94.37464018304209
96.9090921714781
95.59856182216701
94.97141021529256
96.67022245527046
97.0953867825493
97.06676111090687
103.0470640993695
105.80835540509766
103.85638836669592
102.5879867074494
101.96969332986455
103.29706064338654
101.41395335588133
100.47497221445443
101.86419603861283
102.9267552054663
100.18504081968781
101.30199435076011
100.74741495139068
97.52564461246072
97.00887356313696
99.70057208216996
101.49438980978867
97.96527167343238
97.66291341811798
97.51732549723073
96.94611586053131
96.76111774585455
96.49105122494292
95.9528416940933
98.32131895079605
97.39705386681484
98.32188726077487
98.97164449357255
98.9353562438048
99.06717710060524
96.29506960267497
93.08602071209093
92.97100063660321
92.10956956625363
96.43065840052215
95.2014571780474
96.8933644539635
99.41191722156594
99.249965231562
101.12626873651396
101.1807941097087
100.38357503842589
100.33436598675222
102.52217338962471
102.14751707491462
100.17598465422057
101.58106964289969
98.67669055410573
97.68975925508417
98.45323000075099
98.21408438332463
95.79142433465533
94.7354947372126
93.1532839921055
93.45108932092964
92.0583445455039
94.67414603168523
96.85299863816174
99.3932961161758
100.56904138953185
97.72684084013963
95.83536755840949
97.23059690483122
95.6910727061492
96.48299954058879
96.45169183722966
93.708460690458
95.40817799870855
98.58941100165995
103.86162234117673
102.41031800673989
101.852019934092
101.50772533040183
99.85596656950318
98.79672903869907
96.56419321200728
98.97367259252427
100.17401543588475
103.65231380433146
104.35717770536728
102.75900386871801
101.4989751151466
100.95474808207632
98.72498547506095
96.70822436039906
94.23322525120317
100.34176304077573
101.45624419375012
99.83060554660318
100.45458227993049
103.98190818594072
106.86541509143254
107.44093316637249
106.23628589425003
104.45278240260551
105.14600058316609
104.35926220614805
103.57076890135988
103.2095154908219
103.87980190420771
105.35077235547608
102.5355127103314
100.54302597552102
100.23594604999703
97.55636892925124
94.69807222016452
97.0044877769612
98.3497206650337
96.25180290696977
97.47478997441137
99.18653757787196
101.26738206638652
106.26202484452489
106.81234222363673
110.81791661486466
110.59908532843141
106.38415444838465
103.61676904562819
103.19647422082707
99.97088559252741
97.30634460187234
96.53817600771984
99.75034695847266
98.11143599181348
98.92121112752204
99.43428087096254
100.24563909720943
99.82010810850016
97.04967184587316
98.75513895626146
97.89878478996815
96.61245684001669
97.59803598598351
96.92560523814862
96.51606716525075
96.83851700134805
94.95980917773706
95.24043680963047
94.23701304970236
97.54423265065715
97.54091504098949
96.83654157592643
95.44477675565348
94.03879159897154
95.9814681945635
96.11025563413644
95.17077467970383
91.3916239063128
92.02459010742625
92.09563039289883
90.3566764135907
89.7449100679494
91.21715400470475
90.26434441287687
95.89829128064287
94.46653664247543
92.28781388069198
94.9052229718506
93.3994009909556
92.44484067552933
93.59555194896747
91.01712185157882
91.34879617458057
90.92889516347905
93.15777464414238