bufferSize:2048
159
152.2471968248322
144.06965097749807
137.21376473594177
132.0196539051598
127.1683076695621
121.22604685363845
115.83082784365426
113.77534371993656
110.21515728805934
108.34746963380314
105.08426888013044
102.08762623114336
100.60454812123882
97.28137764447001
95.03174115856984
92.24455982448809
91.33324754121811
91.55011542084559
90.34713382499166
88.80526421351131
88.20415230013766
90.296885318826
90.16004796847476
90.32532153150055
89.33916442581348
87.00352570073484
84.78401529783268
86.63134555785359
85.05415826421014
85.6593442540855
83.33835346566065
81.33417609074297
81.51855076357486
81.16097941605369
79.09719145189968
79.41838560616753
79.29032136242397
79.97339105893874
78.92571058083459
78.46370635814047
77.73939375794764
79.66869698904625
77.81737704672426
78.06590913407564
76.07439054055435
76.25135374842068
79.97037267963387
79.7377763370993
82.35813041157458
83.86230536382051
84.96311638991675
86.15694493129287
87.79154824761554
86.6035017355759
87.53076508670617
87.61129569840125
89.01709586305316
88.19439199873544
86.39397589596412
83.92523649662047
85.35203588904092
85.91656238624803
83.91478649147092
82.56003016409612
83.36762225058644
83.11240903882864
87.8034461488713
89.64091637487529
88.25585053999808
87.38214945310028
90.45138644829791
90.9093946240241
89.64270941040026
88.8304065198944
90.94386159537314
90.77897674324996
88.8557910010774
90.07190855530588
91.74677302514122
96.135256185617
97.86953541071748
101.65900891428164
100.19978949520188
99.19704574454276
99.71111849426549
97.89222685902142
99.84680989650198
103.693088996296
102.50575921781535
101.47955968948962
100.71047593956175
99.08029530386129
102.74608896982781
101.13826704244462
99.344388625524
100.6053631972335
101.36257915824537
100.9182556565797
99.0809484981399
100.69494343201619
99.37008947479441
97.00265696230423
96.75419333099978
97.77004458919409
98.35424288898032
96.31735671750725
100.15565287324881
99.66811273334064
97.43771712960216
98.83843742383065
99.61413548299412
100.96856954660208
100.2362175875462
96.7651676616077
97.50599777868625
97.97619725866537
100.97774912344718
100.27965042673809
99.08900583784533
97.27133022253018
98.09232078094799
95.74660747653277
98.07441327570825
99.18599815185925
100.9451398371337
101.36559103932954
100.28239790133668
97.86104512556183
95.74358095741843
97.90947000026793
97.61725231709528
96.37015509048204
94.31022408495583
93.10853850722475
95.35010742473203
93.2842113234481
92.59805456771916
90.07730550673291
92.90945365721939
92.20928958423316
92.81845135339638
90.62233878220916
90.42129555406947
92.18728017425991
93.33072733660862
94.81353779496746
93.23890327748373
91.43111933118489
95.5596733669718
94.32754096115382
95.78552657419836
95.0154680831714
96.65032188832186
94.52475215170575
93.02465211064796
92.42371482148884
91.17786091255067
92.91006173393924
94.50134453375543
94.41290432681569
93.05329439427918
91.31190803533013
88.80808429510691
88.52836257593327
88.47158245606886
88.29413040219517
87.40448079312712
88.75874857735303
90.23453506605166
88.78422768320513
90.16127273251756
91.83400788684287
94.53798817953128
93.84711358122165
95.43223191213542
94.90280830674058
94.71501190948311
94.26653186546609
96.93065456030142
94.94626493027138
95.05563549582764
94.99359046923647
95.37956014103386
96.28684104825719
94.27193974829044
94.51974519248704
93.40320187643678
92.57818696003064
91.85965760938856
91.30198482471685
91.19514367298974
92.13281343434558
91.92002206016598
93.67542312470334
94.92352755400296
99.62095985743107
99.2623339160779
101.91001373910454
100.80934146219626
98.28998943614081
98.58825729121551
98.77103709784619
97.75156975618897
96.74058933991809
97.48253587587567
97.5059029690759
95.8052539474451
95.73503904429998
94.43568876111443
95.00788205430142
94.48709701051601
92.11405601818868
93.51776044608833
91.05220166949488
93.12186968372238
93.85950934294335
94.06102939904319
93.48222259292731
94.32238395681104
97.28224252360937
95.87463543395432
96.83341732670843
94.72805784088388
94.36039213444371
92.85292840453079
94.4153530754492
94.48226825913584
93.45533427975789
94.8271245417629
96.69575398041304
95.37793520838025
96.48829296964142
96.77290218401224
96.93085194570013
97.8469634496757
99.76301848285097
100.56058277786141
99.1046991077343
99.57747398669872
98.50346034727714
96.09980455996431
97.00410293899287
96.79889650748066
94.70248105928303
94.95691359483195
93.21711221664987
91.6082590046247
89.7072891719607
88.08525411363273
90.86979085625838
89.89987020178678
92.82815037216143
91.0267710346531
94.92831177754019
94.96297411978135
95.35286589328634
93.34848637711556
94.89220844673548
94.36121169550094
92.50163704053112
89.12054706025856
92.06247125501574
95.3408638774657
96.77712484341507
97.65984919168929
98.19851066991546
102.41412869134169
101.1195440986553
104.17882865030519
104.65406228926012
104.81436335025738
104.1529623323304
101.20607650396293
101.49062640239093
102.14577419205352
101.00324697291357
102.91203289373283
101.15659546263485
98.49730955158768
97.4304617439597
97.83049021617985
95.89835868051884
96.86574635231597
95.85737748480175
94.8310696395284
93.27368875407902
95.04692685144492
93.20852242399268
93.9230705066127
94.32873946425292
94.99923428843192
95.7908642211881
97.89696874845775
97.10278838838731
97.55408441640792
96.63434764314714
93.9620683007194
95.18691698800015
94.36593155231844
94.21227089615886
94.61695788480192
94.59252721391057
98.90752835238979
98.22817553048135
96.75169811038023
95.82721085092045
94.57401258265166
96.7997301595025
98.28791540843835
100.34146831659653
100.45223399359617
100.02524664395816
102.3143120501806
101.33946096618013
101.41743950718069
99.1355181987718
100.58253925280458
97.955673534578
96.78027441755948
98.62104866839661
101.12121255319852
97.91413222809622
97.72684802479283
99.45053066264789
98.20365004297878
96.63315304619553
95.35184583308988
94.24153904918998
94.35033478920994
97.74395561631063
98.49276396299625
99.60421205359617
96.67149587378928
94.72285558586921
94.50950838263336
93.96403069237556
94.95739868618432
95.53283854212685
98.54860164001697
98.67373368922087
98.94590385932976
97.65439026456643
97.64404797810116
95.7669109084599
96.77051747818152
97.31912946262325
94.84093672246573
95.93521565158233
97.43285836316488
98.17035336202137
97.35007428954432
100.57539846890158
103.39674044123257
103.10074907097525
102.90625724716139
103.049039243166
104.1653541472832
104.15398553153354
99.92486365702142
102.6784968699381
102.08702791018585
99.94920613168861
100.13624335208428
100.025837367823
100.74496656607046
100.24637178963283
97.91744427872516
98.22876481761591
96.5782357635828
96.37805825695654
96.39045216384437
96.1783449888409
98.47757214717494
98.36823751151067
95.3601591277678
95.31510870437825
91.58873246740475
92.6514139533386
90.71459044433458
92.85379081392693
94.12413942871119
95.96512464749176
95.96664864269322
96.1448927903537
97.20748367681668
96.59841673913378
96.26542654872259
97.2231603153899
96.34822839868852
98.79093520022974
97.14191480564223
94.47138121361205
95.61486128781331
95.00069609395057
96.24769646658137
96.99082750607322
98.52911608581157
96.5393966477691
95.52227151791227
96.08094786766789
95.41613772242103
96.17831799279855
97.88997518206787
97.96965262705505
98.38502558164615
98.35752685625829
97.8444776308902
95.55719186057121
97.28113158259069
97.85618599221742
97.58462133974511
96.74682603416298
96.3349409323629
94.7034271727939
94.742312052289
94.80197847808377
94.04600586265714
94.71539617362676
94.03285742116884
92.25544436907832
93.93970818693367
92.7090835693611
95.46115086759443
97.78897521977805
98.82748589202436
101.13629563523305
100.40092743540272
100.49998860848208
99.17614084481323
98.18376449161762
97.61353640788592
96.1912365468068
95.28367602867127
93.3550150549645
93.55799062379447
93.10575425415742
94.28360153071773
93.29668949681322
94.65555322176318
96.49336495162386
96.56476408758107
95.06925718053834
95.38721418157765
94.38433411670863
96.85506366121275
101.11761902837958
100.91135414498603
101.1467867024467
101.97213875682976
101.84476985470023
100.48020786871407
98.55283854595604
97.02330093513918
96.83374803665119
96.05489296338763
96.34305121141524
97.37333585394371
97.05140815848168
95.57740863997473
97.13735869111376
94.26102209489717
95.11330839134617
94.8708972584121
91.87027110622259
90.08677446723904
88.44151390363515
89.36764335988124
88.06234660973284
87.33290685705198
89.41079780000572
88.38776437989088
89.41769824575267
93.14236374341802
93.07531240231481
93.29742882611916
94.61413391074755
94.60185086464772
95.79393906423711
98.98069828676898
99.40494795677796
100.12607400853173
101.12055520981043
100.97625420769866
101.10080046805717
102.56342101076963
103.91655399250878
103.30546588497359
103.1871894798978
100.12527063340275
101.60152308331581
102.12251159465006
101.58973971049137
99.33214067186044
98.19626271416175
95.84121611657956
96.09222789568334
95.85181208003573
94.58522843730908
93.18366392190441
93.5566069025623
92.25705985444267
92.29919863592376
94.02066143259647
95.6363702427875
97.07276094024567
96.57425688904063
97.75584210360186
94.8526060659381
93.06540554592277
92.76861637099405
94.33401209297313
97.2840816697829
95.15098521558164
97.25123197927093
97.34594053688109
96.94063449763675
95.91612137176666
97.02550475627586
96.96793598003806
95.7476325618939
97.67149726991228
96.93348099344227
96.33068461589865
94.97308213986754
96.28371067047861
97.95506866675522
101.3334951995759
99.76485770960169
98.73099775916177
96.90279483845568
99.99028597787665
102.76439868357699
100.96617670620527
101.02824896520512
101.85781389741868
99.67363214980661
99.35224708485912
99.6177003537217
101.08094468466895
105.43156940245402
105.10444932612583
102.48579254291329
102.68243831032775
99.86470276474684
99.37743465543195
96.73640205868843
96.30488765171664
96.58422874702951
93.92829481396217
94.11350978271189
93.69273508339084
95.35408748797656
94.8044851470077
96.28311984476838
95.78383440995513
95.23284198300026
94.98971469902057
94.33499000561397
93.55169467804072
91.53355231602063
90.74944232245008
91.47302498870894
92.05272026405507
91.70181713619131
90.73289362486585
88.51073976311162
91.86529199107093
92.97910073313001
91.88964273729177
91.76609900740085
90.34766928182168
89.25487401747819
90.32858695867537
90.88119728913729
89.28109294860089
90.45328490291628
89.28026432539116
90.63563152480282
90.72942446789214
91.40591057038229
91.10202364144833
91.08496545778827
90.30621225589061
90.51421040302506
89.56475613458407
93.5418119495025
93.59654368026206
91.5472323608102
93.07615814734324
92.48155166201855
92.18977745848444
92.5821253866305
91.98502441007119
91.40328318167367
92.4087130247378
93.57139256129074
92.57922541823166
95.36768462903636
94.53838006080234
93.70530330603127
94.40356696303115
93.72083534109426
93.36452710654368
92.52325980338018
90.85117618561632
89.30908993027974
90.24231849973876
88.74172986213479
89.95789273437576
89.31684261065972
88.5892672737649
87.70307130601303
88.83753790586896
89.55395881202807
88.26721711101911
90.53215564455154
91.6698755266273
91.44080135945033
92.49826500927729
94.87310154599597
95.71893733565709
93.38967388927715
91.7360706516519
92.45907065402844
91.4536765022514
91.02143958730991
88.92883925325282
87.12888397550157
89.26019024182655
87.67547594236417
87.54487615763543
88.68029601027628
87.70832462428733
86.3568615239851
86.31319724094624
88.40367948728505
86.53617470027737
86.05367725883087
89.70040377491641
88.75376296721258
86.31374103227107
85.81740613766367
87.08103464063527
86.36268537450935
85.96151873904489
86.47935142341377
89.42396430690341
91.02610844954788
90.61895490680593
91.69043248492251
95.41625711800761
99.10818743490813
100.9198105352552
101.50603389163436
102.20038238608039
102.9333485792437
102.03471106659974
103.61099482573727
102.47301335020795
102.35984864353036
101.0000821986114
101.5126976534691
101.10698167762474
102.4234604453846
100.3454527704067
98.04467764147488
100.4291912179029
103.03317633500895
102.91440552075854
102.28218784048325
102.62866462348438
102.34677247666345
100.65962580181608
103.53638196288003
105.0509737550391
106.96574925972318
106.42375952937687
105.02531614724359
106.24345075077856
105.67693927797022
108.27806177412297
104.71043082627166
102.39422035122861
99.26746053835518
99.74015679979895
97.48328968511406
98.5650980470124
98.40758812181363
98.30962953252538
95.94315248575289
96.43087127713669
95.73081159038415
97.35753069878945
98.63403120056523
97.62155381745208
95.85935901473647
94.71414884692523
93.57423976996729
92.64769277014136
92.73296108382704
90.77821988235276
92.80683767627937
91.77001665648079
88.99146581704693
87.43491021651025
89.49424276938076
88.41160005455278
88.2243552056522
87.20968948116
88.33511903465597
87.56725044835184
89.70294811120517
91.24362724395641
91.55999734125949
95.15904321580798
99.8127605249942
101.65893218250044
99.96561865727318
98.57542453249808
96.89628970834256
95.70208657386904
93.06541803855443
95.52957622807335
95.6185300986247
97.45798800087917
98.59569439545012
100.32043131883586
98.34435298928116
103.607939771086
99.25722556211225
100.81920944176238
100.1662872938881
98.18860955140984
98.34920453687955
99.87340753574352
98.79734988851236
97.47905126560515
96.56722330107483
93.89915442850088
96.21283426006497
98.73175702737508
99.21456722397454
97.68748595634614
97.07079661633101
98.96570126056457
99.4785767237516
102.04580241447793
102.64576921884482
100.16545740861017
100.03004864269674
100.76275702654209
99.14317461427439
100.67734129605607
99.45542213273406
98.28314236417887
96.3856711291492
94.82704968749655
93.6947458865009
92.2293016357437
90.50627467651903
93.54535734739024
93.72230895344279
92.15860105316158
90.7047069772191
92.80092912637417
96.03197916323785
94.09410960386886
93.17209621208765
95.35091818961935
95.0116003952026
96.4480692807916
96.52245084904425
100.21376530050235
97.67125713099098
100.5956015998124
103.5140986819696
104.30086515975745
101.66834373021
102.74728463110506
103.21799330191341
104.52674259072984
103.38204339714875
102.52253555102432
102.59466829476588
101.62244074866096
105.47282295241445
102.30328295077977
103.20512563018272
101.59461006682231
103.22670053327114
101.2407597076435
102.70810532091328
103.04352420280985
101.71878381823767
101.10363444287573
102.13568147750226
104.36514177723694
105.7199816287756
103.6084294054429
106.90856038610502
106.17255803198297
106.93876776474787
106.87560986794858
104.77666147882533
100.91810730142224
103.04478207151035
102.47317764916588
100.1181781090519
99.83287233950843
103.59058880628635
100.8319945275008
101.3118331257896
101.38816915751904
101.30871577314461
99.9130781378254
99.39200442209062
99.12856267946454
100.54888058895304
98.94524292743236
98.77965596190757
97.54986842850052
97.31664357104451
99.28943088060946
101.50575708072888
98.41829693525065
99.04342596962537
98.52162238099658
99.15557886174395
99.19133104708183
98.38262524489484
101.03880952555747
102.69575328400941
102.4795659132792
103.2438075841564
104.20197555071732
104.24942900824193
103.17048317097446
103.49623271985143
101.9421917285578
104.13334711617873
102.94541738766623
104.58713055180176
102.7913411173913
101.30684377155241
102.79130216502432
102.72896239003491
103.68124227697778
103.34422311397338
102.98232626024183
102.61646493017545
100.2792178409008
102.60901487891533
101.27550424654655
104.07440228852451
101.0285014886229
99.39476544195075
99.5316649690289
99.58791285043878
98.31381316429221
97.11017040131581
95.170702525296
94.81581816018281
93.50059375432664
94.25153205664947
96.10052649543114
95.79555346135332
97.6443948077269
96.2757222622181
91.96084762615662
91.65698608701891
93.92052097418352
94.465363349421
95.97750756392634
97.7333380455497
96.88397935511227
99.60502881941082
101.49037249745521
102.30422841208178
101.11126009441614
101.44723371279078
99.70101476671316
102.99085286860499
99.58214684789093
102.05571387676817
104.55920770497242
103.14892568093093
101.79818678989962
101.08059621460984
103.70528731896398
102.50640841072791
101.26061361457074
103.98617087801509
103.93766617051878
104.68255236340117
107.20981103741933
105.61607848279473
105.26706722876631
107.97870573992732
105.09292236508426
102.8904674921347
105.4386811534369
105.41621807940776
107.5464312888661
104.99852514366492
104.76592700724348
104.28238285121972
102.79664878653018
101.59571487723234
100.38778785668705
101.6522334005867
101.9738696330338
98.59473331779617
100.83692645708443
101.31419072186696
98.42716834100722
100.5625923199921
99.1643560771076
100.0120415173791
98.89589820415569
98.81670537913428
98.51283777936018
100.21041351486292
99.5442088640517
99.16520659874054
96.58346987799258
97.91138108567482
96.15187228074564
95.16887114055743
94.56076196770202
96.95619408313156
98.12820101505103
99.3565889067271
98.02538178614834
98.72978837929533
97.64218365555814
101.5506415026556
105.12886830989068
106.4773136375125
108.18538452625207
104.87405438205535
102.43880963151986
102.32765410453636
99.59412323180773
100.13659099381026
100.77124261036622
98.65313053261754
100.72668331311976
99.18198884556188
99.04531707742885
101.80274240750286
100.14499575975695
100.45773732056077
98.41193201138783
96.42228449689772
98.00637937466522
95.9383912092625
96.6977076454819
98.67829836512306
97.37406656068448
97.5550717532602
99.90162348385196
99.58336210288837
102.17813650889838
103.39606400157861
104.56259793698416
103.72520282338151
106.3062584336654
104.86354661255027
102.25117933098788
102.33392865086525
101.77355096616033
104.82341441877784
104.55254358276672
105.64112104057848
103.0395874843397
101.6533646502154
100.05227223268484
99.81428102496268
99.64378570677925
100.49065517961934
99.02816322109925
96.83270163847479
96.86623139240469
97.5584518645208
94.46477517868294
93.67182040090242
94.96894402752594
92.56800722099688
91.05499458378291
95.28664294644499
96.37056571257922
95.24406589250496
93.11763145344104
95.61285797782614
95.50178456650234
97.84803569367946
98.90317458568062
99.97366653006534
98.68168214267779
100.03681421212633
99.36573957226379
96.76429404059196
98.29484368076237
98.1691291936727
96.5673311788784
96.6231191517296
93.74125939065647
96.50346922165203
96.6842065228234
96.304905286099
95.97920305842767
95.12194072542835
97.36228503745184
100.50827336222268
98.45121282125474
98.96402285808902
96.61905025844233
97.68511453674378
95.37962800573443
97.89073785544295
95.70265057538899
93.24351620997957
96.85684996402668
95.91415585071874
100.2280637378581
105.03930866636928
105.51453252123864
104.95588697978963
104.89916817592764
103.0970763852441
102.48489256122386
104.94228587491662
103.62441907505213
104.8236660281321
102.11929091749667
101.08235387722759
100.9151255431217
99.99359477009335
98.7947284750536
100.22861292546139
97.72117675271187
97.94974342298651
100.28932067459438
101.2770617635902
97.59713144517808
95.98864822500093
95.52661157742537
93.39437543813544
93.2529290782288
92.65104758243898
91.54620744237133
91.70200990186783
91.71486914379626
91.26181798787661
97.42084854413841
102.00524531923652
101.07224004556862
103.71449085192424
103.03542831588429
100.00073990608804
100.94671560381398
100.2983516669287
100.56735198014417
98.38971150890623
97.92568926401054
99.70066826610632
98.05490290457692
98.34524692943185
96.49033341174525
97.47828791531934
95.58963374113706
96.46704467001506
95.68959775099653
96.00806629629847
94.92763966050586
94.33391742984521
96.93265036878216
93.10093524594929
92.91290234587046
91.84086978370188
93.06947343206298
93.51195325193396
92.42509397563572
93.65854805235765
92.25973894506366
92.84011669843711
95.70217647834798
93.82890987509495
92.67248686484668
93.27598030290078
91.58195768136903
91.07502093896701
92.24583491820975
91.54851124486864
90.91370752052788
90.37307568879174
89.05925692295581
90.00788567797565
89.55841637409344
93.17798332223067
92.67801859514059
92.41931588246086
92.66107306632317
95.05801922091221
96.24517029407212
98.8173809738241
99.1214245464678
106.65408822333403
105.63092421063651
106.32161371117354
106.46932135638055
107.46004507289516
104.71758550260083
105.84021251020526
103.82722625957408
102.11466759111397
101.80786298832733
103.49306922055182
104.07456926942102
102.31771026137564
101.90476402543342
103.99318660749393
103.81694859220907
101.96714848653768
102.92093378105899
103.7225621472387
106.56948387781428
105.41436724570026
106.6838212527192
105.63771708198644
104.50241947515698
101.04062039529398
99.2078164787757
99.98373872013022
98.7428439308565
101.10485705521367
100.45209335086267
103.88759740827645
103.80353167804253
103.2362946727865
99.60016049267541
102.28601739727634
102.39138588675537
102.9066132865132
101.5471206552215
99.2876162908615
95.73649604781869
95.51401425999306
94.28592471973474
94.40059588116281
95.42240889568616
95.94842202404249
94.1367305314161
98.08592216879697
97.33641568207985
99.84318203255542
97.84895058582467
97.89022031953692
96.45454261016428
97.82021242740431
94.62566482980941
93.20466750372132
91.3793942515858
91.62400972583586
92.80872053630208
93.95886998694952
98.38899309518388
98.90228557547114
99.69058303594933
99.60482062520127
98.31546674989667
100.40215401197845
100.60224517838925
99.39705272825933
97.66102293284625
97.10676339561451
97.16629219789017
97.37625131421633
97.68668161436754
96.7876179970506
98.40405985176739
99.62757742949556
100.90042086962278
102.90442564503738
101.43698208766573
102.77579189762676
104.33787085884323
101.94082791517113
101.50626561411738
100.11643697925253
101.19713063447088
101.59211826198295
98.87643657981994
98.05028264171726
96.41824684547431
98.78111857950462
97.20473911063071
93.06431514602971
94.18528150630122
96.67576429714981
98.07935812967145
98.56254027614423
98.56145982162748
100.14484066570877
96.11705121107082
100.20820542949905
104.25933146711199
107.02111123688083
105.18006628014736
103.36862542312494
100.84018680513086
97.51504546766269
97.7425770533472
98.05643255561911
96.87690712522385
94.08096477679746
93.15371387862412
90.6051287146212
89.62633176016796
89.6681128344004
91.33192616254152
90.37109229016154
97.14711389324147
93.42936742696423
94.63250900094282
93.38998781275144
95.27917270757868
96.27059648304692
95.37262651458548
93.36223844593732
92.28328352391814
93.3665588643397
93.6927607305551
94.13863723755276
92.5878181268871
100.13512860743978
99.29093171165503
100.78074036693032
101.24732494413632
101.06663536106605
103.11915695535302
100.91615113459376
101.24897313678511
101.63595270773463
99.02434593368147
99.34676753491148
99.92514551312402
102.6975223532763
102.5339162799861
101.91344873746911
100.89056447178594
99.76904574343457
101.45680410679476
100.09651333151034
101.41157689737817
98.7684083636685
101.02321684813606
103.00520141048584
101.24188188486016
101.04861000086738
102.17395488815772
98.61668706574757
98.12418109887601
98.29889828997563
97.13596471850902
95.19984014447985
93.30944148514955
89.72941032023151
91.65891851769958
92.9491848642774
94.05166696367169
103.23931530714431
104.46053326741247
101.06468641556359
103.00796760378425
103.07832145474286
101.4938754953183
99.07309831576184
97.70204694446419
100.89093172371689
99.34595088277422
98.87698619185171
97.91319292757575
99.86677727792724
100.39196898216714
98.6474513795071
97.71393757867419
97.53586726080536
101.58977513927287
101.29258597348883
101.77745725275585
100.92337426304402
100.1345111688776
97.02645963815792
94.77520727906219
96.32235755679271
96.10645245076591
95.55024418354976
94.74678842641482
97.91200403960516
94.53612123998705
94.97079192816553
93.72998570830212
93.63592013470011
91.5555065916684
94.0408733303796
99.96789093659415
97.75088891771905
98.3624903481257
98.50365438742512
101.47333415740636
102.04168657052134
100.0335456231855
100.3985327776747
100.67712247227327
100.11796600737267
99.25722279708538
94.94857663081005
98.30948841168463
97.08229724980399
98.99426370588668
99.06851308816528
99.51133199670362
101.72414844817757
98.4397228414445
96.74427715236082
98.30611197713074
98.54289031690418
98.27172947227062
98.89255738505808
101.03984358569438
100.29501491454462
99.95485633798184
99.53413785328009
98.99850305940161
98.39492321316398
96.92649079526437
96.49508062815514
97.93293507114775
94.90003840209152
94.54548185993804
94.68506547606549
96.0148099309656
95.42328387867552
94.9321311254099
94.20330375781685
95.00797419760234
96.27465391178319
99.1846428369331
103.07082368360392
100.60236097392483
99.23617655417878
99.4897235719723
98.48367988007253
95.267836000877
97.54573541704343
94.74560958426687
94.45258135261919
95.17690963592743
99.50412952147506
100.18353793714881
100.01907170325015
100.3096701120977
98.11337236774715
96.51304272249637
97.24167420913669
98.92780470308226
96.90879808965647
106.24509850663033
108.74399507909044
109.10379299727418
113.74677806596767
112.17416187127334
109.4866626775927
112.37278450534575
114.49420277266373
114.14941417697656
112.86982959787007
113.25530680866201
108.96531109247513
108.7017276353799
109.41098024608198
111.20335370379983
112.45613898163012
108.82470134574005
110.69879624385008
108.46806613453349
108.8643251006226
108.99556508068711
110.71827962797353
110.2842640391792
114.93656182379083
111.10005724110746
111.85852557987282
107.91882740265049
107.88660179051503
107.8799321016705
112.00926808587906
107.9414222042134
108.29323578683412
108.38483460967821
109.27316840108085
107.45875620960372
108.41938243499573
109.02146738674307
106.64841854956742
103.94426550734663
103.10337344637226
100.9730576122744
100.84117081890415
100.44309611367913
105.04673165681314
103.80703599319058
101.9024321085486
104.14496086940595
106.14113444222599
105.9371949435161
103.34328263873662
104.22164628072971
106.88304955257124
109.27431655328138
106.14354327680195
103.57845708019994
107.7457075389318
107.19630245870503
103.90111327632846
102.92386779067995
102.31193501433819
100.57802345379632
101.31048109422049
101.84560147049505
101.94188316484647
102.2521138309498
102.81776270009178
104.31398233684297
101.60873289622648
103.37141510373677
108.37741319347035
113.15293784494493
115.55073095220237
113.37579210667842
110.21909163251082
110.13120754032138
114.26605017550351
118.01208733209722
117.54012586587938
116.65759589369435
114.29718814290361
114.30203668902573
114.76969066935399
112.12625290941915
110.59503952010489
108.2866163314501
106.69445757508329
103.06534929708424
101.18520326021577
100.59479013276726
102.9149620810882
101.09180581886349
102.38994266904646
101.32995956320242
102.37062608496133
98.7999716077994
97.98059885886042
96.47084407599922
97.9940884302185
102.41638987725348
103.52706531153001
101.79777634659645
102.0051497533043
99.13985484223413
98.38180429376266
95.10861782059584
97.57850446826038
95.98422573881528
97.23384569812734
96.1136887520991
97.6979340176364
96.93836786343476
98.83240771216902
102.15785363891767
101.30371383543232
101.80658255550915
101.89046626608328
107.04780768774826
110.06657811053527
107.65059650997097
110.46066336113313
109.8678088912943
110.73865951879266
109.71482694294514
111.50806616647615
108.22275484122967
112.21044146916351
109.24166802601758
107.43488610242073
108.95545016040857
108.51044188828598
112.29876470427695
112.27904648997985
112.12245845312906
112.23173143179721
112.4374739731105
110.38450022688265
108.11673418971132
107.89105375540133
108.32557170058006
107.48365855294344
106.79220867627278
107.22265447669257
107.9969613869229
104.84659678609329
104.20629813580977
103.08261611765076
102.45493359473146
104.17854921217217
104.89581295575654
107.04609126968498
104.64857598821743
106.08192202063125
108.09208354626921
106.4193815551064
104.61564333615298
101.57068956637104
102.61105337888385
99.97395428352466
97.97910844688045
96.25460616801426
94.27065732984727
99.80820434605411
101.56167030791492
101.33323955370355
102.24970818930159
101.53528740849808
103.00246856994147
102.32375837020275
102.89758133143825
102.2457273456519
103.52662553231809
103.24704109351545
103.28804999790641
104.84499620375175
102.52122810490295
99.66672743983418
97.1859851079989
98.93176051586974
97.24690412596101
97.63665788855297
96.71579655458386
100.80085087915168
99.86601158355028
100.6066328575621
102.2049608365464
99.67004597895911
101.9181418060116
101.86381940127788
100.29759755758828
97.41772208588213
100.38185972186864
99.66958215500843
99.78782142843531
102.76074013883766
100.15742916007108
98.2904502722736
96.80555063586775
97.45010368366019
96.29331784448688
99.94388543185836
100.18784948550343
100.33355305563497
98.0509924653933
99.34675314041533
98.61145321847594
97.92200520516674
95.91691471682701
97.85046093253905
97.41333258718575
95.46330018513599
95.16205973749138
95.0324182935552
96.55134218162436
96.3759992609988
96.62205165709089
96.68694330319138
96.89051436091177
95.93738520557588
94.42738700493484
95.76454671767411
95.39681905724241
95.0591890520351
97.18687332683261
96.09884855681096
96.82152797319792
93.79324674871302
92.36096778896484
94.1809978576326
93.32422455043866
95.69399932102142
95.39352426956437
94.64503520727308
95.43702904817481
96.02339156855395
95.0045376557994
99.15562378860193
99.30151319437155
98.2127034726645
97.43426137733412
94.50674486888667
94.19875680142552
94.38634575193927
94.78757729466707
95.56911959302839
94.73913404619366
95.59136817503149
95.04830129069184
96.01660859196963
94.57200330673929
96.44434768042647
96.81204758221422
97.20543206496986
95.91889318877634
94.97255336290188
92.06432013784232
91.10851978121983
90.20445898548651
91.29186950620615
94.98239109783934
93.71703362442156
95.6128735285758
93.93833203069529
94.53302639075058
93.45270909479764
90.88453578725506
90.5775513710292
93.36634683102272
93.81114810776971
99.72512220684348
101.48820216305226
102.32217329438029
102.01426533987669
99.9697758565216
99.63548579538266
97.65688635501186
98.57605625695498
104.23817684310356
102.88832472483254
102.82499911689129
101.70144070944595
101.53420136099521
101.05682535733182
101.49718442579281
98.12039427350702
97.31775757746453
97.85384271831926
98.4447125397759
101.03622088351068
98.04596114628903
99.72281966224303
96.80409992252784
96.56540470444868
98.34507958752117
97.08806599067152
95.08998817956515
93.9558404821375
93.45524076157082
92.64431454677968
91.05731712287405
90.91852680142611
95.78384663477495
98.4686629853728
99.09763132114925
101.09746537692203
101.43176344497236
103.77532447835114
103.38681071398926
103.77710410730994
102.97686548080269
103.75976319565413
102.86574556796775
104.15154866076688
104.62878770670358
103.43011795085587
103.2940457228386
104.08536387391725
103.0392290777184
105.53854778587176
106.74745304641891
104.80454034458785
105.67645541718903
101.11608868026828
100.55537077280704
100.26301707834902
102.82672131526112
101.67671801983319
100.90389371059065
99.04308260784188
99.75129819139012
98.09032094237595
98.52345397276983
97.31404245013589
96.23600672973147
99.61676242891379
100.4360300383288
99.76638307262886
97.83109608612683
97.96473844660002
98.91614893765421
95.94975117920185
95.863307156756
95.81325871910596
94.82601697166791
94.90206399610534
97.80612727806788
95.97253546182081
97.9231611275887
99.49686043237865
100.36445374592444
98.91767721382251
99.51288060915006
97.03918360174778
97.35872984249488
96.2711922334871
96.69218572304302
94.95552370888383
92.39317766153422
95.54267331305631
93.86407026269939
95.70062830299487
97.66252826537274
94.52698091902646
92.635712442365
95.8279915287356
94.2767751490076
93.08919582966185
94.05974624112946
94.04619027385638
95.36996236859572
96.69888209852434
95.90026980792273
96.76623485318191
94.3989134849854
96.32647589087834
96.21999869572241
94.959925965327
93.45541203468072
92.26595278597298
91.67623114620532
91.58215155692831
90.42666148766413
88.93161680145434
86.56607028833035
88.1772315839636
86.94458165437607
88.01980241416209
86.5912166349774
89.89592670727065
94.28751465853344
94.97030024002397
94.55947887630852
93.78953008090687
91.8418645433666
91.99252500808784
90.41341817055294
88.23904084506144
88.59846712737624
90.32027656002562
91.6398648667102
91.65420034656778
92.5922161334604
92.88536283689666
91.74129016514716
91.81796548925236
91.97362163667906
91.40069002290277
89.08874026987526
88.23623574553181
90.40973096200568
90.4253557206288
89.63317777854003
89.6072631897061
88.74564044460807
94.23887731300613
94.97480713401993
98.96320067631697
98.95549698094878
97.63520063022547
97.53610145650096
99.25313250443705
98.89440564031983
98.13529025003294
99.36965951553897
99.86712336306942
99.46661362530165
98.81481478686969
97.89178513201973
96.56752626199005
96.78212304353005
94.57241054761784
94.13019014870474
95.38921170379818
95.6152404749598
97.25238785333106
98.80252515400126
97.23371163677568
96.81346930856456
95.44934223777487
93.68897749202553
91.89151517931043
92.06477043983779
92.76371446799823
96.43928060261166
95.49600107302481
99.75245983875051
99.71666995891495
98.30813655313582
100.07008590309964
101.55295052898329
100.7619359825444
98.75736811364294
98.46510371974352
99.08639871527669
100.48408645748763
99.79840304408559
98.68488647201487
98.39875682525562
95.92252319231307
95.4767436828568
93.90778934009569
94.38161217914588
94.03157820365928
94.6914066354652
93.27159289508701
95.96247957715227
98.7099421121352
99.0596485998107
100.50905279695718
99.07023302074289
98.06171762145603
94.22301326754413
95.40635437186117
93.966363317164
99.61460675393123
101.35793444597618
99.72379554228111
100.448745734826
101.1659933068761
98.31556359949415
99.73839875246021
96.61028197148731
95.59920903626464
94.28489749278953
92.90413343560041
92.70867409865005
92.92116235139267
92.80068396388239
91.39095674272222
91.84534275285012
90.76247346919665
90.10726096059129
93.85197116938396
93.20978967231821
91.92776324369702
94.62362337931066
93.94390519977048
91.56236159276978
94.3382164190689
93.29130287032778
93.32512479563276
94.33267068162864
93.46148186928663
91.47551960065627
93.45989392992661
93.46634714227338
92.05333145547695
93.65204264092843
92.69910198432433
92.48218745784061
92.28659989351341
91.98395197380005
94.747591098125
96.2759326552453
98.31385741625776
96.05074148857855
96.06329349073708
97.29740815821314
96.51349443519787
97.05477817366982
94.604094969984
95.03129968372221
96.9971332036551
96.96274138625303
98.29898007244262
99.15266755891639
98.95224489078583
97.00916586132688
98.66438608297558
98.25210689005041
98.31586357065714
97.858951202665
96.81296071848088
95.42211631983761
94.75383839046631
92.93054729313882
93.34754315814533
94.69296907694147
95.85778497167097
95.72531698873519
93.73422590339456
92.44350284033695
92.02879410611374
89.9280540962642
89.63434981307796
91.19245063874116
92.39024809971575
91.04515361638983
93.44904109595866
92.4771777904667
91.4243563260679
90.091885146522
93.5280755032832
98.33035794461551
97.54705388327504
98.44747178381097
102.77465506817916
103.94708832905003
105.76284700773296
104.3214820240811
103.41843798975947
103.6957347819439
102.93530091335435
103.48738541768076
103.78989168180611
103.27583546681103
100.12648115519043
99.62517399123902
98.99930292404107
99.20201495740193
96.82832253926496
95.71175236374923
98.18328137593392
98.10047810049014
98.92739226944948
99.4740500619262
96.83248740603254
96.72722978499533
97.14050163166056
98.61494918647712
96.25674043967338
94.83784147703527
94.18580663032479
98.1052898699445
95.98188535492845
93.9315554359794
94.85518391044526
93.96189025595899
96.10822859388668
95.26584262920356
95.53751409843755
94.95514096548953
94.0093342142157
93.6837201799947
96.07524496035495
95.63756070303107
96.54751653423068
97.0218663611166
98.1194609802444
96.29376577781628
92.9836909457995
93.7469540897288
91.41270905493641
92.0389534153492
93.44026394569076
97.27946784154034
96.69721476295169
96.6815797210775
99.72542417883538
101.63903725090658
100.80098382805745
103.02494234129449
100.6785401232184
100.44908549943561
101.11108825389046
101.49897648451709
99.90995077065344
99.71754912268995
99.68694470400386
98.9449062097846
96.64610984723
97.0177951741462
98.28731503162433
95.68906643668771
96.23142930195112
95.1652324685406
93.34480168972478
93.14625261166852
93.16843400632156
94.25587318982195
93.74594468735921
95.4940868427084
99.87869998123682
97.76319416563635
97.9168476362058
99.16364836602561
96.84538159333506
99.43991382873233
98.63621074334469
97.04069445959294
96.72455032937701
95.636431675877
95.33827793998934
98.24507686353384
97.12822359754531
95.83785695703249
97.53418885756774
95.84739372488002
95.96413212410064
94.82683294732931
93.07838771150051
92.9580907755705
91.708636671038
92.98877145293294
92.81591538069873
94.84189562998809
96.8958210891066
96.04357505636045
101.32315749290342
101.71512732024942
100.91567815364695
98.16469009075492
96.75430888370444
93.10946405671052
94.00391333420318
92.83092332175771
94.43082505563903
93.28453065700116
94.10499271088577
92.7938059711177
93.01956622316494
91.89597286579907
94.09216870968466
92.29644390552508
93.65364486218817
92.91762606822516
91.51048482581899
97.7547164562642
100.51456395861614
102.95218250570777
102.96284199400263
105.27591684815224
104.53536014473833
103.24512165948587
103.19060619636281
103.50326845796847
100.30552080042722
99.28910433283805
99.63198981844359
99.04165131551132
100.09831992028839
98.40797597596058
96.5624530091195
96.52785443740042
95.46987271254284
94.94656497290562
98.40304061284627
99.88430456764968
100.28607023265472
103.13360382696277
105.62342330081306
104.64009167722442
107.31420948102507
108.18468405868762
107.30937087561132
106.20847881543499
111.92630384807497
112.2991305217784
111.21778590406952
109.14010358769758
106.71649211568618
107.61975807134462
104.94991380094903
104.15667925853361
101.53922713134752
99.11347607128117
98.59602050381119
99.29799408165721
98.20869154041507
96.16625740407821
96.8722220046558
97.29623867032272
97.05776032262985
98.61067023061064
98.11674441228273
98.68803773470475
100.47622946723475
105.92635922511293
105.6689394555815
105.51368709711211
105.35737624030044
106.18391177812899
107.42477621770546
104.8182555537592
104.28671944713581
104.07189505075432
102.42734929281082
100.89320425127072
103.05702486063315
102.28289254563096
103.67369316355281
101.19695225348873
104.21359278424768
104.59963816315788
104.02946657438494
104.38145040017267
103.9940480983199
104.17792811239221
104.48919364257783
106.27871962902695
104.67388589508674
104.09242723278818
107.67172693996763
106.83472411237972
106.93670466078787
104.68233516672801
104.29593594433935
102.15347373433967
102.01599806051239
100.05431454999811
99.86426044588377
98.63995497934792
99.0616259615609
95.57093427344708
94.07570310551289
93.65831049868002
94.55922086919027
97.93916168769495
100.60740488870482
97.8576630503005
99.83457115196526
100.11602940049194
99.73812405919331
99.767794194601
99.61440019698499
99.23399156352947
103.07300352026068
105.96850674445564
110.052014978756
108.50260960057064
111.93858015129803
109.79141292422082
110.03161016304786
111.01291364047401
109.21614206778115
107.6148842850602
108.85818059232585
106.37922132499612
104.18984903679177
101.39769460855095
99.28448478787722
99.26127644163829
99.21859289846826
97.1348525931471
97.57649009901016
102.43648334381659
101.42187233317902
103.44299261970966
101.37417807636625
99.87470800265766
99.820260035348
100.45131213385599
99.87258928902767
100.96623272626589
102.31933182556439
101.02357058400696
102.04205743869176
99.49546988123605
101.62126516284464
101.91355903898783
102.24921167092677
100.09792600988492
98.10169256138619
99.71321806704532
97.51748805611805
95.04015669576944
91.99424850910961
95.29520155579505
97.12394419714819
101.03378013749095
99.38463476990293
98.81723310316187
99.24696449398363
99.4886210350829
100.77134148499096
101.60372255716526
101.71487640629304
104.14449453748921
105.47427185858525
102.46227101307416
100.39358270426185
100.02433687021303
98.99678385472005
97.62795269576526
96.41380156624275
95.01427211561357
93.26547248967393
94.28790833184402
91.3898548088172
94.67864178638959
93.1519865376606
91.84945422276317
92.15442036094812
93.29007315133782
95.14286187452886
93.73041533706318
97.78366926683938
97.97335193520857
99.90022652403607
100.74509484046813
100.24103805614628
101.19204412211381
101.86877896381243
99.86760296864614
99.53369675951195
99.49580054593149
99.64970796197409
102.24541048426032
100.43684817901301
99.77668759283998
99.0221596786753
97.71842215284288
102.69109047634056
101.44836811723337
99.85511877000799
101.05053093964108
100.87102515174945
100.93749338464923
101.24059938820298
101.14287129696721
98.50182996397136
98.35213228845382
96.73414805785455
95.39327895436918
97.96595352995777
99.11370743818175
98.44445366085655
97.40529430878381
99.01930773342072
100.01832474306636
100.94205733974616
101.43585181961285
103.18754145248838
101.63898534420932
107.55858176618364
107.3608748346417
105.91276850237674
103.24985690016321
102.43666605699481
102.96448685887253
101.11792946902567
100.63498067974923
103.21893213915975
105.75239137471178
107.07568485251637
107.71108420455387
106.40024626174666
108.91554051535648
107.27623438358782
108.60001789998181
104.65992388677199
102.9370163833729
102.12099688800348
103.26945115503977
100.1947368655698
100.24351019374706
100.19622177324183
98.52113912443438
97.13707793398248
96.9365193005213
96.49021319316056
96.15778920767167
95.98560603910907
96.23488072612489
95.23964971446841
94.21650450247277
95.20140920164317
96.19741100698234
95.46886740951726
96.18846506604426
97.37253035822653
98.3941120352859
98.69226960205448
100.64751665504394
102.35870086070426
102.78671488243026
103.24975556370191
103.95783040496715
103.30914825967275
99.97843348426773
101.96454041519401
99.32269119304851
98.57180009483533
99.32239418332962
100.7912709224154
102.94980867749305
104.67840382709673
104.45253236567869
107.34244282638458
110.20807835964354
113.53501152718954
112.36826836356944
111.20413056195075
114.44967509217898
114.49237366322042
114.30549124768788
113.49760448785995
111.64580859422107
110.2772522988376
109.33169860604963
110.82877932731168
110.38834696518111
112.79269744685917
108.51059502065885
108.57128342855025
106.42101571240009
105.36208682178753
105.18566020922246
107.90742201481265
103.68794348175153
102.38338140877329
105.60984737290418
106.75143186907091
110.92584973503158
118.41869739730807
117.97875916870127
116.67804207672161
121.66238335145418
122.81403347461557
116.33448042847778
115.2432024316729
112.96039277700665
111.73088782767724
111.24556345688441
109.52720699652308
111.98642603661057
110.40206865541187
107.80303810187647
106.66087626951632
104.22815114147375
105.0153291713712
104.65803572941229
103.35037727977948
105.275053535244
107.2762292745896
108.09238670813355
108.56837263594518
105.96298812621873
105.57049342356085
105.32597439183887
106.461849264347
106.11693500239663
103.86432211841137
104.00902927219605
101.97384133088464
99.89549512146905
97.85106537872308
94.82964489183986
95.36076872492767
93.08851361143456
92.32207890047167
89.84197448295524
86.94663147325028
86.37168041448506
84.78800649441511
87.55422058265766
86.99792992700245
85.39968915952608
85.98042754039867
86.17948947391245
89.62218329788169
94.14490920685617
94.55077887637239
94.5932174074804
96.93170265177615
95.60264534715051
97.38746054877733
96.96702809090326
97.13332071401729
97.15889368005027
96.19185366723663
95.65901011482134
95.73161743005585
97.91972393915941
99.2641433532028
98.90141724129494
94.88526450636456
94.2880467925945
94.94053580652299
94.24369810112617
95.53592509479658
96.44639436651325
95.96143539284783
95.22518510321491
95.4221837754638
95.38855743479496
95.70049306801721
98.31243206889644
96.45472112277335
98.99696281741761
98.32354050261901
96.59146728020792
95.19131775790457
91.98307290076262
94.50654837545213
97.58432098627057
96.32664407295472
100.67686991772015
98.31206981728457
97.16651659103648
97.06208509808886
96.25171859346686
98.00462270202141
99.38458138314412
97.28547857409633
95.86485095000096
96.25325655319246
98.26997028864689
96.9752694201982
101.14473825671561
102.94257869404359
102.89463583810775
102.63554229747152
104.02457476727162
105.84116621438626
106.38326911453207
104.54933207242354
101.94271577012059
100.04988559977777
101.76870793019606
100.57415044921426
100.67797186582611
100.82761855524143
102.23688039347276
99.4477778603789
98.48110561305353
96.54361842138442
100.46848704154233
98.99756087839243
99.33827846689698
97.78552794693609
99.57519934296964
99.0197639683113
98.8797222356942
102.59015666441076
103.49777389666944
102.66139158260567
102.31011690927346
101.61741315949739
100.1314107484375
98.47733395620689
97.36319697544864
99.84739385896013
99.38859992287324
98.2882029316219
97.33228015397034
98.45399560798339
102.47797595374827
102.80439092733394
102.78692236804916
105.66898499746021
106.46724478424458
108.71513111520511
107.20733791381708
109.74446003130744
107.20023047962785
105.84237452593798
105.13158338247236
102.51267909158148
101.37439119891093
100.01668904612188
103.17897525590377
101.67363022854362
100.08154546319298
99.40729562799669
102.22400008505699
99.31117245756825
99.92693992431099
98.97347146969125
100.80545621587378
102.78423552759318
102.5802894992162
102.93490092879469
104.21938951083565
104.68691957072569
106.291661161964
107.41434055867973
104.43329530579439
104.30305196793962
102.69215995857365
101.06720783779285
106.27078958159734
105.02308664672388
104.74022954769038
104.28799877898271
102.87626672662603
104.29753958649069
103.63143397086877
103.30541983194313
100.76386149140342
103.69296321223338
103.00209328654994
102.99503253744807
102.52559602390129
104.50945292060209
102.82297599104467
99.73631755510179
101.14037709225454
101.6838576641194
102.77187501431624
101.9779229486139
101.19133485143486
100.81071744194362
101.19276675916866
100.39838522521032
105.03450175990177
103.41621032127497
102.84370064195845
106.45317773403104
105.90315925299186
105.24700993748218
103.66730816450405
102.2319206575571
103.72203796691957
105.96966222015924
105.86018234324234
101.48203162701135
101.59863736355412
101.74472688624311
100.12574613436642
106.79759825965563
108.25932961537485
107.4293014420197
103.9206899004623
104.84439439873896
103.35366114415953
105.50050897328435
103.94578844853189
104.11931564730831
102.44512654536842
103.10455717690971
103.46529553609858
101.7636725707862
101.3563250708617
100.94438407879541
101.92962021638137
101.25450149873078
101.27436281337724
105.68156403364098
106.3421946420339
109.03055417578737
108.0188031532407
109.26232946406648
107.33374848116902
106.65856074031691
105.64669569497313
103.57333546100773
102.92205080491823
100.31623754166935
102.356225135555
103.14754954521321
104.09978756753672
103.43898371926976
105.88037439760711
104.18558713750426
105.13424340272881
103.27672672737623
102.71130442003643
100.20997866532812
100.12576648732028
98.94685036801552
98.47017462933063
97.80250124868483
100.49094214105106
99.21562481868817
98.80482594775181
101.78384878720962
102.86401655580454
105.60582078504827
104.31108708942968
105.56703864902512
101.41665042885174
100.8453355566504
99.48433816917748
100.88184698988097
99.19188585458045
99.28115775907156
96.98925371393135
100.44645591802478
102.00382906052535
101.21326910234409
104.8696926086972
106.10453181794551
105.74296596880978
105.06854298924243
100.77531201312856
101.69920155309673
99.41265757323686
101.57719975832852
102.48478990657595
100.20485264326284
102.44395173256873
105.45485969413703
102.33030890850684
100.42012300837081
99.86322699786074
99.9877879111571
99.82625237852821
101.08726834699203
99.69003387220042
99.24710811144854
95.67933439411385
97.0461244608137
96.84146264230465
95.66646885234924
94.93537185784653
96.42777735264545
94.24619089104388
97.69025169653494
97.6831464396776
100.39649300464681
98.52008703840393
96.31356179685329
95.2285758015889
95.31140736439383
95.17397804096838
94.95549855544635
93.61528875459253
93.08113998847841
92.90989594833603
92.7556274200057
94.11576804465001
93.30983240688168
97.92361093171111
98.83647895702354
95.0590838545456
91.99594476281446
91.67660863992133
91.23651648121383
90.37338296351295
90.54677048538015
93.05723294382491
92.91093338798107
93.99464182357171
93.7369949332619
93.84929921539573
94.08930336650269
93.60990724053349
92.66805758805204
95.23869226398041
96.4732854072116
95.4872472417551
95.76721852558626
93.9670002530066
96.15438300569922
99.02634964878654
99.64273457729749
100.31977776567052
97.8945904922495
99.26836837823342
99.8744388153923
102.38751814602116
103.5726064461347
102.44527455416302
102.01118734436481
101.7430051324259
98.61885752317245
97.44972892093398
96.59619877615285
96.98227383725323
95.58742064689052
95.12626046183469
92.72613809653764
92.12874131784854
91.79647301978277
90.82214160656186
92.08811977697988
93.24024568333039
93.92763212472087
94.11995982374611
93.44565584492533
96.26651219884944
96.79866566319976
96.77594172132977
97.44170754363351
100.93542359946248
105.66804216148562
106.08714489746993
102.33245944947647
101.90413744433262
100.49736549834458
98.61543892948586
98.93591539403144
100.84443017848218
101.88099879882023
99.83862830299783
105.14563145180077
102.5341179540237
105.82670834726837
108.0769697946962
108.94076321400507
106.5033337666531
104.86983435698039
105.04613266393473
103.79806524317092
102.64142020336033
104.77664191634675
106.27828606980792
105.52244424173274
105.69165573408036
106.26674965815174
107.18135811551514
105.85240471909569
106.89553994873219
105.28211087032892
104.6519061764736
103.76600281071372
106.28522911969958
107.71526049148518
105.55728222130166
102.51173996471826
101.77263000863589
100.94332941312202
99.38219311829256
98.29426262207814
97.11621115464102
98.42365964677766
100.34847817675413
100.1436587499724
99.22321892595973
99.53082135326648
100.79578306064293
101.62397271244659
100.35952725088906
100.07270460691649
97.83070721839904
97.93947376935137
97.11875574677086
99.38787083200398
100.02008263824993
99.08435469963133
97.63843599062655
97.14733101591045
95.26044833058207
94.87459306490335
95.06853508408047
95.57733355446642
92.71866248034895
94.32930606512555
94.55615338048689
93.24665961665397
95.8803808498624
93.1405014669192
94.22115089374377
95.55574997954164
97.18724164567615
97.85464905155598
97.2860067980609
100.21360968524087
99.78965487819731
100.47650184204406
99.20276299133475
99.00951982697501
98.05446521687736
95.66540295689933
99.43722317393512
99.62457085152963
99.68037672666598
98.35700516173293
97.71288062696756
97.40465098193883
96.45654098143426
97.53352485766935
100.03791705383647
98.9626129908487
99.43273524951951
96.94192749072637
97.11521676258813
95.53034817269568
93.21247755958734
94.27981417396957
92.81796491530669
92.69968303520693
94.03482048816225
96.3100169484667
93.1763772050891
95.96369013494763
97.23724206040961
98.89993488896849
97.16827838902432
96.45547732549502
97.60753415631926
97.25717601258422
94.71951670455866
92.78754287518242
93.30130838077817
92.05038428027862
91.86726942277242
91.07354328666251
92.9776493808553
91.859901456137
93.0565322101016
93.16400402257175
93.60625731569448
94.95195433953998
96.34009584216442
96.43401484481333
93.96783824616288
97.44191386138911
94.71397537914815
96.5847776237508
95.5402045679839
98.14518979570644
97.60343783313222
99.25912430501185
98.93963767235618
94.67601720003773
95.27056072247498
97.98263280449231
96.62395954728585
96.55508131551647
94.62000271082171
94.15514902770134
96.36746672784196
95.51620319627841
100.42223987990197
98.70075313468169
100.07662812937578
102.42304560678888
101.95327607618682
103.19938024582692
101.50161849768044
101.58627863083677
102.49841799663872
102.29393483933588
100.82817157835696
102.57915863676646
102.47519112245433
99.88749274622013
101.63074964607677
98.9936297609514
98.65177546683302
96.41227395633835
95.0442330371875
97.16920205757668
99.45445850008954
101.0742158498308
100.36008785192931
100.04361422344482
99.86422697846399
99.07659144266471
97.79704559839877
101.341276971159
98.98725445655478
98.83087706390043
96.53005763876553
95.7067433880314
95.65954579583564
93.16392759153581
94.68638218403207
95.20218701796101
96.33739015661534
98.91771729376067
96.51619481390098
95.67691803993536
93.0339417477347
93.84760769434443
93.46024884071629
96.8018226914838
96.93255561087899
96.93653985627877
95.7677560925442
97.41472718702612
95.68331758543503
96.61195585635743
94.36012041441752
96.15117591807353
93.59199592464536
92.12773340766219
93.02642937408723
92.30777972528209
92.96612642965408
91.45259325607223
93.32405865616401
99.31482622655183
97.80581806500804
95.7799279360248
95.1416037409672
96.95838018154298
94.66993521191976
95.13535701410318
92.81909254954832
93.76257494421907
93.14233082480241
94.95771964432447
95.48758261179638
94.11883289948916
95.9189332762084
93.68150831006898
92.37105960462284
95.23979185623487
96.16696424944986
96.23934849612242
97.36532678202333
97.91714251176305
97.43167168909443
101.88513753336977
101.52353030538056
102.67327915865776
103.60783060561307
103.48089446749844
103.7052843558433
102.0585676118668
100.10190898181963
98.02824556781539
96.95166322185004
97.84913906072686
96.13030676283242
96.61752651991587
95.66748141553924
95.25160917678258
92.8060325606746
93.47693491813754
93.851452811744
91.20034497356711
90.58520413356689
92.74353230925307
92.67532938176446
91.525752364646
94.06544041891776
94.14458811395492
95.34466376330437
93.8522970292264
94.80452282690531
96.22469672999516
98.0755272204113
96.24156460386165
96.2268134926816
95.32915880909364
95.20917841442942
98.17132569654329
98.79832075572345
96.2600534863683
95.44191067922836
93.68402537059728
93.02784411271101
91.40371372301375
92.43871679224702
90.40083438593031
92.91558453785886
91.10023906662143
91.57768931314988
91.38017026835892
91.13238693690238
90.8766730524563
94.34752574393504
91.88213592608622
94.69252382573085
97.34609227843094
98.30078159385309
96.71014771853797
95.14454161471022
93.053604883167
94.61913190364442
92.53484444227105
91.40939861426092
90.9455981426481
93.12513017874842
90.6365987957414
91.5116145399271
93.3759972876742
91.04967199488078
91.91056709993678
96.23103099646409
96.16527663610375
97.64351941825991
96.42105607405954
98.09289343109704
99.12078785681773
100.1237945790745
102.1886483942477
105.10165838808241
105.33005112046544
107.26330784523255
105.21276177316103
105.29829767362904
103.87713617603733
101.95138634683109
100.86086294214938
101.11786174478614
99.66826467913377
99.36776037600521