bufferSize:256
48
52.16057929887643
57.80728400785151
58.47238931822271
64.11361851339902
67.43667471111895
69.76447804246564
70.1539539089564
70.50903047837359
71.4914477964823
74.23383100057079
73.65260197023525
74.50534435011056
77.25305040396337
77.81131093526723
78.55360094262211
80.5152467633653
80.81334584652788
80.9709284992396
80.83614272301232
80.90703417871826
83.27016096625742
83.09959480003438
83.14157217442886
83.26017710843492
81.9380713072982
84.50097054939182
81.8658279331626
81.47302206201192
79.87190032515632
79.05330155773235
83.65439716218619
83.74099045595246
84.31554816075064
88.32254323914746
87.1549200854737
90.22246195506435
94.15791867126687
92.32484142578386
93.24621450088355
92.72705795287446
93.29092727651407
91.11873203241439
90.08941337737264
87.0480228914932
85.94847085217405
86.18385837300325
83.80269919400077
83.65508362969824
84.18368743290023
82.1653325424406
81.34892748615762
80.74393738979653
81.67737419387872
83.94850034584766
85.89745718426657
85.34081588736404
88.28298354684213
88.39133142581078
89.41278645497565
87.12768608139724
90.08645543622067
91.41629707241736
92.41437366640366
91.47220926483453
91.52771625079019
90.22733630396264
87.10640079060953
92.32243399732846
89.86466268494337
91.54200601455288
90.56169732514064
92.9512402019574
91.27778866829902
90.73558759425279
87.73142506990082
87.98079107674106
87.05585118984821
88.65252740050654
88.13228347122202
87.57740045299975
85.44909611345342
85.64505166468336
83.56204534882433
80.44366070484129
80.32651383247942
81.06061058304907
81.05906698099444
81.28150719981748
81.35497814387065
79.73332877224708
82.46882570904611
80.5270972003136
79.525407822981
81.08571412444066
83.07112666265324
80.40197284521709
82.32709637894173
81.31515952006819
83.3006184603749
83.6410377351948
88.05888523068975
86.06068302887245
84.56285136709775
83.89785902489162
84.96578297640254
86.08083478472915
86.31160924384059
83.54870858920307
81.24642099833457
80.4689820082697
85.63013122940039
86.74673273080921
91.16478627694
88.34892866735147
87.2942221693829
87.04881291183416
88.90368015230332
88.57786419591162
91.43618998968897
92.25198728034856
92.42760097576173
91.9152430387404
94.18901507380518
91.95716662959742
89.82007380009658
95.44200946505408
92.2095566988806
89.50443979514625
88.58928624767691
87.92664775995202
86.69107499979903
89.80740572906159
87.20763342250318
89.78621472425029
90.48506091114093
89.48118504126039
90.41777988583866
91.67765438110891
89.1499254803363
88.49197304288387
85.79339393000237
88.15921346765357
88.2536819646502
90.23229700972898
88.72315598817922
89.60240031426278
87.91182413049438
91.6653755225103
88.41227926616396
87.00203814647587
92.01494915473076
90.37691787693555
87.3795605395585
88.58763924977059
89.10380102509158
87.76229418855634
87.99255955340614
89.53647236556596
90.8001582207805
91.81768308417563
92.56715897126188
90.85836340876057
90.22074020619431
89.04416522784925
89.44146011504142
89.3093077214391
90.69727855896056
87.81774763867766
91.24714189518042
90.34791212359217
91.34229508375064
90.6139589248406
90.9995058287939
89.67189994768177
92.27208474264283
90.36285591442696
87.46024803304877
86.22542872472849
84.88224334309677
83.56919868172726
83.96914813413517
83.89154004261405
89.515634123316
88.31182500373669
91.50833532230766
91.83129148955447
90.75258519779173
89.41640707376254
90.26434359539847
90.06834384981948
91.37418753174093
91.56287256013816
89.04892562423117
88.94369607001106
86.78469955700405
85.92305464808956
86.46726034854946
84.83694820055861
84.19943995812298
83.91681699227536
81.74533927150198
80.7697238696986
82.33755498131964
80.67443502378892
80.73888934300045
82.07939986921262
81.82913969944293
83.53671634915816
88.5436885979125
85.34725039106554
85.18080291305662
83.59943000524939
82.18129894667955
82.59273813581845
84.19267920848199
83.28312049099787
83.82595960774788
85.10658677288517
83.69994454072933
83.15463724235931
86.90980566139903
85.86840888381995
88.30504417973454
88.29749768137067
87.33033604337506
83.67998779919881
85.1497397977271
83.48860281244907
81.90623491760317
83.14685695589552
84.74876430997026
83.37034430970971
82.20068210376665
81.18298550654512
81.28962794179246
79.29805290036822
81.30055777387099
80.6922457042428
79.77893008114064
78.68587403448082
78.37365768899747
78.51411056822836
80.31743447693148
79.6974997829112
78.98531703818931
78.10813166815853
77.85933860624777
76.9623237421245
78.58860840180064
77.74828924049831
78.58615893791703
77.0780510087398
80.18244395316425
79.59435113329725
78.21971114098211
78.79337180368356
81.39933605272763
80.54062859146302
80.92708427609564
81.02531684870253
80.81608876219259
79.50385055763012
80.2009511767308
79.02713375943425
78.26509597605148
78.27746980911135
80.0167794432475
82.69964661092246
83.43811488801421
83.48059056792486
84.8280825599207
84.40315158999576
86.40592589275595
86.43022420068381
87.74374418981705
87.41457290173635
87.25230590868624
87.10414387307253
87.17715771699982
87.42586262032727
90.9878337884875
92.05821350004759
92.07236275490068
93.11779162356925
91.95908835619812
90.86653693161203
90.34812514336194
90.81351904484902
90.49447940178239
91.66732756639503
88.9274428833814
89.96933907089033
89.67893274378352
97.12106468240023
99.82206910013751
98.10511101951428
95.33563781816295
96.2689568752473
97.81491544251564
96.95757042113367
95.5339066502086
94.42882680277644
94.70575538756898
96.17971263583613
94.1068485545827
93.00127241866583
93.59453475192643
93.36132731953906
91.76626297552612
91.62811286297314
91.55899235867817
91.15824036159964
91.69771458126473
91.34762970613093
92.0723200739738
90.04081059592637
88.02778314729133
89.68534091802123
87.42383699172746
88.19588129393168
89.81350690185744
90.5301870041614
89.25652932029777
85.78482405259314
84.3912450313004
83.27160873724169
82.52384677889512
83.26612026140434
82.13505679866898
82.84736873232109
81.26439259829984
82.19329750624637
80.33000603288731
80.60730297153721
83.6468795906246
82.96706465912675
84.0924520520116
81.63001053002763
80.58532830937808
82.31900503342973
82.27071770144089
80.5956621936432
79.95604614723767
80.87641487320869
80.7880481574802
78.90041659796218
77.79009635004213
78.20430095513676
79.39259053391032
77.38487314793146
78.52047946003769
81.23376177172851
82.09924411589841
80.25745042334435
78.29950933576976
77.14464354059447
76.68291609304657
76.2900745361495
76.65925320747311
75.51606438707367
75.51234921617932
76.65925423329124
76.469396925831
74.75137643759403
75.14741651790993
75.7365844291441
78.00425597662796
78.17787503261454
77.86311946823827
78.14742955103341
78.1952151296329
78.53871962315438
80.1988180737414
81.64812241290693
82.415677834058
83.08520581506095
83.7173676516391
83.67215185117126
83.13616734193543
84.79375958892993
84.8348242275653
85.4089526103806
85.79169276363878
88.18341004850787
88.21798839059156
86.73615997604767
86.49409414491757
86.60780488319097
84.4069845514838
84.4872478508919
84.99449786175745
83.48581093888012
82.10309062673043
81.21262441568058
80.48788372437087
80.24005411813235
80.21876959125942
86.02680457901396
84.87560448320663
85.8108895510264
86.32991337190369
86.46499634575633
89.55200376047769
87.91133308424622
85.3354088481748
83.57623984737084
82.6122093653795
83.30917535781255
84.37060209424703
84.40222255703799
84.5319565906083
85.19696875964812
87.90838164453574
87.32221273705638
87.46211022429739
88.82874646679421
89.65106848317724
90.36298218000785
89.89356195038499
90.2159101276306
90.40982265269317
92.30420287311034
91.50076881914548
90.93432638292755
91.98359284705731
94.68969789521294
94.984136041473
95.05149264757655
97.72307628722373
96.34274956070873
95.27021036031893
95.21415310303126
92.70226465133925
93.17126574365824
91.4871317310705
89.53375645020442
89.43291925661887
89.7235062061317
90.89557445760379
89.37140264116734
90.84378068099029
88.59249460199739
89.6172448796717
88.92639271875468
88.20447815832267
88.78958688599452
87.88198781637209
88.97488236777687
89.30478136891476
87.52484390792056
89.03504617675294
89.20903345198671
87.97372999762989
85.43756287925564
85.84576181763669
85.04400817569868
85.96492145676487
85.41904762136845
90.29429372863548
88.8332438338292
90.7753381988678
93.54583693908631
91.57559226823757
89.02861596255083
91.70976827509642
90.17556473632698
88.77066375893314
87.67805526212072
88.64337297694499
87.68240966822705
87.41562047226336
84.03692670792135
86.57937187505894
84.90865576432391
88.7877489286513
89.82268383912356
88.21045323388518
87.55330884245474
88.12299256222356
86.45125046385952
84.17139786164714
82.80793468966591
81.13139735443842
83.34201699655084
83.4176050165825
82.70516869099342
85.92721661389578
85.5490540481609
88.73492717304529
86.94928204624604
86.76911530452136
87.97266864249433
87.45862039311972
86.4085862416149
87.11643972779437
88.30426224586486
91.9309472977464
93.08201639224666
89.98762642261751
91.6005045922302
90.28243028582496
90.69122951541712
89.49666896370677
90.77497118808566
91.13117751816054
88.72305480920079
89.06513145163044
89.13831315887082
90.97730900373294
90.26406099841893
92.37153553490123
90.25393847473649
89.12611755107389
88.0223537590974
87.0769289219709
86.65815845753855
89.51160819706988
90.7153868272432
90.02894425939589
89.93354081666722
91.15628511146791
89.89863257175683
92.47029112020279
90.79431328582346
88.67561606331469
90.51891023149827
88.51555782291382
86.18056739513334
88.67534981244745
88.75833273402121
89.68882884170816
91.30961909010591
87.61102559721276
88.57747153339507
87.04783210411378
89.10826901543436
88.21515059504696
89.28663940541234
89.71783643570569
89.17425531369489
87.98089343324617
88.8493164248319
93.45415678341153
93.11258552939283
93.9448709317065
92.766882055375
94.04737059406186
92.69421758430114
93.70187533436724
92.10189808303981
93.27189690026513
90.85816193479307
94.2261923585653
94.33026902545976
91.93441617196059
92.08187177820382
92.37861778568045
89.91704047448023
86.75004505186465
86.21852647437102
86.8804036422
86.24957253166383
86.86480161842142
86.71986312631037
84.67728105400617
86.23370285101365
88.20327614928118
88.104910092127
86.52834505325531
85.82206194580984
83.82841563385062
82.60058497022617
87.50589370913424
86.30267968633663
84.27461670428256
85.50781512607216
83.80078174196714
84.15577845959737
84.34926669469954
81.99490141280118
80.61046559968504
83.92800186682689
85.120060365612
84.11427851746639
82.89320507240403
84.07041245313957
83.63768052961966
83.3007982575962
87.01809849185724
86.49793454669347
86.2386236612066
85.9428593751966
89.40462843967295
87.28234515567424
88.08862281725659
87.75614124214397
86.64546987270298
86.03212787898589
84.41015456380268
83.72834563539644
83.83571368742763
84.71637503455199
83.28667586523667
84.69886144327782
84.57899139563744
85.88043401973832
88.21350203483091
86.00647356291834
85.49071490985651
84.54833615571499
84.75552731346652
83.13598756455626
80.20814761306983
78.96338685730674
79.5077170930561
79.90744493210684
77.71998214314738
82.44235850738221
81.55690007633237
84.14504615743881
82.22372320889332
82.71336216947539
83.6459417192129
84.33134230894659
85.95667346866865
86.06595434714438
88.3841781318437
88.6796285022147
88.56130532060746
88.01849107572863
90.5281508037248
89.7494942955484
89.38258643300476
91.59816901158541
92.63851789404487
89.5889797444158
89.40843985618567
89.8129372064829
91.01344121701895
90.65205462016976
88.25128654443998
88.47738533403303
94.43247760961272
91.98516043637937
91.80946931425996
90.20048465956961
89.18333074021986
86.46151113965291
86.13914595236795
89.21788128490554
87.11993234988988
86.38524473005167
87.35149859115299
86.26369193941929
90.52611532231529
91.83965416729436
91.8089233054536
92.87632300672003
91.08334097861697
88.43405390509315
86.88771127977921
84.55756686983379
86.325929259392
85.58921001158598
84.60897805590949
85.08246452668263
82.80425464687933
85.25980772204457
85.99680164052673
82.67575488821711
83.89200516715516
84.65401233186093
83.36779751964843
84.79942738309671
81.89895881293147
81.2804163935664
79.65218771414278
78.3928351814703
79.32884583646168
79.77798461981321
83.74209192285072
81.11526770002952
82.23254851917977
83.50135526431178
84.59906253442024
84.62398498367308
82.43919023742717
84.47486952768308
81.77703265981596
86.27486498021203
85.88080726161276
85.59293914336621
84.92223566486149
85.85575574286504
88.00751558021787
87.23383474395757
89.0551645807285
92.32404694793759
89.66014700841642
87.89532523480104
87.38993648758043
86.80901480387533
84.48792896981763
83.00359652441692
80.26353789489777
80.04728597224353
78.7767558222459
82.4458968894785
80.71274053680321
84.58192798613973
90.76423665033748
89.54009154946617
88.73565718354233
87.97103405454578
87.91519934617168
87.60423698041058
87.47706457328067
84.42938837720861
83.84048477191924
83.03981673748657
81.67622058568193
79.74652997745132
80.3018916123397
81.44300694451569
80.53367659125163
84.68552810697363
86.70638930609934
84.30971414996736
84.88849414684513
86.23157907933403
90.66443350021345
89.07958209581484
87.90791305139874
84.57473570494757
85.31830599304877
86.4000275280868
85.44272725039161
86.6890511751728
87.09641013039459
87.48505277411684
86.08537549338845
87.25477710417739
86.40075259963844
84.04273045170126
85.54758579361123
85.86300337750862
84.16931173441924
85.67317959614263
84.25209407349074
84.57111895779923
85.87831726572809
86.01413156204569
87.7248565492147
86.01288517830422
84.89442135909373
85.51316606749252
84.2515456559419
85.53544428828258
83.07667958344575
83.14416760197447
82.68361973975671
85.46200162836631
83.6037558673997
85.76068151978481
86.55169609614498
86.50984909192279
86.78884900899754
86.41739027212182
85.05614294612388
85.46849165632968
85.1858442001625
84.38211084497388
82.83486045206429
85.57277548116049
84.21949595418633
83.4797007359516
84.29102363380147
82.86836081801702
83.77893561682598
84.2863884258336
83.64780867415028
82.88092493363146
83.40061560172796
84.31347927971302
83.38486198607457
85.15825124118636
85.24900955601062
85.53404290641024
85.81408708686365
85.61305915016747
85.90903164292031
84.09559369811124
81.45819702748928
82.37167219344025
82.99913836260797
83.081847053331
83.99183016721126
82.12753301094986
84.47095481937474
84.22652884733228
82.40576521169561
82.66572690454845
80.55334192749163
81.85348881438502
80.35056046625577
77.67806669958593
77.40245930189707
76.51856455080784
75.84593122486234
82.89741407660084
81.95469109551286
81.54964809067695
80.9026207945884
81.30682551938824
79.90660802377563
83.82030843628014
83.20347428495127
81.07011687008807
79.94212945680371
78.56232728092832
81.81105876247653
84.26106852102212
85.66412695941797
85.87892761789288
85.55530079388883
91.18489411749195
91.07983559890329
87.84807835866225
88.07516329847962
88.20331361267661
90.60707200630682
87.84661130374161
88.37234672696441
85.9656500651386
84.42594669393443
84.68194067626527
84.68865647278147
85.45643242945962
84.43560950867075
87.38787632848948
85.66781131623829
83.42689617750432
86.9773681804689
85.74267767354327
85.88078299665932
84.01657368633617
84.68555811706041
82.88067758266668
80.36821758229216
82.67885053478001
82.9762796914999
80.58919330723974
80.10426378778068
82.78824184856884
85.11188533393678
84.53618625145572
88.8117071954488
88.84810298092471
91.7874849015909
88.5875535874563
86.56657741943998
87.81527707281931
86.25357163056348
86.87471975322474
86.60514650791796
87.3954487551096
86.95315342655257
85.52091797762688
86.48187605748466
84.27984968705881
86.46320782236597
84.07202854917357
82.40379374441561
83.29107175397957
85.03417155705823
84.6794396055775
85.495416010538
84.18715739161856
82.6471688990879
83.67229188625772
81.75701537112288
81.69597837863687
81.00589373285503
79.10637282044257
76.60042473622616
77.8883552454786
78.60241587953202
80.63006333476561
78.9384995907113
82.20841312726401
82.54632597763695
84.79959140540534
89.05164721771796
87.94566645730855
89.31752956444915
87.82473702420478
88.1090456793181
86.81666627801683
86.66214312452915
88.21132860024639
87.45933754149671
86.04367019746789
86.45573633103778
84.91758657117178
85.09728367661235
82.5181623431978
85.83863787098569
84.8951873303269
85.30574942272993
85.83783689025621
84.368317256909
82.40858164917292
82.75712464527975
81.23540218708091
79.69794592037454
77.49379531382331
76.12075405748516
75.76033582895903
76.4074794019956
77.19279088201027
77.04085760049283
79.2296189777478
79.1354454265358
77.55456537586174
80.6995121736397
80.09115665453756
80.62000564064468
82.64932644721146
80.66951994974467
86.43925691958172
84.71798153768796
84.51198790614782
85.78010610901626
85.31502473185375
83.18088114734547
83.46908449014057
83.63098814471836
86.13947221341287
86.13985896567738
85.48923882661943
87.52659228402167
86.11555955205948
86.65304924747076
90.11381613033707
90.81825255495123
90.8875535032726
88.4246864139015
87.9418172294128
89.93263851595324
89.0889641252734
89.88408385633711
87.95135074955043
87.20397316059066
84.86790783131772
85.47281383924663
89.18409480345105
89.15178373786465
90.41042399975292
89.31528478535216
88.98716104903261
88.60282270863128
86.82036473839584
87.11058690367807
87.96561651621082
87.00624394865511
84.24331628733147
81.21471573303761
78.84915123503126
78.72468254379301
78.21024784322225
77.761605139017
77.16552380269441
80.93447524883894
81.47242077444096
83.60840861272713
85.06702661995688
85.84301959428957
85.57800752758544
85.16566203167329
88.05303804051186
86.07266134833593
91.26775587598489
92.35396301321744
91.54493172075182
91.96764975215225
90.99792618947833
93.97551474984239
93.75212958622579
93.38031222235769
92.55374369527027
89.19443529349161
88.37838750313902
87.9064122270726
86.56549959429776
89.75504091794659
89.00745535508422
86.63069483169967
85.11851672750534
84.43590638115303
84.70826174435385
87.49758343864738
86.83024868030591
88.03445957187682
88.2188908053763
90.29589921300129
90.53471432150876
88.87257329432687
88.11915751402246
87.52709049527773
86.56435285046754
85.23517125419383
88.58735018676074
87.87879009912449
89.37476785389124
87.0566183414434
85.50153407545125
85.35858994087206
86.5143117364792
86.39497568029492
84.49890560166364
83.95047166660012
85.18403623737133
85.11609104706767
86.83666042298304
86.77718258900019
85.79128613763329
84.56306292218905
83.87324193775427
83.66598692150542
82.54012410614287
81.85357745230138
83.04381336461886
85.33744046963395
83.27829091928035
88.96001663524666
85.57074717214034
86.828482572951
87.38427407098015
88.15678076946966
90.74766542536224
88.22743880883223
87.40571718067655
89.31958201250843
86.96831550430917
83.91950119526692
85.86975562175104
83.86284740209257
82.43763011909269
87.17876451433682
86.09537492611508
84.65984385154219
86.11916572772788
84.40030390697305
90.26887109836751
90.19865941721898
88.60334239116767
89.68387078508809
90.24729119499462
88.08165889441322
87.75782770912966
85.99143594488643
84.75299706021516
82.27196163423166
79.78588171254464
81.14755652526482
80.24930071087398
82.6131478491859
83.99696056271311
83.02338371021337
81.75164371209362
83.18646286594429
83.4560271024623
81.00042997030361
79.96943695420681
79.79933094065657
79.79127501346935
78.69016871148587
82.32754584564333
81.94254570664823
80.39337484661236
81.50869101038133
82.56049654996885
79.79196332588043
80.64321442923591
83.3536634238467
81.09287445819984
84.19068751950076
88.4473103988031
88.28411099461836
87.89581462478037
88.21392473553333
87.74715284477058
88.78441308512042
88.48882805504255
87.92034472290518
88.68106875247636
88.0433590368999
86.03466377267826
85.50847657477412
84.16111210897095
84.52142219733533
84.4148882839732
81.17451377892296
80.72919904718268
80.43053919606376
80.47175031902842
77.4914715704472
76.71652022628881
74.78416577118578
74.18672197338952
74.65419507802663
75.76774522609723
74.13296972005541
79.25780656252381
79.67128781604791
77.39301466046335
77.68102059372244
77.22682574152144
75.858663735322
73.58027859758269
77.42574919178101
78.11244121871353
76.3635340790664
77.64777765178502
77.6112698520432
81.25460577195656
80.14039478571914
79.37368858727046
80.57039332096305
81.36929825762547
84.37556549013027
82.05063018888856
81.92671654709295
82.76247118144892
81.59509024154508
85.90254386208177
83.42506900933509
80.44164552317564
80.99175829080204
78.84216773597707
77.36717288453364
76.29878768506792
76.66858778968898
75.99228536399362
76.76495654620116
77.69775968550236
80.897452456189
80.90859478860442
79.17605060963571
77.1705967813193
79.17176004018394
79.02569275397715
79.6211221578296
78.71165775026716
82.1274517013191
80.78671404114509
80.74267563299773
81.97794432186545
82.66900193896505
80.89832254458203
79.04196196300504
79.82441675765787
82.57587596933296
81.30009035578294
87.02804352251083
84.89677542980685
82.82486744022924
80.61570469929325
81.79381402312035
85.73807043169299
85.05692593469973
84.02412945571291
86.76041545856232
90.366588269026
89.3975070788134
91.28842843156379
92.91451365005119
94.50530029676992
91.74407126846627
89.89240311994544
88.10533551554474
88.09841975475092
86.50231830381048
90.56868926153986
88.15776110770021
85.06773264535873
82.87657143704514
82.63508795752034
80.10533978175711
81.24871246854929
81.89352488077866
81.33842966069071
81.8978475305011
80.03899393617033
80.52889922389278
81.7308821394805
81.94649378530784
82.9396537876552
83.90692189243937
84.69585282704318
84.29259147112543
86.34868516772836
85.93862275511052
85.89408742217493
83.02453969579622
82.59228212200013
81.94928305601141
86.62216389809058
86.42154023812027
84.80742462234517
83.59841889487247
83.72361528537972
83.58665579427469
83.54249454884074
83.98413653678885
83.02593837110727
84.08551723331573
85.02646147887008
82.22036297561931
83.44580113066318
82.53985280441073
81.77627034415595
83.8798110587469
84.4742981868227
83.2666661586752
81.97171576889234
86.17441109930147
86.74711519017659
86.60176124678381
85.78891832392219
83.18296823512564
84.21427684887745
83.4081543495447
80.75542126689668
79.8091539099119
80.98579637260511
81.60590411013705
81.47772223437252
79.56594075213262
80.4132066178824
82.72664221607727
84.29575351133445
82.504526281823
84.89549185568461
83.92126695552072
84.59448451566499
86.52894962656403
84.5928942538884
81.93652862661138
80.79767559774157
81.12299491642682
82.64191213979254
85.14849013613275
83.97565434319954
84.65359602259088
87.96504015117671
84.63087064317575
86.56297572929869
84.59735688789974
83.99296849716244
85.89450014864732
83.17001648409813
80.94613689786614
80.09895483421086
80.4365822633267
78.27671793027557
78.6735770301311
76.69039728404091
75.56483858240338
78.29057669459105
78.39370451047962
79.25485958719577
81.41626834571112
81.66127767724349
80.84537728166272
79.37228752092092
77.90452163665205
76.47571815241751
76.08374472193321
74.81850682221031
74.91755255062452
78.29031725208088
78.07387438599474
76.67625750122286
75.97685003195078
73.9288187024761
79.92527598805778
79.67738985223603
80.5751882694296
81.26996934817019
81.08126414227695
81.10086044469602
80.51331126085475
79.84850406101312
81.6503168240889
82.54974596318225
80.7467788365984
80.78056575298392
82.27712118107125
82.13440765850554
81.24464483661176
83.25760802921633
84.87197554508339
83.41838003432503
86.7043191060226
85.64285019758694
85.36975663875248
89.82340879124797
90.45490264574555
89.86468111914935
92.33593320725905
91.43393223379631
90.85975480687817
87.54075430738531
89.41445543556058
87.1740174670751
85.53557484625476
85.21650507606323
84.16858717760323
82.35825560569786
80.4887489613234
78.11086063230638
80.4703368265505
82.18513260872625
83.08861021862336
83.02105683167954
83.14323702882963
83.53461784261667
84.16468342231698
86.8816419828668
84.83262046413736
84.66183692789382
82.17103604779821
80.8955013577856
79.9947090469297
80.27563002836447
81.37233330703933
81.08912537821098
79.4858260731132
80.08679233762052
82.57159066812584
86.46446419266505
84.8683649485079
83.76408189603431
85.19791788387457
87.7693050687679
87.98622326002899
89.57696263172382
90.20139514704853
88.65949826886524
86.84085755336088
88.19190802790104
86.21431722459413
86.01367092343834
87.68820380933428
87.57907439534189
87.15431578420119
85.3772398036657
85.8205028900273
85.90480806587716
84.35214803705466
89.52195200213436
87.76585270758694
87.67531654536661
89.76082370867651
86.22830683074235
88.77147202955865
87.21329450891567
83.65468977266691
80.81117594978765
81.66159141183273
84.40626565996135
83.26038262503556
85.1771326169325
83.1092347567026
82.97511488508572
83.58594244484257
83.10434418044358
84.97875383717857
87.55082972806683
88.7900686559436
89.93396385144464
90.86346714748996
87.24523938132577
86.03389648518896
85.86856615480465
86.6866760991148
85.80854010107944
85.75884237851449
86.05144412451567
85.07732200280627
85.93584323906016
85.39723065324176
84.4542840436222
84.06517210031866
82.3354499134452
91.43564670610243
90.77262806572371
88.95867796417623
89.7416531097155
88.32218364249961
89.77283111461598
89.76361105983607
90.7389313734128
89.47385519251985
94.30224407578251
92.12623757965017
92.23074215164198
92.27435218021998
92.56002044134779
92.67257942787403
91.1913768018771
91.77683585904003
90.85729592144742
91.58357427314233
93.40635106500879
92.57502570480482
92.5577768689266
91.08129914381162
88.85578666374501
90.3682626828364
90.3915619638902
89.27705232546695
87.88443490614813
87.66792760889277
86.94810127655876
89.0544612736385
86.93112255058291
87.6659490651286
86.82992212176225
85.13604332560199
84.20489029573643
86.26951274388186
86.50191768939067
87.37565963231556
87.15502864512437
84.47644677766387
86.66752318832991
88.44982424397303
86.81892835946222
86.4937707557464
94.0062254871567
91.97925148505254
89.39283674633359
89.92916333906388
87.75155049764115
86.50747638386756
87.91294240226583
85.16063708432527
83.75895057245603
87.23382164184358
87.50089029853662
85.11993889933815
86.35418323861833
85.09145291731473
83.57294843990609
81.43476841534344
81.95425023495383
83.63097043373038
86.02432739663277
84.16487093286915
84.00346657237712
86.06199723283935
83.69322224088569
86.74562980226243
86.94228569788301
85.67929694005744
84.8260288472768
87.76700398855789
86.34449998089038
84.08162932918384
85.03163374499096
84.68870684724916
83.57335446818068
87.13457931171206
85.09151617042158
83.96463766233096
85.19787204230403
84.56490120589689
84.97798473749354
86.30857695513745
84.63377098754343
88.138937190348
86.5621775911085
85.85249530907446
88.05146385810775
87.31241112976201
87.16334642267144
86.81981404691179
86.03680697721525
85.79084961526691
83.52895184503204
83.5616580403492
85.98292759915138
84.55437650512101
90.61584262104782
87.60219131791872
86.48801899278882
87.55220558716944
89.83769528438874
91.19716755577446
89.70875926214369
89.1520301045517
87.18848026481314
84.19484210501491
86.0913765820602
85.88317702197793
85.49565144666768
85.00265171977208
86.09557352014518
84.10008764896575
87.8172268711225
86.46497345241038
90.84471046087947
88.80929107005826
89.48289410682992
93.3782475655011
93.85383087165201
93.40055475464426
90.49881223104626
90.7235008091609
93.90682916410584
93.76377053523727
92.27223265077653
94.00195204767361
97.01373918791288
94.17026917826539
90.80877503331543
91.21601531061918
91.87324332735075
91.52084762546976
91.29434392126099
94.76775177936725
93.07045736969333
91.63733744673056
90.50630468410677
93.74609687992448
91.18354893253394
87.80530753516265
86.3841990983584
87.35897640368545
87.47793101678265
85.95995071770072
86.0050529475986
83.8780906170422
83.43881569200015
89.76531683282755
87.72150088048708
87.17553696690547
86.55803841056272
87.63375356903548
87.49784526879769
88.38094451177737
88.09257435989119
85.75720838913414
84.80983480715726
86.70228040069038
88.88561052459322
86.96046468511022
87.57589332385162
86.23845774615228
85.53479938033007
82.82566036859957
82.0594806107158
81.55325807711498
87.9130085512468
87.34564119916028
89.00977854812407
87.93056048293705
85.20563591995497
82.64740292316627
81.94405686058988
81.04720543697628
83.94317607968289
82.32504941457135
81.70975035409076
81.80378288887697
82.54384020311058
83.98472195400225
85.56472193485183
84.56893869110667
84.47541209642205
83.98155905505412
83.85919508000904
82.34337927626703
83.26056847354454
82.4445186487994
82.60804575418815
83.80470873356604
82.25821344931461
83.73841657103092
85.54657708426835
85.29356909783145
87.10261477982698
86.58404375655468
84.98401352625345
84.451288034692
82.97868166521643
84.10795609590937
89.01910869195622
87.97023724630169
91.18640426576296
88.74002981794237
89.28934384670646
90.88675215408054
89.09013188356043
87.05395421495149
89.49975583432698
89.24611177081529
86.78873220372155
87.75306644090003
86.64880950193857
84.64294927491973
85.87493980293888
83.46597521302171
84.33371735943085
82.37084119512457
82.49501260789623
83.19576215858223
82.72661663992733
80.61040937326324
79.45251157932557
78.44460652034554
80.60320764430541
82.4873250609752
81.63543054015658
83.92738165276779
85.74599592726891
85.02046537243673
83.96130178230877
82.80610440281335
85.99363693110003
88.28768334548059
90.42889518187276
92.9276271717618
91.34009079315041
96.44279904949092
96.16727874666906
94.57225725396711
92.67471788855426
91.63612256615126
90.56754405032208
92.06214555978026
91.68198544807903
92.5331262084449
90.16644998960506
87.62419071052015
88.73999066682411
89.67487690952926
87.90127998160567
88.10159964013533
87.23787620565804
85.34153302888201
83.16660585116182
84.60619953495657
83.96866795936214
83.89293515723526
84.91798274145933
86.35662365580129
86.13567726153208
88.1555100549713
88.33549138581155
86.53153125853834
84.97740897226713
84.1350956473423
82.51544513631556
81.5493435768225
79.67395696867565
81.19875672088867
82.78979073799125
83.34592508360977
86.19676047946776
87.96996953741164
86.36355074795355
87.34483947695462
88.29151927375669
86.42404444574433
85.11873697808065
82.42216935214468
82.4165187688932
81.16964304265301
82.55991409179565
82.01107345414289
79.92871163976503
83.01674028967605
82.10290162098342
82.10425229757602
82.1810421992953
80.56395726294096
77.83245331242307
78.28515213562072
79.83313490801278
81.91106761303709
80.95176036362595
81.62087844974965
80.46641908610884
79.95416007831516
79.43957638350592
80.54232021161928
80.28476059295153
80.20893320510432
79.49983920912895
82.40230116222516
81.84580959584586
83.02017413853426
86.11841148311449
82.77929196952765
82.20535508176661
82.11220763945742
82.17062317823145
85.66508111861717
84.24221966462379
83.68574651583158
84.18210418915888
88.62757337688569
87.94569833975822
87.39410341131767
86.97338106041542
86.73275933888863
86.49334397065878
85.78523828642624
90.49536790798355
91.50881893796138
90.2170036394185
93.9488108188033
90.35983428153473
93.55904573713921
94.2089541376258
92.56235306939878
90.68213482020857
91.0529956540408
93.69027278883696
89.39218984581643
88.67873130173702
88.17272082089713
89.18491437240732
89.39516260101718
89.13893545956131
89.22291859988783
89.16580311665084
91.55577040945875
91.33790552786127
90.20067014609286
93.61976086733394
91.50462120701499
94.97042194403907
93.200122013939
92.06637876391227
92.89236778078985
89.82396389856662
91.44420547928978
91.47445552105525
90.31932265365802
87.50205455214191
85.48226551944006
86.33486767880198
86.92796636862221
87.97563467264604
84.42308792298039
82.67672855751981
83.63498616768818
84.19843688320358
84.12537729629207
84.46477704816115
82.98994903089394
82.43424609404919
82.9871680018472
81.81704593540785
82.87678991346215
81.41793041345294
81.01132705330095
80.0725406696678
81.20184671525544
82.51615595656209
81.5681631730279
84.219089217527
82.49581048063835
81.14953884923918
82.12599936644504
84.57569992947172
83.675327454141
84.88641664669828
85.24617436301547
89.43608245893556
87.40653106159036
85.67150527222772
84.4584283145898
84.60206510124151
83.43521874935912
82.05972089614221
85.86589812146642
86.30939107155726
84.60973054523181
86.56855025518125
84.37824043683143
81.78371065144738
85.26017520210206
83.86576392738141
84.09194108813155
85.38004017613359
89.74616271332508
90.2737008593681
92.37523111175054
90.62388885346502
89.65251769376533
86.35195488340413
87.24960027601634
84.31434286338053
83.56874236177852
82.16463888207748
85.7790567143209
84.5294617370867
83.77308514704221
82.2741911838115
81.29943135479375
79.83333809453593
79.77644063287305
79.35856255304492
80.81013759000132
78.92341012032038
81.42021544465099
81.59527381925963
80.6399460280027
80.68211658789856
82.49061047867842
83.24006264210166
84.15027498265559
83.56178892664204
82.17840649419661
79.91999969872234
79.0866523923458
83.93072221242697
84.35949367152219
83.73488200536498
87.41329689947504
86.61744972743922
85.89985882298122
86.64848664237614
84.91540434525128
83.71325979683512
84.41530578374591
85.26918175543945
84.25760735349498
81.83980910472647
83.5395756565503
83.43060946420918
84.71085587952025
84.91569336855459
84.32768405019429
83.2924649348518
83.1664479119995
83.0685881615336
83.66815987662619
88.68180303377753
87.59359625339796
85.67746574516455
84.19561247009432
86.07515243698101
88.48682297180108
85.95372553082173
86.93696201132666
86.00189606560076
86.10461727680594
84.42066355805521
86.73502663346972
86.86251213162399
85.51293578484837
86.26478526546275
83.57193275490472
82.21962768498281
82.38105602943457
84.57876255071706
82.91634495105707
81.84535714956597
80.87626111295565
81.14834183535402
81.44911100807091
82.22673666743745
79.16917251361122
81.1949897328743
81.0599968388702
79.31052865223832
80.41043968118947
87.98102542911197
84.79508334121667
83.98981496155845
83.92528114373141
82.29609801386776
81.33991057632855
81.14877175107202
79.16579284009961
78.27991473645652
76.63020722552915
75.19244645871561
74.31528356359262
78.02615407829983
76.97429391907083
78.39712386050505
76.75673412901321
75.9086681191074
75.51711377594799
76.77229437637196
78.75665366155607
80.81599833370191
79.93656710873903
78.9307514706136
79.07766520359648
82.34073415314458
82.01962850819906
82.22748206034012
81.33072380947131
79.60410709508265
78.73153864236207
77.4209644014522
76.06037413212445
79.88848727120143
79.07976398204923
78.64005057481093
81.47435910192635
79.50088801449765
78.3610155141208
80.72245900469662
81.1006099518852
81.51056263217133
82.82139199612298
80.22742998852517
79.06481544753761
79.15104882087323
78.14698830476279
75.66790934009656
75.66776098971516
75.20375339960296
77.61357942025833
79.62035007339855
80.03077059112903
79.73895435664896
83.00055019496071
84.40169648087343
86.7777652468745
85.51129386397879
85.08779527512219
84.10979315489315
81.78620842453657
83.94833107011823
82.34369589046901
81.83713087535295
84.42522981746306
84.36297009632302
83.84079630779078
82.68210782293193
81.79673400593845
82.03189980132815
83.11808985653981
85.1234516062491
84.39103366315757
88.34855703534546
89.08353029204612
86.53074057509173
90.38012239967567
87.41688373601667
84.93007766670985
84.3245168551313
83.48405515971704
84.06155721055731
83.97241846842621
82.51913674402593
81.92842060580978
80.41832299448268
81.04512463880481
83.43054277399958
82.1210222886328
82.3562672159475
87.29399598188772
85.74798959468926
88.51378914834814
90.67343680519991
88.94879801886046
87.72594050412819
88.85162596376507
85.92567158242748
84.20443750264234
85.3509167708576
82.09049468930023
80.21915104098207
83.92273216085472
83.46343042042402
81.88494053430121
82.36533663050388
82.6771207723252
82.6978396478393
80.56726039698628
83.97420522949086
85.06652486532136
83.51871968892023
81.49786096708856
86.36365867904159
84.53735087773633
83.47543070061907
83.41240713989873
81.61214885933057
81.78877387382565
81.38802703724588
82.59713843288671
82.4353737685376
84.58373735765132
87.18579008688599
88.62676978470394
89.9745586046583
87.66263245475118
84.95886531580678
87.6334267193032
85.25327868577796
83.23675362298867
83.39203053091475
86.54634784392077
84.69756255398958
81.99677251165141
82.33647590185699
81.07878736664495
83.61719414000333
82.81604851483813
81.0485016543787
80.34536670768432
83.11629533158008
82.79257562812377
82.2616058477288
82.6957168782615
81.63892794284847
79.84809527171664
80.35970849503957
82.60608760377428
81.16225496999057
79.90677114335894
80.92474347742426
84.7105898440913
82.64114484181648
82.2255023712145
79.89445532348495
81.48458835207995
81.49942172831977
79.7791828882607
78.41862161065372
79.12273025153793
77.02819309695181
79.89714614378573
80.52815286037706
82.44675495939573
84.39734117899607
86.60230366915931
87.54092296393553
84.61488078355721
85.86324695733695
85.96799068728542
86.38088067826405
86.25527026848677
85.34148288483229
83.2799366922164
81.70899667053841
82.26929033011423
82.98972976432985
82.85710167139625
81.87312763222982
85.22231369828515
88.98225308145666
90.7929503012928
88.13279809716768
91.58481916785168
89.06426711203603
87.44057768844088
87.20430091986934
86.25844113271792
84.59086346923485
83.6724674040571
84.53972605662545
87.83209439437952
85.62127981189671
86.99753307236683
89.00930282684465
87.6805501924318
87.2743356099262
86.02019867050865
84.83157628385992
84.06084930366664
89.01828206309567
88.02249937536912
87.2545485944925
84.84182232319372
86.06674144130679
84.3913274627721
83.22881680355754
85.10248571373766
85.05364048954449
83.37011535815897
82.67073846272903
86.165062660104
85.84782652434727
84.8011575686352
86.16667833919126
88.07408112236189
85.83353583390914
84.83942996206626
85.24318591010287
86.12486424656316
86.63811728186842
85.31653343363841
83.94608335348119
85.14005898026356
84.64474964946065
85.80410409783033
85.62627238093033
86.89274512563208
86.14109422581394
85.89887661980836
86.44383712607228
86.22777166881642
85.7661557518374
89.04561878737637
88.74940494403617
88.29130932262647
88.3748445864318
87.18114630144773
90.46936705750413
89.50824018241714
88.00719753524558
87.03120677791115
83.6684122544753
82.37384824041274
83.85503868177986
83.86488635202798
83.67631196400689
82.52619440088868
84.12460758225254
80.72275924286471
80.01986775125582
82.85853589022251
85.3775353351372
83.5328088754368
85.22294342196261
88.26919734413194
86.972705014603
85.87948677538002
85.39247796313147
83.15571792385829
86.773120089608
85.42082239444703
84.00150903930628
83.52757499907618
82.32546822758765
83.06329641390164
83.9564527548283
84.73417042355725
84.58434891072058
83.87243977790257
90.53509775250154
89.48938236138959
85.5303121361005
82.85416401245381
82.48454634398362
83.40486675801509
83.3218639680305
80.60253823243181
79.04390983929483
77.97377451901853
77.32923061293683
76.05749746267966
78.20174784749044
76.91998500485461
77.68821099560385
77.11472456384101
76.14621576755648
79.48880882141201
83.41055882132835
83.2883336575049
81.92977422893127
81.63231986316408
79.9971042663644
85.00419496788389
84.00278067503625
83.87382212177508
82.86704113336404
86.92827648561264
86.31245538643279
85.51772095523508
87.08266869139175
85.88440615853261
85.78024834663042
87.77316497474945
85.56451659862108
85.01394491633246
89.15760028892319
88.43469168852191
87.12761816113881
88.95301690561938
86.3746573179463
86.72325648872534
87.95196907999446
88.27645401839014
86.38900830254995
86.3248571182766
87.9378644011598
85.83630766379261
85.24444749066073
85.22055522385685
86.60353593557551
87.06160737333998
85.19208992735015
83.38586653706926
81.14817348948138
79.94346102474813
78.86375148202596
80.38153236232534
87.15244077336156
89.80627028419886
89.71979113828495
89.5916825810328
88.75415135927356
87.81233281613686
90.2055088323864
88.2831678138101
89.52538845615467
89.12374994053013
87.95203478035394
86.40578058765158
85.69056548110174
91.3105302707584
89.42828010964433
89.36245745242206
89.93457406342695
86.7276427256984
84.63890667958138
82.41265860047072
86.52490034273683
84.56290038695
83.21525487978032
82.91336900764007
81.5645332566473
82.39115874207002
79.69779971459857
80.1333792278682
82.51103211199468
82.67168614549223
84.48831442652123
89.11552264015151
86.81574707286522
85.61048822598976
84.82158576046054
89.94224325212441
89.5558868609467
90.69215825526247
89.6978818918185
85.89004608552135
85.07503634673493
83.80919203932318
83.31366375506168
80.36031349982713
80.7098146112388
83.89328487830905
82.41202379480036
82.29786882647007
86.88208724602354
87.17947966552718
85.7803085293297
89.69220197302363
89.36631638829621
89.29464285067179
86.95412217093907
89.34315719816023
88.72660030379613
88.4904278279207
85.7870751001999
88.2970673005801
84.7540270714077
83.32957266274099
84.15541047615528
86.2164257141902
86.32518265067927
86.55520645846138
83.33385199619877
84.9721622173062
83.18189880173674
81.73415099810413
78.84334641728546
78.16676298486847
77.15683649586754
76.72726920094149
76.51925944621127
74.73210665594031
77.57119279133214
76.3391528816016
74.06342909532405
74.12808897281802
74.13812580986364
75.42890501962678
78.71905548812124
82.69811667395798
81.53619129538127
80.40703048325044
80.95979764180844
80.87597120943799
78.78884611232753
76.87033956846409
78.08999781348656
80.66161193038877
80.01565769633004
78.59131192714248
79.07820688579706
78.9447698081688
78.35493700114199
81.1797882755504
80.87023814379666
80.8619028325261
84.5832925106012
83.34277122709318
83.40175687232679
81.38440686172487
79.05069057251127
80.50462074929173
81.2703779231578
81.35658450804556
79.87317636305464
80.32079051519968
79.96483796371
83.5096200540528
82.882118582056
82.74529128245682
81.1949355620812
81.11477605187001
79.7573232233026
81.78036978111962
83.90789873252677
81.82580360055891
80.97446629128264
84.62638526179424
83.32626249155713
83.00291224742432
82.28721523395535
81.86837362194078
80.33608661827063
80.41111347112694
80.55727157866232
81.86020766712582
83.04932305268143
82.75229228079448
80.78665235650163
81.7129603342764
81.92286345724553
79.6238596659839
80.37717115912754
78.08847841369423
77.29734727162942
75.38109374432872
75.4861123899941
76.99870766936813
75.90657077719463
75.5302791639067
76.75333602782317
76.8158454511053
75.40237294723597
74.79928856922194
77.09916863674873
80.52680963736888
78.39302296309047
80.67781989972343
81.90301326152793
80.54158740528713
79.99670352211821
78.57400276756937
78.53841986206622
79.06331245546056
81.73702255042612
79.87124861287396
82.18813879984577
82.90433072307323
81.29208896995073
80.89749990714007
81.71472728333563
82.31486582371048
80.44569065614043
78.08217606210822
77.86858462834454
75.33605529149648
74.38499162341931
74.46760260881373
73.7217129129392
73.03695309992138
72.7148083464246
74.10599601812832
77.41405845480685
75.27890786669388
74.40778208528965
73.96711461904749
72.77307610303608
72.03406376938243
72.51701255264567
72.98916006054301
73.01455614432447
73.29177983003203
72.49434875601885
70.5692379279384
71.76191291478816
71.37659534049133
70.74339321055335
71.5932803167027
72.07673087406363
70.72335212963044
69.4145019017778
70.61935990920544
72.33700348424325
72.19711855516466
71.5672765761231
69.8606860798644
71.72767859893767
69.98907848774229
71.52245623977514
71.25263387735816
71.17032063650444
73.48758287853639
77.04859081289388
78.60888036616106
78.92730037807452
79.53249737877225
79.24566729336162
77.48939178610858
77.35086173708261
80.60212893227538
79.45276349437839
78.90201703770983
83.83331764049427
82.36340835835365
82.5794923742537
80.77201252712322
84.9018627133665
87.28158410975685
86.1251810316628
84.5801628349934
85.40583131312009
85.75474831883353
83.8453781139741
83.4711632598291
80.9055910535678
80.74115041959611
79.63526958723
77.6487489873352
75.07602816967893
79.63693729101497
81.23633318385576
78.80850893165496
80.6635599932145
78.28781106281087
79.88108005689604
79.73720479432377
78.97401281085328
78.0427125748253
76.17587618313827
76.55027785185396
74.35460448090954
74.75402650503108
77.70374748941279
78.8113637713656
77.36606363465148
77.03798315498199
79.1529223261368
79.79389285793555
78.24610534765431
79.53610987878218
77.91860315986645
76.06722313231815
77.22907922626734
76.07105430556193
76.2573809975758
75.17904750635377
77.28886246389315
76.23704058733753
75.21149741813211
73.55815578679749
72.03475965981647
71.91011464100734
72.04114388396748
72.4873753573307
72.55325803081426
72.04148999171002
75.97030351684315
76.54198981317711
76.7748890419302
82.58589746526756
86.18247067236776
84.9561006032092
82.81860921934086
88.98009860400796
91.74377413248969
89.58457267378625
93.19619125638314
92.82368847586392
92.22898692500813
89.53384786344931
89.69228073270037
88.5758935695459
85.88821622882442
84.8400615636408
83.95729214464866
84.21619416454341
83.42328010180626
84.5219901878424
84.06574977649545
86.60514403312061
86.05773329016685
86.97893827863136
85.15490195326285
85.8252935115678
88.30292664437138
87.24428634573378
87.2970375602936
87.41867915386183
85.5408482830923
88.06365648910187
94.40511855461048
93.18068372097574
93.15858133532127
92.06329418522309
89.41359014369151
91.95524527422855
94.84144959314457
94.3573922608445
90.8925264940707
90.84063979812156
93.42550865209475
91.4827753894054
89.68224217394169
88.38401157082396
88.24133616714072
91.3945044810739
89.14821544714871
90.26719609093396
86.97743090560824
86.89299682060047
85.68505648790199
84.52765644913137
83.28816902024488
81.69156576116251
80.13658682755728
79.94250251451248
80.57266303539585
84.06430634490064
80.58888321022384
83.53737494808566
84.73254771909538
82.90528858285084
84.83369328307988
84.33918095543065
83.3572296653403
81.14787052657736
80.56859387273269
80.87927908830991
84.31036254796614
90.86070242965783
91.90381981925538
89.83850228658255
91.08186504764643
90.46992860081389
89.90213569251878
87.6726382535651
85.86621653077444
91.88280178192205
90.30454427455402
88.40025968755162
85.4949410991671
83.59230195036005
83.5049283357382
87.64671808821764
89.85453332383435
88.25687675669052
86.80400458394931
87.40835354033642
87.05157752981602
84.38046402466122
82.5102288288164
79.34830976225011
77.6481732361001
77.96103222664308
77.96793765102917
77.0547175502259
79.20996802765721
80.54913080197068
84.48409207169023
81.91153413474152
84.60717693498512
84.14340223573429
83.96831956612489
81.6729530961182
80.41056469022048
83.7265822824298
84.78568146855042
82.8649137784345
82.54180631146548
82.2725104118049
82.2317582841863
82.12718525908562
81.80202966814362
79.86734581739817
79.8899682849287
80.07996184226374
78.15873475224767
76.03748399601966
76.02945738084274
76.73069165571152
75.67831842749278
73.69279957220634
80.93103275488102
80.55514647489419
78.42748424395312
82.19279288151718
81.00734676592471
77.88902939920548
77.09019574625829
79.14201281418686
78.75999807023263
79.23659919103574
78.61727427375078
76.80650620547527
81.15836889816914
81.01155418936835
80.36547658938316
81.44903162046116
80.41506798058315
79.65180805831723
81.77477285109288
80.93451590064359
79.8954118244401
86.81798025355229
86.31453340392059
85.48822997256218
86.36531277622488
87.29128020320285
86.15091953567465
84.57982868797356
86.20495672367309
84.46516205039435
88.03003069122778
88.23672190294779
85.78627141805799
89.24866838860572
88.33968658492802
88.33314242018278
87.15769236608324
84.11608902174935
84.23059615512639
87.92560123244549
87.40055915186832
85.35113970483934
85.40230262960965
87.9536060439058
87.45866990063742
84.63064611630577
84.89938775514082
85.99226393402127
84.4873304684999
83.53661634554464
85.03461674813978
84.376079661018
84.03904285560095
84.16105858629585
81.52013359105287
79.35294010274433
79.20219044578242
79.40087484563773
78.3671926572584
77.70266656045102
76.87825486624524
75.99481926194184
79.46042585389233
81.74897385632158
80.73655567267319
82.55567791502156
81.808858508173
81.0091597240194
80.09334393330278
78.83226840739485
77.25634680781545
78.89020579472552
79.5310271802422
80.76900447191754
81.41458403768338
80.66874913034158
79.23433729888912
77.93596159188458
81.10532227060314
86.04748727382771
85.40004802601418
84.27965773413801
84.98147413846334
85.0556310154503
83.58384347232182
81.6356190495367
85.87769659399551
84.84223196067492
84.55388061817473
84.48953261276617
84.03356835101148
82.39884152222854
86.58563401936917
84.9331685820914
82.01608717161845
82.4362973709599
82.95437431540711
83.15607870729285
81.61811899212967
82.26392574593086
81.76465373526331
81.66757366205813
79.13544321741988
80.13008936805821
83.11100069077925
81.10621191859627
78.79540888539732
83.59711035105806
86.75260134650387
85.31872752791496
84.70584950647306
83.94109715162959
83.63619473266746
84.73384395026467
83.18341874914898
81.37449596459908
81.49084790819273
85.53430013731203
85.44269129138016
84.53906947716165
84.99006486555659
84.48844934388683
81.77534425939007
79.52210842381807
79.47362004340249
85.96579611095633
90.62226940003745
88.91390015610884
85.80172338627624
83.62077024181667
82.571858126538
81.20352667313733
82.14944279322417
85.3147479805242
85.99322108001016
84.02548728527609
83.82947081654117
88.83296938931612
91.40531234299465
91.47253677322162
88.09353256409078
90.71348423623847
90.4082100984186
88.54305913582685
90.45145108472717
92.44126633877435
90.58963761624415
89.48233936522053
89.436287198751
87.22316092084962
85.41548198156164
86.33392697581235
85.84718218229607
82.9468858987794
80.7415693693759
82.53094146841579
82.01239831518005
79.84145977285294
79.89908917166042
81.40165613576121
84.6891851942758
84.31290105087835
84.22186737041082
88.01785917920483
87.28455394026635
88.29111141007233
87.85640850968515
85.35716364821099
90.28775761571536
91.16989326115115
87.64096063318999
86.91418906387422
87.32620303631077
92.76158859007845
93.71406780610124
89.352844892581
86.61426167887272
87.6425990700831
89.3316752414567
89.32208992944469
87.84801923436207
86.60668618531464
90.46456572850005
86.92043675098627
84.19649298794604
81.99814849851708
82.21665818448237
82.45034324567715
80.82142393534954
78.66274098042521
77.9431706732039
76.69668391533607
75.35922251068976
74.06700843550762
75.92146270891368
79.53473843758432
79.46090232202262
79.34607419687592
82.12228195230688
80.61254401454337
79.15878629395556
78.01494073433328
77.1966114163118
77.17813963851597
74.64962489907485
75.3014034567605
75.41641082024334
76.81440988642588
76.83558968752922
75.20396453035514
78.02299095872078
78.26722883893929
78.51397578662629
76.36589274056755
74.56362632703218
76.0071320818747
77.36411559988906
82.9788221060955
80.336489711124
79.37118037109717
79.86773519739185
80.1992371170113
80.05846140278315
81.01203301740189
79.70370469288775
78.86184959439008
77.77281639470557
79.56699008923125
83.21225539428197
83.76171682962435
83.43020951819396
83.8968838789999
87.6099716936771
86.19376844746836
84.16627811721851
85.80319452949391
83.7090030986101
84.49630474137473
83.91691394239128
86.5245098690925
87.21191144883136
89.7652845793969
90.13989006591306
89.83923116213634
89.51954989070633
92.83238244861766
89.64217293275982
88.05920702954464
86.91918563260653
84.6790295003958
84.2617513315031
83.96822213519978
82.53408624136193
79.92111884233405
85.17588789216936
89.02070518145109
87.32022551181953
89.31338636041576
89.10581752268725
86.42846913325192
85.91705826484346
84.5867595882339
84.52845162092264
88.60238919377817
89.79284222640165
89.52247740222049
86.38028109068154
86.41139142985452
86.39470862729354
85.20148705105329
82.45852853535564
80.95000542169214
79.58960648072602
81.13868300106482
84.0713220059739
83.80455238619071
83.35053661845227
82.42521049116264
83.85050698322021
83.51497922346351
82.21484914856477
81.40644078267124
83.23229834380122
84.10348018418992
83.80812068014276
82.16900387438034
82.78500372822255
82.21130257507427
81.26185251528375
82.22394065074073
84.47749420087432
84.239454183413
83.2845192709231
81.42277669939847
81.48211854276423
83.66510399317782
84.4430691246532
82.11134429224707
80.65763062310145
80.23420166572768
83.36902259978334
84.4174693907177
83.32668835266328
86.90189659494257
83.6705740053921
83.66383905477198
82.94484509613697
80.43962269516443
81.72470710699375
83.82407182013044
83.39791728677666
81.62959952528242
83.75732464901634
80.67005425961663
80.38157027395776
81.08155581526634
86.16040064461909
86.61602653606435
86.23983235024637
88.45785389957267
86.72299544644179
86.0775047581128
90.4463786401399
89.80615413675031
87.79644632197409
85.53972231271761
86.79572636669178
86.3772792844905
84.15439399885378
88.8580524360063
88.48840566091994
86.57575824656229
84.88121176797847
85.58607245769852
85.6810928680551
87.56593461602576
88.47329540847629
85.51611918260058
85.38468910444773
83.51793918411813
84.78355035747009
83.23585694807777
80.7106391658045
82.19862133123345
81.94460202691249
83.41283903308425
82.64372947108146
80.40542300259096
78.33266544549865
78.95399383524354
81.65452717893862
79.74528643628166
79.43240534523892
82.48388209751883
84.9961199631053
82.83202677547852
83.76800437355135
84.69979822505228
83.55998104431094
81.97637559724576
81.50649678895667
81.55009054116056
81.13008332229778
84.82354368420184
83.10698197244582
82.82276515027911
85.5829995733316
86.47659025063429
84.95892733932278
83.89264420230658
83.71581813741896
87.00719062634451
87.86514660628937
88.05007865988127
86.76634987711256
88.0961774688974
91.07009773324901
93.69185032003216
90.78903943175698
88.42621476817386
85.5139162320703
83.83717972780646
86.49531541669694
83.39012888133983
80.2637753713584
79.0990117561941
76.88390407878515
75.7796172213705
76.66782714275715
74.56209416916627
73.50794811114541
73.16322157770759